c
c Generated WCNF file
c
p wcnf 781 3784 83768
83768 40 0
83768 -41 1 0
83768 -41 2 0
83768 41 -1 -2 0
83768 -42 1 0
83768 -42 3 0
83768 42 -1 -3 0
83768 -43 1 0
83768 -43 4 0
83768 43 -1 -4 0
83768 -44 1 0
83768 -44 5 0
83768 44 -1 -5 0
83768 -45 1 0
83768 -45 6 0
83768 45 -1 -6 0
83768 -46 1 0
83768 -46 7 0
83768 46 -1 -7 0
83768 -47 1 0
83768 -47 8 0
83768 47 -1 -8 0
83768 -48 1 0
83768 -48 9 0
83768 48 -1 -9 0
83768 -49 1 0
83768 -49 10 0
83768 49 -1 -10 0
83768 -50 1 0
83768 -50 11 0
83768 50 -1 -11 0
83768 -51 1 0
83768 -51 12 0
83768 51 -1 -12 0
83768 -52 1 0
83768 -52 13 0
83768 52 -1 -13 0
83768 -53 1 0
83768 -53 14 0
83768 53 -1 -14 0
83768 -54 1 0
83768 -54 15 0
83768 54 -1 -15 0
83768 -55 1 0
83768 -55 16 0
83768 55 -1 -16 0
83768 -56 1 0
83768 -56 17 0
83768 56 -1 -17 0
83768 -57 1 0
83768 -57 18 0
83768 57 -1 -18 0
83768 -58 1 0
83768 -58 19 0
83768 58 -1 -19 0
83768 -59 1 0
83768 -59 20 0
83768 59 -1 -20 0
83768 -60 1 0
83768 -60 21 0
83768 60 -1 -21 0
83768 -61 1 0
83768 -61 22 0
83768 61 -1 -22 0
83768 -62 1 0
83768 -62 23 0
83768 62 -1 -23 0
83768 -63 1 0
83768 -63 24 0
83768 63 -1 -24 0
83768 -64 1 0
83768 -64 25 0
83768 64 -1 -25 0
83768 -65 1 0
83768 -65 26 0
83768 65 -1 -26 0
83768 -66 1 0
83768 -66 27 0
83768 66 -1 -27 0
83768 -67 1 0
83768 -67 28 0
83768 67 -1 -28 0
83768 -68 1 0
83768 -68 29 0
83768 68 -1 -29 0
83768 -69 1 0
83768 -69 30 0
83768 69 -1 -30 0
83768 -70 1 0
83768 -70 31 0
83768 70 -1 -31 0
83768 -71 1 0
83768 -71 32 0
83768 71 -1 -32 0
83768 -72 1 0
83768 -72 33 0
83768 72 -1 -33 0
83768 -73 1 0
83768 -73 34 0
83768 73 -1 -34 0
83768 -74 1 0
83768 -74 35 0
83768 74 -1 -35 0
83768 -75 1 0
83768 -75 36 0
83768 75 -1 -36 0
83768 -76 1 0
83768 -76 37 0
83768 76 -1 -37 0
83768 -77 1 0
83768 -77 38 0
83768 77 -1 -38 0
83768 -78 1 0
83768 -78 39 0
83768 78 -1 -39 0
83768 -79 2 0
83768 -79 3 0
83768 79 -2 -3 0
83768 -80 2 0
83768 -80 4 0
83768 80 -2 -4 0
83768 -81 2 0
83768 -81 5 0
83768 81 -2 -5 0
83768 -82 2 0
83768 -82 6 0
83768 82 -2 -6 0
83768 -83 2 0
83768 -83 7 0
83768 83 -2 -7 0
83768 -84 2 0
83768 -84 8 0
83768 84 -2 -8 0
83768 -85 2 0
83768 -85 9 0
83768 85 -2 -9 0
83768 -86 2 0
83768 -86 10 0
83768 86 -2 -10 0
83768 -87 2 0
83768 -87 11 0
83768 87 -2 -11 0
83768 -88 2 0
83768 -88 12 0
83768 88 -2 -12 0
83768 -89 2 0
83768 -89 13 0
83768 89 -2 -13 0
83768 -90 2 0
83768 -90 14 0
83768 90 -2 -14 0
83768 -91 2 0
83768 -91 15 0
83768 91 -2 -15 0
83768 -92 2 0
83768 -92 16 0
83768 92 -2 -16 0
83768 -93 2 0
83768 -93 17 0
83768 93 -2 -17 0
83768 -94 2 0
83768 -94 18 0
83768 94 -2 -18 0
83768 -95 2 0
83768 -95 19 0
83768 95 -2 -19 0
83768 -96 2 0
83768 -96 20 0
83768 96 -2 -20 0
83768 -97 2 0
83768 -97 21 0
83768 97 -2 -21 0
83768 -98 2 0
83768 -98 22 0
83768 98 -2 -22 0
83768 -99 2 0
83768 -99 23 0
83768 99 -2 -23 0
83768 -100 2 0
83768 -100 24 0
83768 100 -2 -24 0
83768 -101 2 0
83768 -101 25 0
83768 101 -2 -25 0
83768 -102 2 0
83768 -102 26 0
83768 102 -2 -26 0
83768 -103 2 0
83768 -103 27 0
83768 103 -2 -27 0
83768 -104 2 0
83768 -104 28 0
83768 104 -2 -28 0
83768 -105 2 0
83768 -105 29 0
83768 105 -2 -29 0
83768 -106 2 0
83768 -106 30 0
83768 106 -2 -30 0
83768 -107 2 0
83768 -107 31 0
83768 107 -2 -31 0
83768 -108 2 0
83768 -108 32 0
83768 108 -2 -32 0
83768 -109 2 0
83768 -109 33 0
83768 109 -2 -33 0
83768 -110 2 0
83768 -110 34 0
83768 110 -2 -34 0
83768 -111 2 0
83768 -111 35 0
83768 111 -2 -35 0
83768 -112 2 0
83768 -112 36 0
83768 112 -2 -36 0
83768 -113 2 0
83768 -113 37 0
83768 113 -2 -37 0
83768 -114 2 0
83768 -114 38 0
83768 114 -2 -38 0
83768 -115 2 0
83768 -115 39 0
83768 115 -2 -39 0
83768 -116 3 0
83768 -116 4 0
83768 116 -3 -4 0
83768 -117 3 0
83768 -117 5 0
83768 117 -3 -5 0
83768 -118 3 0
83768 -118 6 0
83768 118 -3 -6 0
83768 -119 3 0
83768 -119 7 0
83768 119 -3 -7 0
83768 -120 3 0
83768 -120 8 0
83768 120 -3 -8 0
83768 -121 3 0
83768 -121 9 0
83768 121 -3 -9 0
83768 -122 3 0
83768 -122 10 0
83768 122 -3 -10 0
83768 -123 3 0
83768 -123 11 0
83768 123 -3 -11 0
83768 -124 3 0
83768 -124 12 0
83768 124 -3 -12 0
83768 -125 3 0
83768 -125 13 0
83768 125 -3 -13 0
83768 -126 3 0
83768 -126 14 0
83768 126 -3 -14 0
83768 -127 3 0
83768 -127 15 0
83768 127 -3 -15 0
83768 -128 3 0
83768 -128 16 0
83768 128 -3 -16 0
83768 -129 3 0
83768 -129 17 0
83768 129 -3 -17 0
83768 -130 3 0
83768 -130 18 0
83768 130 -3 -18 0
83768 -131 3 0
83768 -131 19 0
83768 131 -3 -19 0
83768 -132 3 0
83768 -132 20 0
83768 132 -3 -20 0
83768 -133 3 0
83768 -133 21 0
83768 133 -3 -21 0
83768 -134 3 0
83768 -134 22 0
83768 134 -3 -22 0
83768 -135 3 0
83768 -135 23 0
83768 135 -3 -23 0
83768 -136 3 0
83768 -136 24 0
83768 136 -3 -24 0
83768 -137 3 0
83768 -137 25 0
83768 137 -3 -25 0
83768 -138 3 0
83768 -138 26 0
83768 138 -3 -26 0
83768 -139 3 0
83768 -139 27 0
83768 139 -3 -27 0
83768 -140 3 0
83768 -140 28 0
83768 140 -3 -28 0
83768 -141 3 0
83768 -141 29 0
83768 141 -3 -29 0
83768 -142 3 0
83768 -142 30 0
83768 142 -3 -30 0
83768 -143 3 0
83768 -143 31 0
83768 143 -3 -31 0
83768 -144 3 0
83768 -144 32 0
83768 144 -3 -32 0
83768 -145 3 0
83768 -145 33 0
83768 145 -3 -33 0
83768 -146 3 0
83768 -146 34 0
83768 146 -3 -34 0
83768 -147 3 0
83768 -147 35 0
83768 147 -3 -35 0
83768 -148 3 0
83768 -148 36 0
83768 148 -3 -36 0
83768 -149 3 0
83768 -149 37 0
83768 149 -3 -37 0
83768 -150 3 0
83768 -150 38 0
83768 150 -3 -38 0
83768 -151 3 0
83768 -151 39 0
83768 151 -3 -39 0
83768 -152 4 0
83768 -152 5 0
83768 152 -4 -5 0
83768 -153 4 0
83768 -153 6 0
83768 153 -4 -6 0
83768 -154 4 0
83768 -154 7 0
83768 154 -4 -7 0
83768 -155 4 0
83768 -155 8 0
83768 155 -4 -8 0
83768 -156 4 0
83768 -156 9 0
83768 156 -4 -9 0
83768 -157 4 0
83768 -157 10 0
83768 157 -4 -10 0
83768 -158 4 0
83768 -158 11 0
83768 158 -4 -11 0
83768 -159 4 0
83768 -159 12 0
83768 159 -4 -12 0
83768 -160 4 0
83768 -160 13 0
83768 160 -4 -13 0
83768 -161 4 0
83768 -161 14 0
83768 161 -4 -14 0
83768 -162 4 0
83768 -162 15 0
83768 162 -4 -15 0
83768 -163 4 0
83768 -163 16 0
83768 163 -4 -16 0
83768 -164 4 0
83768 -164 17 0
83768 164 -4 -17 0
83768 -165 4 0
83768 -165 18 0
83768 165 -4 -18 0
83768 -166 4 0
83768 -166 19 0
83768 166 -4 -19 0
83768 -167 4 0
83768 -167 20 0
83768 167 -4 -20 0
83768 -168 4 0
83768 -168 21 0
83768 168 -4 -21 0
83768 -169 4 0
83768 -169 22 0
83768 169 -4 -22 0
83768 -170 4 0
83768 -170 23 0
83768 170 -4 -23 0
83768 -171 4 0
83768 -171 24 0
83768 171 -4 -24 0
83768 -172 4 0
83768 -172 25 0
83768 172 -4 -25 0
83768 -173 4 0
83768 -173 26 0
83768 173 -4 -26 0
83768 -174 4 0
83768 -174 27 0
83768 174 -4 -27 0
83768 -175 4 0
83768 -175 28 0
83768 175 -4 -28 0
83768 -176 4 0
83768 -176 29 0
83768 176 -4 -29 0
83768 -177 4 0
83768 -177 30 0
83768 177 -4 -30 0
83768 -178 4 0
83768 -178 31 0
83768 178 -4 -31 0
83768 -179 4 0
83768 -179 32 0
83768 179 -4 -32 0
83768 -180 4 0
83768 -180 33 0
83768 180 -4 -33 0
83768 -181 4 0
83768 -181 34 0
83768 181 -4 -34 0
83768 -182 4 0
83768 -182 35 0
83768 182 -4 -35 0
83768 -183 4 0
83768 -183 36 0
83768 183 -4 -36 0
83768 -184 4 0
83768 -184 37 0
83768 184 -4 -37 0
83768 -185 4 0
83768 -185 38 0
83768 185 -4 -38 0
83768 -186 4 0
83768 -186 39 0
83768 186 -4 -39 0
83768 -187 5 0
83768 -187 6 0
83768 187 -5 -6 0
83768 -188 5 0
83768 -188 7 0
83768 188 -5 -7 0
83768 -189 5 0
83768 -189 8 0
83768 189 -5 -8 0
83768 -190 5 0
83768 -190 9 0
83768 190 -5 -9 0
83768 -191 5 0
83768 -191 10 0
83768 191 -5 -10 0
83768 -192 5 0
83768 -192 11 0
83768 192 -5 -11 0
83768 -193 5 0
83768 -193 12 0
83768 193 -5 -12 0
83768 -194 5 0
83768 -194 13 0
83768 194 -5 -13 0
83768 -195 5 0
83768 -195 14 0
83768 195 -5 -14 0
83768 -196 5 0
83768 -196 15 0
83768 196 -5 -15 0
83768 -197 5 0
83768 -197 16 0
83768 197 -5 -16 0
83768 -198 5 0
83768 -198 17 0
83768 198 -5 -17 0
83768 -199 5 0
83768 -199 18 0
83768 199 -5 -18 0
83768 -200 5 0
83768 -200 19 0
83768 200 -5 -19 0
83768 -201 5 0
83768 -201 20 0
83768 201 -5 -20 0
83768 -202 5 0
83768 -202 21 0
83768 202 -5 -21 0
83768 -203 5 0
83768 -203 22 0
83768 203 -5 -22 0
83768 -204 5 0
83768 -204 23 0
83768 204 -5 -23 0
83768 -205 5 0
83768 -205 24 0
83768 205 -5 -24 0
83768 -206 5 0
83768 -206 25 0
83768 206 -5 -25 0
83768 -207 5 0
83768 -207 26 0
83768 207 -5 -26 0
83768 -208 5 0
83768 -208 27 0
83768 208 -5 -27 0
83768 -209 5 0
83768 -209 28 0
83768 209 -5 -28 0
83768 -210 5 0
83768 -210 29 0
83768 210 -5 -29 0
83768 -211 5 0
83768 -211 30 0
83768 211 -5 -30 0
83768 -212 5 0
83768 -212 31 0
83768 212 -5 -31 0
83768 -213 5 0
83768 -213 32 0
83768 213 -5 -32 0
83768 -214 5 0
83768 -214 33 0
83768 214 -5 -33 0
83768 -215 5 0
83768 -215 34 0
83768 215 -5 -34 0
83768 -216 5 0
83768 -216 35 0
83768 216 -5 -35 0
83768 -217 5 0
83768 -217 36 0
83768 217 -5 -36 0
83768 -218 5 0
83768 -218 37 0
83768 218 -5 -37 0
83768 -219 5 0
83768 -219 38 0
83768 219 -5 -38 0
83768 -220 5 0
83768 -220 39 0
83768 220 -5 -39 0
83768 -221 6 0
83768 -221 7 0
83768 221 -6 -7 0
83768 -222 6 0
83768 -222 8 0
83768 222 -6 -8 0
83768 -223 6 0
83768 -223 9 0
83768 223 -6 -9 0
83768 -224 6 0
83768 -224 10 0
83768 224 -6 -10 0
83768 -225 6 0
83768 -225 11 0
83768 225 -6 -11 0
83768 -226 6 0
83768 -226 12 0
83768 226 -6 -12 0
83768 -227 6 0
83768 -227 13 0
83768 227 -6 -13 0
83768 -228 6 0
83768 -228 14 0
83768 228 -6 -14 0
83768 -229 6 0
83768 -229 15 0
83768 229 -6 -15 0
83768 -230 6 0
83768 -230 16 0
83768 230 -6 -16 0
83768 -231 6 0
83768 -231 17 0
83768 231 -6 -17 0
83768 -232 6 0
83768 -232 18 0
83768 232 -6 -18 0
83768 -233 6 0
83768 -233 19 0
83768 233 -6 -19 0
83768 -234 6 0
83768 -234 20 0
83768 234 -6 -20 0
83768 -235 6 0
83768 -235 21 0
83768 235 -6 -21 0
83768 -236 6 0
83768 -236 22 0
83768 236 -6 -22 0
83768 -237 6 0
83768 -237 23 0
83768 237 -6 -23 0
83768 -238 6 0
83768 -238 24 0
83768 238 -6 -24 0
83768 -239 6 0
83768 -239 25 0
83768 239 -6 -25 0
83768 -240 6 0
83768 -240 26 0
83768 240 -6 -26 0
83768 -241 6 0
83768 -241 27 0
83768 241 -6 -27 0
83768 -242 6 0
83768 -242 28 0
83768 242 -6 -28 0
83768 -243 6 0
83768 -243 29 0
83768 243 -6 -29 0
83768 -244 6 0
83768 -244 30 0
83768 244 -6 -30 0
83768 -245 6 0
83768 -245 31 0
83768 245 -6 -31 0
83768 -246 6 0
83768 -246 32 0
83768 246 -6 -32 0
83768 -247 6 0
83768 -247 33 0
83768 247 -6 -33 0
83768 -248 6 0
83768 -248 34 0
83768 248 -6 -34 0
83768 -249 6 0
83768 -249 35 0
83768 249 -6 -35 0
83768 -250 6 0
83768 -250 36 0
83768 250 -6 -36 0
83768 -251 6 0
83768 -251 37 0
83768 251 -6 -37 0
83768 -252 6 0
83768 -252 38 0
83768 252 -6 -38 0
83768 -253 6 0
83768 -253 39 0
83768 253 -6 -39 0
83768 -254 7 0
83768 -254 8 0
83768 254 -7 -8 0
83768 -255 7 0
83768 -255 9 0
83768 255 -7 -9 0
83768 -256 7 0
83768 -256 10 0
83768 256 -7 -10 0
83768 -257 7 0
83768 -257 11 0
83768 257 -7 -11 0
83768 -258 7 0
83768 -258 12 0
83768 258 -7 -12 0
83768 -259 7 0
83768 -259 13 0
83768 259 -7 -13 0
83768 -260 7 0
83768 -260 14 0
83768 260 -7 -14 0
83768 -261 7 0
83768 -261 15 0
83768 261 -7 -15 0
83768 -262 7 0
83768 -262 16 0
83768 262 -7 -16 0
83768 -263 7 0
83768 -263 17 0
83768 263 -7 -17 0
83768 -264 7 0
83768 -264 18 0
83768 264 -7 -18 0
83768 -265 7 0
83768 -265 19 0
83768 265 -7 -19 0
83768 -266 7 0
83768 -266 20 0
83768 266 -7 -20 0
83768 -267 7 0
83768 -267 21 0
83768 267 -7 -21 0
83768 -268 7 0
83768 -268 22 0
83768 268 -7 -22 0
83768 -269 7 0
83768 -269 23 0
83768 269 -7 -23 0
83768 -270 7 0
83768 -270 24 0
83768 270 -7 -24 0
83768 -271 7 0
83768 -271 25 0
83768 271 -7 -25 0
83768 -272 7 0
83768 -272 26 0
83768 272 -7 -26 0
83768 -273 7 0
83768 -273 27 0
83768 273 -7 -27 0
83768 -274 7 0
83768 -274 28 0
83768 274 -7 -28 0
83768 -275 7 0
83768 -275 29 0
83768 275 -7 -29 0
83768 -276 7 0
83768 -276 30 0
83768 276 -7 -30 0
83768 -277 7 0
83768 -277 31 0
83768 277 -7 -31 0
83768 -278 7 0
83768 -278 32 0
83768 278 -7 -32 0
83768 -279 7 0
83768 -279 33 0
83768 279 -7 -33 0
83768 -280 7 0
83768 -280 34 0
83768 280 -7 -34 0
83768 -281 7 0
83768 -281 35 0
83768 281 -7 -35 0
83768 -282 7 0
83768 -282 36 0
83768 282 -7 -36 0
83768 -283 7 0
83768 -283 37 0
83768 283 -7 -37 0
83768 -284 7 0
83768 -284 38 0
83768 284 -7 -38 0
83768 -285 7 0
83768 -285 39 0
83768 285 -7 -39 0
83768 -286 8 0
83768 -286 9 0
83768 286 -8 -9 0
83768 -287 8 0
83768 -287 10 0
83768 287 -8 -10 0
83768 -288 8 0
83768 -288 11 0
83768 288 -8 -11 0
83768 -289 8 0
83768 -289 12 0
83768 289 -8 -12 0
83768 -290 8 0
83768 -290 13 0
83768 290 -8 -13 0
83768 -291 8 0
83768 -291 14 0
83768 291 -8 -14 0
83768 -292 8 0
83768 -292 15 0
83768 292 -8 -15 0
83768 -293 8 0
83768 -293 16 0
83768 293 -8 -16 0
83768 -294 8 0
83768 -294 17 0
83768 294 -8 -17 0
83768 -295 8 0
83768 -295 18 0
83768 295 -8 -18 0
83768 -296 8 0
83768 -296 19 0
83768 296 -8 -19 0
83768 -297 8 0
83768 -297 20 0
83768 297 -8 -20 0
83768 -298 8 0
83768 -298 21 0
83768 298 -8 -21 0
83768 -299 8 0
83768 -299 22 0
83768 299 -8 -22 0
83768 -300 8 0
83768 -300 23 0
83768 300 -8 -23 0
83768 -301 8 0
83768 -301 24 0
83768 301 -8 -24 0
83768 -302 8 0
83768 -302 25 0
83768 302 -8 -25 0
83768 -303 8 0
83768 -303 26 0
83768 303 -8 -26 0
83768 -304 8 0
83768 -304 27 0
83768 304 -8 -27 0
83768 -305 8 0
83768 -305 28 0
83768 305 -8 -28 0
83768 -306 8 0
83768 -306 29 0
83768 306 -8 -29 0
83768 -307 8 0
83768 -307 30 0
83768 307 -8 -30 0
83768 -308 8 0
83768 -308 31 0
83768 308 -8 -31 0
83768 -309 8 0
83768 -309 32 0
83768 309 -8 -32 0
83768 -310 8 0
83768 -310 33 0
83768 310 -8 -33 0
83768 -311 8 0
83768 -311 34 0
83768 311 -8 -34 0
83768 -312 8 0
83768 -312 35 0
83768 312 -8 -35 0
83768 -313 8 0
83768 -313 36 0
83768 313 -8 -36 0
83768 -314 8 0
83768 -314 37 0
83768 314 -8 -37 0
83768 -315 8 0
83768 -315 38 0
83768 315 -8 -38 0
83768 -316 8 0
83768 -316 39 0
83768 316 -8 -39 0
83768 -317 9 0
83768 -317 10 0
83768 317 -9 -10 0
83768 -318 9 0
83768 -318 11 0
83768 318 -9 -11 0
83768 -319 9 0
83768 -319 12 0
83768 319 -9 -12 0
83768 -320 9 0
83768 -320 13 0
83768 320 -9 -13 0
83768 -321 9 0
83768 -321 14 0
83768 321 -9 -14 0
83768 -322 9 0
83768 -322 15 0
83768 322 -9 -15 0
83768 -323 9 0
83768 -323 16 0
83768 323 -9 -16 0
83768 -324 9 0
83768 -324 17 0
83768 324 -9 -17 0
83768 -325 9 0
83768 -325 18 0
83768 325 -9 -18 0
83768 -326 9 0
83768 -326 19 0
83768 326 -9 -19 0
83768 -327 9 0
83768 -327 20 0
83768 327 -9 -20 0
83768 -328 9 0
83768 -328 21 0
83768 328 -9 -21 0
83768 -329 9 0
83768 -329 22 0
83768 329 -9 -22 0
83768 -330 9 0
83768 -330 23 0
83768 330 -9 -23 0
83768 -331 9 0
83768 -331 24 0
83768 331 -9 -24 0
83768 -332 9 0
83768 -332 25 0
83768 332 -9 -25 0
83768 -333 9 0
83768 -333 26 0
83768 333 -9 -26 0
83768 -334 9 0
83768 -334 27 0
83768 334 -9 -27 0
83768 -335 9 0
83768 -335 28 0
83768 335 -9 -28 0
83768 -336 9 0
83768 -336 29 0
83768 336 -9 -29 0
83768 -337 9 0
83768 -337 30 0
83768 337 -9 -30 0
83768 -338 9 0
83768 -338 31 0
83768 338 -9 -31 0
83768 -339 9 0
83768 -339 32 0
83768 339 -9 -32 0
83768 -340 9 0
83768 -340 33 0
83768 340 -9 -33 0
83768 -341 9 0
83768 -341 34 0
83768 341 -9 -34 0
83768 -342 9 0
83768 -342 35 0
83768 342 -9 -35 0
83768 -343 9 0
83768 -343 36 0
83768 343 -9 -36 0
83768 -344 9 0
83768 -344 37 0
83768 344 -9 -37 0
83768 -345 9 0
83768 -345 38 0
83768 345 -9 -38 0
83768 -346 9 0
83768 -346 39 0
83768 346 -9 -39 0
83768 -347 10 0
83768 -347 11 0
83768 347 -10 -11 0
83768 -348 10 0
83768 -348 12 0
83768 348 -10 -12 0
83768 -349 10 0
83768 -349 13 0
83768 349 -10 -13 0
83768 -350 10 0
83768 -350 14 0
83768 350 -10 -14 0
83768 -351 10 0
83768 -351 15 0
83768 351 -10 -15 0
83768 -352 10 0
83768 -352 16 0
83768 352 -10 -16 0
83768 -353 10 0
83768 -353 17 0
83768 353 -10 -17 0
83768 -354 10 0
83768 -354 18 0
83768 354 -10 -18 0
83768 -355 10 0
83768 -355 19 0
83768 355 -10 -19 0
83768 -356 10 0
83768 -356 20 0
83768 356 -10 -20 0
83768 -357 10 0
83768 -357 21 0
83768 357 -10 -21 0
83768 -358 10 0
83768 -358 22 0
83768 358 -10 -22 0
83768 -359 10 0
83768 -359 23 0
83768 359 -10 -23 0
83768 -360 10 0
83768 -360 24 0
83768 360 -10 -24 0
83768 -361 10 0
83768 -361 25 0
83768 361 -10 -25 0
83768 -362 10 0
83768 -362 26 0
83768 362 -10 -26 0
83768 -363 10 0
83768 -363 27 0
83768 363 -10 -27 0
83768 -364 10 0
83768 -364 28 0
83768 364 -10 -28 0
83768 -365 10 0
83768 -365 29 0
83768 365 -10 -29 0
83768 -366 10 0
83768 -366 30 0
83768 366 -10 -30 0
83768 -367 10 0
83768 -367 31 0
83768 367 -10 -31 0
83768 -368 10 0
83768 -368 32 0
83768 368 -10 -32 0
83768 -369 10 0
83768 -369 33 0
83768 369 -10 -33 0
83768 -370 10 0
83768 -370 34 0
83768 370 -10 -34 0
83768 -371 10 0
83768 -371 35 0
83768 371 -10 -35 0
83768 -372 10 0
83768 -372 36 0
83768 372 -10 -36 0
83768 -373 10 0
83768 -373 37 0
83768 373 -10 -37 0
83768 -374 10 0
83768 -374 38 0
83768 374 -10 -38 0
83768 -375 10 0
83768 -375 39 0
83768 375 -10 -39 0
83768 -376 11 0
83768 -376 12 0
83768 376 -11 -12 0
83768 -377 11 0
83768 -377 13 0
83768 377 -11 -13 0
83768 -378 11 0
83768 -378 14 0
83768 378 -11 -14 0
83768 -379 11 0
83768 -379 15 0
83768 379 -11 -15 0
83768 -380 11 0
83768 -380 16 0
83768 380 -11 -16 0
83768 -381 11 0
83768 -381 17 0
83768 381 -11 -17 0
83768 -382 11 0
83768 -382 18 0
83768 382 -11 -18 0
83768 -383 11 0
83768 -383 19 0
83768 383 -11 -19 0
83768 -384 11 0
83768 -384 20 0
83768 384 -11 -20 0
83768 -385 11 0
83768 -385 21 0
83768 385 -11 -21 0
83768 -386 11 0
83768 -386 22 0
83768 386 -11 -22 0
83768 -387 11 0
83768 -387 23 0
83768 387 -11 -23 0
83768 -388 11 0
83768 -388 24 0
83768 388 -11 -24 0
83768 -389 11 0
83768 -389 25 0
83768 389 -11 -25 0
83768 -390 11 0
83768 -390 26 0
83768 390 -11 -26 0
83768 -391 11 0
83768 -391 27 0
83768 391 -11 -27 0
83768 -392 11 0
83768 -392 28 0
83768 392 -11 -28 0
83768 -393 11 0
83768 -393 29 0
83768 393 -11 -29 0
83768 -394 11 0
83768 -394 30 0
83768 394 -11 -30 0
83768 -395 11 0
83768 -395 31 0
83768 395 -11 -31 0
83768 -396 11 0
83768 -396 32 0
83768 396 -11 -32 0
83768 -397 11 0
83768 -397 33 0
83768 397 -11 -33 0
83768 -398 11 0
83768 -398 34 0
83768 398 -11 -34 0
83768 -399 11 0
83768 -399 35 0
83768 399 -11 -35 0
83768 -400 11 0
83768 -400 36 0
83768 400 -11 -36 0
83768 -401 11 0
83768 -401 37 0
83768 401 -11 -37 0
83768 -402 11 0
83768 -402 38 0
83768 402 -11 -38 0
83768 -403 11 0
83768 -403 39 0
83768 403 -11 -39 0
83768 -404 12 0
83768 -404 13 0
83768 404 -12 -13 0
83768 -405 12 0
83768 -405 14 0
83768 405 -12 -14 0
83768 -406 12 0
83768 -406 15 0
83768 406 -12 -15 0
83768 -407 12 0
83768 -407 16 0
83768 407 -12 -16 0
83768 -408 12 0
83768 -408 17 0
83768 408 -12 -17 0
83768 -409 12 0
83768 -409 18 0
83768 409 -12 -18 0
83768 -410 12 0
83768 -410 19 0
83768 410 -12 -19 0
83768 -411 12 0
83768 -411 20 0
83768 411 -12 -20 0
83768 -412 12 0
83768 -412 21 0
83768 412 -12 -21 0
83768 -413 12 0
83768 -413 22 0
83768 413 -12 -22 0
83768 -414 12 0
83768 -414 23 0
83768 414 -12 -23 0
83768 -415 12 0
83768 -415 24 0
83768 415 -12 -24 0
83768 -416 12 0
83768 -416 25 0
83768 416 -12 -25 0
83768 -417 12 0
83768 -417 26 0
83768 417 -12 -26 0
83768 -418 12 0
83768 -418 27 0
83768 418 -12 -27 0
83768 -419 12 0
83768 -419 28 0
83768 419 -12 -28 0
83768 -420 12 0
83768 -420 29 0
83768 420 -12 -29 0
83768 -421 12 0
83768 -421 30 0
83768 421 -12 -30 0
83768 -422 12 0
83768 -422 31 0
83768 422 -12 -31 0
83768 -423 12 0
83768 -423 32 0
83768 423 -12 -32 0
83768 -424 12 0
83768 -424 33 0
83768 424 -12 -33 0
83768 -425 12 0
83768 -425 34 0
83768 425 -12 -34 0
83768 -426 12 0
83768 -426 35 0
83768 426 -12 -35 0
83768 -427 12 0
83768 -427 36 0
83768 427 -12 -36 0
83768 -428 12 0
83768 -428 37 0
83768 428 -12 -37 0
83768 -429 12 0
83768 -429 38 0
83768 429 -12 -38 0
83768 -430 12 0
83768 -430 39 0
83768 430 -12 -39 0
83768 -431 13 0
83768 -431 14 0
83768 431 -13 -14 0
83768 -432 13 0
83768 -432 15 0
83768 432 -13 -15 0
83768 -433 13 0
83768 -433 16 0
83768 433 -13 -16 0
83768 -434 13 0
83768 -434 17 0
83768 434 -13 -17 0
83768 -435 13 0
83768 -435 18 0
83768 435 -13 -18 0
83768 -436 13 0
83768 -436 19 0
83768 436 -13 -19 0
83768 -437 13 0
83768 -437 20 0
83768 437 -13 -20 0
83768 -438 13 0
83768 -438 21 0
83768 438 -13 -21 0
83768 -439 13 0
83768 -439 22 0
83768 439 -13 -22 0
83768 -440 13 0
83768 -440 23 0
83768 440 -13 -23 0
83768 -441 13 0
83768 -441 24 0
83768 441 -13 -24 0
83768 -442 13 0
83768 -442 25 0
83768 442 -13 -25 0
83768 -443 13 0
83768 -443 26 0
83768 443 -13 -26 0
83768 -444 13 0
83768 -444 27 0
83768 444 -13 -27 0
83768 -445 13 0
83768 -445 28 0
83768 445 -13 -28 0
83768 -446 13 0
83768 -446 29 0
83768 446 -13 -29 0
83768 -447 13 0
83768 -447 30 0
83768 447 -13 -30 0
83768 -448 13 0
83768 -448 31 0
83768 448 -13 -31 0
83768 -449 13 0
83768 -449 32 0
83768 449 -13 -32 0
83768 -450 13 0
83768 -450 33 0
83768 450 -13 -33 0
83768 -451 13 0
83768 -451 34 0
83768 451 -13 -34 0
83768 -452 13 0
83768 -452 35 0
83768 452 -13 -35 0
83768 -453 13 0
83768 -453 36 0
83768 453 -13 -36 0
83768 -454 13 0
83768 -454 37 0
83768 454 -13 -37 0
83768 -455 13 0
83768 -455 38 0
83768 455 -13 -38 0
83768 -456 13 0
83768 -456 39 0
83768 456 -13 -39 0
83768 -457 14 0
83768 -457 15 0
83768 457 -14 -15 0
83768 -458 14 0
83768 -458 16 0
83768 458 -14 -16 0
83768 -459 14 0
83768 -459 17 0
83768 459 -14 -17 0
83768 -460 14 0
83768 -460 18 0
83768 460 -14 -18 0
83768 -461 14 0
83768 -461 19 0
83768 461 -14 -19 0
83768 -462 14 0
83768 -462 20 0
83768 462 -14 -20 0
83768 -463 14 0
83768 -463 21 0
83768 463 -14 -21 0
83768 -464 14 0
83768 -464 22 0
83768 464 -14 -22 0
83768 -465 14 0
83768 -465 23 0
83768 465 -14 -23 0
83768 -466 14 0
83768 -466 24 0
83768 466 -14 -24 0
83768 -467 14 0
83768 -467 25 0
83768 467 -14 -25 0
83768 -468 14 0
83768 -468 26 0
83768 468 -14 -26 0
83768 -469 14 0
83768 -469 27 0
83768 469 -14 -27 0
83768 -470 14 0
83768 -470 28 0
83768 470 -14 -28 0
83768 -471 14 0
83768 -471 29 0
83768 471 -14 -29 0
83768 -472 14 0
83768 -472 30 0
83768 472 -14 -30 0
83768 -473 14 0
83768 -473 31 0
83768 473 -14 -31 0
83768 -474 14 0
83768 -474 32 0
83768 474 -14 -32 0
83768 -475 14 0
83768 -475 33 0
83768 475 -14 -33 0
83768 -476 14 0
83768 -476 34 0
83768 476 -14 -34 0
83768 -477 14 0
83768 -477 35 0
83768 477 -14 -35 0
83768 -478 14 0
83768 -478 36 0
83768 478 -14 -36 0
83768 -479 14 0
83768 -479 37 0
83768 479 -14 -37 0
83768 -480 14 0
83768 -480 38 0
83768 480 -14 -38 0
83768 -481 14 0
83768 -481 39 0
83768 481 -14 -39 0
83768 -482 15 0
83768 -482 16 0
83768 482 -15 -16 0
83768 -483 15 0
83768 -483 17 0
83768 483 -15 -17 0
83768 -484 15 0
83768 -484 18 0
83768 484 -15 -18 0
83768 -485 15 0
83768 -485 19 0
83768 485 -15 -19 0
83768 -486 15 0
83768 -486 20 0
83768 486 -15 -20 0
83768 -487 15 0
83768 -487 21 0
83768 487 -15 -21 0
83768 -488 15 0
83768 -488 22 0
83768 488 -15 -22 0
83768 -489 15 0
83768 -489 23 0
83768 489 -15 -23 0
83768 -490 15 0
83768 -490 24 0
83768 490 -15 -24 0
83768 -491 15 0
83768 -491 25 0
83768 491 -15 -25 0
83768 -492 15 0
83768 -492 26 0
83768 492 -15 -26 0
83768 -493 15 0
83768 -493 27 0
83768 493 -15 -27 0
83768 -494 15 0
83768 -494 28 0
83768 494 -15 -28 0
83768 -495 15 0
83768 -495 29 0
83768 495 -15 -29 0
83768 -496 15 0
83768 -496 30 0
83768 496 -15 -30 0
83768 -497 15 0
83768 -497 31 0
83768 497 -15 -31 0
83768 -498 15 0
83768 -498 32 0
83768 498 -15 -32 0
83768 -499 15 0
83768 -499 33 0
83768 499 -15 -33 0
83768 -500 15 0
83768 -500 34 0
83768 500 -15 -34 0
83768 -501 15 0
83768 -501 35 0
83768 501 -15 -35 0
83768 -502 15 0
83768 -502 36 0
83768 502 -15 -36 0
83768 -503 15 0
83768 -503 37 0
83768 503 -15 -37 0
83768 -504 15 0
83768 -504 38 0
83768 504 -15 -38 0
83768 -505 15 0
83768 -505 39 0
83768 505 -15 -39 0
83768 -506 16 0
83768 -506 17 0
83768 506 -16 -17 0
83768 -507 16 0
83768 -507 18 0
83768 507 -16 -18 0
83768 -508 16 0
83768 -508 19 0
83768 508 -16 -19 0
83768 -509 16 0
83768 -509 20 0
83768 509 -16 -20 0
83768 -510 16 0
83768 -510 21 0
83768 510 -16 -21 0
83768 -511 16 0
83768 -511 22 0
83768 511 -16 -22 0
83768 -512 16 0
83768 -512 23 0
83768 512 -16 -23 0
83768 -513 16 0
83768 -513 24 0
83768 513 -16 -24 0
83768 -514 16 0
83768 -514 25 0
83768 514 -16 -25 0
83768 -515 16 0
83768 -515 26 0
83768 515 -16 -26 0
83768 -516 16 0
83768 -516 27 0
83768 516 -16 -27 0
83768 -517 16 0
83768 -517 28 0
83768 517 -16 -28 0
83768 -518 16 0
83768 -518 29 0
83768 518 -16 -29 0
83768 -519 16 0
83768 -519 30 0
83768 519 -16 -30 0
83768 -520 16 0
83768 -520 31 0
83768 520 -16 -31 0
83768 -521 16 0
83768 -521 32 0
83768 521 -16 -32 0
83768 -522 16 0
83768 -522 33 0
83768 522 -16 -33 0
83768 -523 16 0
83768 -523 34 0
83768 523 -16 -34 0
83768 -524 16 0
83768 -524 35 0
83768 524 -16 -35 0
83768 -525 16 0
83768 -525 36 0
83768 525 -16 -36 0
83768 -526 16 0
83768 -526 37 0
83768 526 -16 -37 0
83768 -527 16 0
83768 -527 38 0
83768 527 -16 -38 0
83768 -528 16 0
83768 -528 39 0
83768 528 -16 -39 0
83768 -529 17 0
83768 -529 18 0
83768 529 -17 -18 0
83768 -530 17 0
83768 -530 19 0
83768 530 -17 -19 0
83768 -531 17 0
83768 -531 20 0
83768 531 -17 -20 0
83768 -532 17 0
83768 -532 21 0
83768 532 -17 -21 0
83768 -533 17 0
83768 -533 22 0
83768 533 -17 -22 0
83768 -534 17 0
83768 -534 23 0
83768 534 -17 -23 0
83768 -535 17 0
83768 -535 24 0
83768 535 -17 -24 0
83768 -536 17 0
83768 -536 25 0
83768 536 -17 -25 0
83768 -537 17 0
83768 -537 26 0
83768 537 -17 -26 0
83768 -538 17 0
83768 -538 27 0
83768 538 -17 -27 0
83768 -539 17 0
83768 -539 28 0
83768 539 -17 -28 0
83768 -540 17 0
83768 -540 29 0
83768 540 -17 -29 0
83768 -541 17 0
83768 -541 30 0
83768 541 -17 -30 0
83768 -542 17 0
83768 -542 31 0
83768 542 -17 -31 0
83768 -543 17 0
83768 -543 32 0
83768 543 -17 -32 0
83768 -544 17 0
83768 -544 33 0
83768 544 -17 -33 0
83768 -545 17 0
83768 -545 34 0
83768 545 -17 -34 0
83768 -546 17 0
83768 -546 35 0
83768 546 -17 -35 0
83768 -547 17 0
83768 -547 36 0
83768 547 -17 -36 0
83768 -548 17 0
83768 -548 37 0
83768 548 -17 -37 0
83768 -549 17 0
83768 -549 38 0
83768 549 -17 -38 0
83768 -550 17 0
83768 -550 39 0
83768 550 -17 -39 0
83768 -551 18 0
83768 -551 19 0
83768 551 -18 -19 0
83768 -552 18 0
83768 -552 20 0
83768 552 -18 -20 0
83768 -553 18 0
83768 -553 21 0
83768 553 -18 -21 0
83768 -554 18 0
83768 -554 22 0
83768 554 -18 -22 0
83768 -555 18 0
83768 -555 23 0
83768 555 -18 -23 0
83768 -556 18 0
83768 -556 24 0
83768 556 -18 -24 0
83768 -557 18 0
83768 -557 25 0
83768 557 -18 -25 0
83768 -558 18 0
83768 -558 26 0
83768 558 -18 -26 0
83768 -559 18 0
83768 -559 27 0
83768 559 -18 -27 0
83768 -560 18 0
83768 -560 28 0
83768 560 -18 -28 0
83768 -561 18 0
83768 -561 29 0
83768 561 -18 -29 0
83768 -562 18 0
83768 -562 30 0
83768 562 -18 -30 0
83768 -563 18 0
83768 -563 31 0
83768 563 -18 -31 0
83768 -564 18 0
83768 -564 32 0
83768 564 -18 -32 0
83768 -565 18 0
83768 -565 33 0
83768 565 -18 -33 0
83768 -566 18 0
83768 -566 34 0
83768 566 -18 -34 0
83768 -567 18 0
83768 -567 35 0
83768 567 -18 -35 0
83768 -568 18 0
83768 -568 36 0
83768 568 -18 -36 0
83768 -569 18 0
83768 -569 37 0
83768 569 -18 -37 0
83768 -570 18 0
83768 -570 38 0
83768 570 -18 -38 0
83768 -571 18 0
83768 -571 39 0
83768 571 -18 -39 0
83768 -572 19 0
83768 -572 20 0
83768 572 -19 -20 0
83768 -573 19 0
83768 -573 21 0
83768 573 -19 -21 0
83768 -574 19 0
83768 -574 22 0
83768 574 -19 -22 0
83768 -575 19 0
83768 -575 23 0
83768 575 -19 -23 0
83768 -576 19 0
83768 -576 24 0
83768 576 -19 -24 0
83768 -577 19 0
83768 -577 25 0
83768 577 -19 -25 0
83768 -578 19 0
83768 -578 26 0
83768 578 -19 -26 0
83768 -579 19 0
83768 -579 27 0
83768 579 -19 -27 0
83768 -580 19 0
83768 -580 28 0
83768 580 -19 -28 0
83768 -581 19 0
83768 -581 29 0
83768 581 -19 -29 0
83768 -582 19 0
83768 -582 30 0
83768 582 -19 -30 0
83768 -583 19 0
83768 -583 31 0
83768 583 -19 -31 0
83768 -584 19 0
83768 -584 32 0
83768 584 -19 -32 0
83768 -585 19 0
83768 -585 33 0
83768 585 -19 -33 0
83768 -586 19 0
83768 -586 34 0
83768 586 -19 -34 0
83768 -587 19 0
83768 -587 35 0
83768 587 -19 -35 0
83768 -588 19 0
83768 -588 36 0
83768 588 -19 -36 0
83768 -589 19 0
83768 -589 37 0
83768 589 -19 -37 0
83768 -590 19 0
83768 -590 38 0
83768 590 -19 -38 0
83768 -591 19 0
83768 -591 39 0
83768 591 -19 -39 0
83768 -592 20 0
83768 -592 21 0
83768 592 -20 -21 0
83768 -593 20 0
83768 -593 22 0
83768 593 -20 -22 0
83768 -594 20 0
83768 -594 23 0
83768 594 -20 -23 0
83768 -595 20 0
83768 -595 24 0
83768 595 -20 -24 0
83768 -596 20 0
83768 -596 25 0
83768 596 -20 -25 0
83768 -597 20 0
83768 -597 26 0
83768 597 -20 -26 0
83768 -598 20 0
83768 -598 27 0
83768 598 -20 -27 0
83768 -599 20 0
83768 -599 28 0
83768 599 -20 -28 0
83768 -600 20 0
83768 -600 29 0
83768 600 -20 -29 0
83768 -601 20 0
83768 -601 30 0
83768 601 -20 -30 0
83768 -602 20 0
83768 -602 31 0
83768 602 -20 -31 0
83768 -603 20 0
83768 -603 32 0
83768 603 -20 -32 0
83768 -604 20 0
83768 -604 33 0
83768 604 -20 -33 0
83768 -605 20 0
83768 -605 34 0
83768 605 -20 -34 0
83768 -606 20 0
83768 -606 35 0
83768 606 -20 -35 0
83768 -607 20 0
83768 -607 36 0
83768 607 -20 -36 0
83768 -608 20 0
83768 -608 37 0
83768 608 -20 -37 0
83768 -609 20 0
83768 -609 38 0
83768 609 -20 -38 0
83768 -610 20 0
83768 -610 39 0
83768 610 -20 -39 0
83768 -611 21 0
83768 -611 22 0
83768 611 -21 -22 0
83768 -612 21 0
83768 -612 23 0
83768 612 -21 -23 0
83768 -613 21 0
83768 -613 24 0
83768 613 -21 -24 0
83768 -614 21 0
83768 -614 25 0
83768 614 -21 -25 0
83768 -615 21 0
83768 -615 26 0
83768 615 -21 -26 0
83768 -616 21 0
83768 -616 27 0
83768 616 -21 -27 0
83768 -617 21 0
83768 -617 28 0
83768 617 -21 -28 0
83768 -618 21 0
83768 -618 29 0
83768 618 -21 -29 0
83768 -619 21 0
83768 -619 30 0
83768 619 -21 -30 0
83768 -620 21 0
83768 -620 31 0
83768 620 -21 -31 0
83768 -621 21 0
83768 -621 32 0
83768 621 -21 -32 0
83768 -622 21 0
83768 -622 33 0
83768 622 -21 -33 0
83768 -623 21 0
83768 -623 34 0
83768 623 -21 -34 0
83768 -624 21 0
83768 -624 35 0
83768 624 -21 -35 0
83768 -625 21 0
83768 -625 36 0
83768 625 -21 -36 0
83768 -626 21 0
83768 -626 37 0
83768 626 -21 -37 0
83768 -627 21 0
83768 -627 38 0
83768 627 -21 -38 0
83768 -628 21 0
83768 -628 39 0
83768 628 -21 -39 0
83768 -629 22 0
83768 -629 23 0
83768 629 -22 -23 0
83768 -630 22 0
83768 -630 24 0
83768 630 -22 -24 0
83768 -631 22 0
83768 -631 25 0
83768 631 -22 -25 0
83768 -632 22 0
83768 -632 26 0
83768 632 -22 -26 0
83768 -633 22 0
83768 -633 27 0
83768 633 -22 -27 0
83768 -634 22 0
83768 -634 28 0
83768 634 -22 -28 0
83768 -635 22 0
83768 -635 29 0
83768 635 -22 -29 0
83768 -636 22 0
83768 -636 30 0
83768 636 -22 -30 0
83768 -637 22 0
83768 -637 31 0
83768 637 -22 -31 0
83768 -638 22 0
83768 -638 32 0
83768 638 -22 -32 0
83768 -639 22 0
83768 -639 33 0
83768 639 -22 -33 0
83768 -640 22 0
83768 -640 34 0
83768 640 -22 -34 0
83768 -641 22 0
83768 -641 35 0
83768 641 -22 -35 0
83768 -642 22 0
83768 -642 36 0
83768 642 -22 -36 0
83768 -643 22 0
83768 -643 37 0
83768 643 -22 -37 0
83768 -644 22 0
83768 -644 38 0
83768 644 -22 -38 0
83768 -645 22 0
83768 -645 39 0
83768 645 -22 -39 0
83768 -646 23 0
83768 -646 24 0
83768 646 -23 -24 0
83768 -647 23 0
83768 -647 25 0
83768 647 -23 -25 0
83768 -648 23 0
83768 -648 26 0
83768 648 -23 -26 0
83768 -649 23 0
83768 -649 27 0
83768 649 -23 -27 0
83768 -650 23 0
83768 -650 28 0
83768 650 -23 -28 0
83768 -651 23 0
83768 -651 29 0
83768 651 -23 -29 0
83768 -652 23 0
83768 -652 30 0
83768 652 -23 -30 0
83768 -653 23 0
83768 -653 31 0
83768 653 -23 -31 0
83768 -654 23 0
83768 -654 32 0
83768 654 -23 -32 0
83768 -655 23 0
83768 -655 33 0
83768 655 -23 -33 0
83768 -656 23 0
83768 -656 34 0
83768 656 -23 -34 0
83768 -657 23 0
83768 -657 35 0
83768 657 -23 -35 0
83768 -658 23 0
83768 -658 36 0
83768 658 -23 -36 0
83768 -659 23 0
83768 -659 37 0
83768 659 -23 -37 0
83768 -660 23 0
83768 -660 38 0
83768 660 -23 -38 0
83768 -661 23 0
83768 -661 39 0
83768 661 -23 -39 0
83768 -662 24 0
83768 -662 25 0
83768 662 -24 -25 0
83768 -663 24 0
83768 -663 26 0
83768 663 -24 -26 0
83768 -664 24 0
83768 -664 27 0
83768 664 -24 -27 0
83768 -665 24 0
83768 -665 28 0
83768 665 -24 -28 0
83768 -666 24 0
83768 -666 29 0
83768 666 -24 -29 0
83768 -667 24 0
83768 -667 30 0
83768 667 -24 -30 0
83768 -668 24 0
83768 -668 31 0
83768 668 -24 -31 0
83768 -669 24 0
83768 -669 32 0
83768 669 -24 -32 0
83768 -670 24 0
83768 -670 33 0
83768 670 -24 -33 0
83768 -671 24 0
83768 -671 34 0
83768 671 -24 -34 0
83768 -672 24 0
83768 -672 35 0
83768 672 -24 -35 0
83768 -673 24 0
83768 -673 36 0
83768 673 -24 -36 0
83768 -674 24 0
83768 -674 37 0
83768 674 -24 -37 0
83768 -675 24 0
83768 -675 38 0
83768 675 -24 -38 0
83768 -676 24 0
83768 -676 39 0
83768 676 -24 -39 0
83768 -677 25 0
83768 -677 26 0
83768 677 -25 -26 0
83768 -678 25 0
83768 -678 27 0
83768 678 -25 -27 0
83768 -679 25 0
83768 -679 28 0
83768 679 -25 -28 0
83768 -680 25 0
83768 -680 29 0
83768 680 -25 -29 0
83768 -681 25 0
83768 -681 30 0
83768 681 -25 -30 0
83768 -682 25 0
83768 -682 31 0
83768 682 -25 -31 0
83768 -683 25 0
83768 -683 32 0
83768 683 -25 -32 0
83768 -684 25 0
83768 -684 33 0
83768 684 -25 -33 0
83768 -685 25 0
83768 -685 34 0
83768 685 -25 -34 0
83768 -686 25 0
83768 -686 35 0
83768 686 -25 -35 0
83768 -687 25 0
83768 -687 36 0
83768 687 -25 -36 0
83768 -688 25 0
83768 -688 37 0
83768 688 -25 -37 0
83768 -689 25 0
83768 -689 38 0
83768 689 -25 -38 0
83768 -690 25 0
83768 -690 39 0
83768 690 -25 -39 0
83768 -691 26 0
83768 -691 27 0
83768 691 -26 -27 0
83768 -692 26 0
83768 -692 28 0
83768 692 -26 -28 0
83768 -693 26 0
83768 -693 29 0
83768 693 -26 -29 0
83768 -694 26 0
83768 -694 30 0
83768 694 -26 -30 0
83768 -695 26 0
83768 -695 31 0
83768 695 -26 -31 0
83768 -696 26 0
83768 -696 32 0
83768 696 -26 -32 0
83768 -697 26 0
83768 -697 33 0
83768 697 -26 -33 0
83768 -698 26 0
83768 -698 34 0
83768 698 -26 -34 0
83768 -699 26 0
83768 -699 35 0
83768 699 -26 -35 0
83768 -700 26 0
83768 -700 36 0
83768 700 -26 -36 0
83768 -701 26 0
83768 -701 37 0
83768 701 -26 -37 0
83768 -702 26 0
83768 -702 38 0
83768 702 -26 -38 0
83768 -703 26 0
83768 -703 39 0
83768 703 -26 -39 0
83768 -704 27 0
83768 -704 28 0
83768 704 -27 -28 0
83768 -705 27 0
83768 -705 29 0
83768 705 -27 -29 0
83768 -706 27 0
83768 -706 30 0
83768 706 -27 -30 0
83768 -707 27 0
83768 -707 31 0
83768 707 -27 -31 0
83768 -708 27 0
83768 -708 32 0
83768 708 -27 -32 0
83768 -709 27 0
83768 -709 33 0
83768 709 -27 -33 0
83768 -710 27 0
83768 -710 34 0
83768 710 -27 -34 0
83768 -711 27 0
83768 -711 35 0
83768 711 -27 -35 0
83768 -712 27 0
83768 -712 36 0
83768 712 -27 -36 0
83768 -713 27 0
83768 -713 37 0
83768 713 -27 -37 0
83768 -714 27 0
83768 -714 38 0
83768 714 -27 -38 0
83768 -715 27 0
83768 -715 39 0
83768 715 -27 -39 0
83768 -716 28 0
83768 -716 29 0
83768 716 -28 -29 0
83768 -717 28 0
83768 -717 30 0
83768 717 -28 -30 0
83768 -718 28 0
83768 -718 31 0
83768 718 -28 -31 0
83768 -719 28 0
83768 -719 32 0
83768 719 -28 -32 0
83768 -720 28 0
83768 -720 33 0
83768 720 -28 -33 0
83768 -721 28 0
83768 -721 34 0
83768 721 -28 -34 0
83768 -722 28 0
83768 -722 35 0
83768 722 -28 -35 0
83768 -723 28 0
83768 -723 36 0
83768 723 -28 -36 0
83768 -724 28 0
83768 -724 37 0
83768 724 -28 -37 0
83768 -725 28 0
83768 -725 38 0
83768 725 -28 -38 0
83768 -726 28 0
83768 -726 39 0
83768 726 -28 -39 0
83768 -727 29 0
83768 -727 30 0
83768 727 -29 -30 0
83768 -728 29 0
83768 -728 31 0
83768 728 -29 -31 0
83768 -729 29 0
83768 -729 32 0
83768 729 -29 -32 0
83768 -730 29 0
83768 -730 33 0
83768 730 -29 -33 0
83768 -731 29 0
83768 -731 34 0
83768 731 -29 -34 0
83768 -732 29 0
83768 -732 35 0
83768 732 -29 -35 0
83768 -733 29 0
83768 -733 36 0
83768 733 -29 -36 0
83768 -734 29 0
83768 -734 37 0
83768 734 -29 -37 0
83768 -735 29 0
83768 -735 38 0
83768 735 -29 -38 0
83768 -736 29 0
83768 -736 39 0
83768 736 -29 -39 0
83768 -737 30 0
83768 -737 31 0
83768 737 -30 -31 0
83768 -738 30 0
83768 -738 32 0
83768 738 -30 -32 0
83768 -739 30 0
83768 -739 33 0
83768 739 -30 -33 0
83768 -740 30 0
83768 -740 34 0
83768 740 -30 -34 0
83768 -741 30 0
83768 -741 35 0
83768 741 -30 -35 0
83768 -742 30 0
83768 -742 36 0
83768 742 -30 -36 0
83768 -743 30 0
83768 -743 37 0
83768 743 -30 -37 0
83768 -744 30 0
83768 -744 38 0
83768 744 -30 -38 0
83768 -745 30 0
83768 -745 39 0
83768 745 -30 -39 0
83768 -746 31 0
83768 -746 32 0
83768 746 -31 -32 0
83768 -747 31 0
83768 -747 33 0
83768 747 -31 -33 0
83768 -748 31 0
83768 -748 34 0
83768 748 -31 -34 0
83768 -749 31 0
83768 -749 35 0
83768 749 -31 -35 0
83768 -750 31 0
83768 -750 36 0
83768 750 -31 -36 0
83768 -751 31 0
83768 -751 37 0
83768 751 -31 -37 0
83768 -752 31 0
83768 -752 38 0
83768 752 -31 -38 0
83768 -753 31 0
83768 -753 39 0
83768 753 -31 -39 0
83768 -754 32 0
83768 -754 33 0
83768 754 -32 -33 0
83768 -755 32 0
83768 -755 34 0
83768 755 -32 -34 0
83768 -756 32 0
83768 -756 35 0
83768 756 -32 -35 0
83768 -757 32 0
83768 -757 36 0
83768 757 -32 -36 0
83768 -758 32 0
83768 -758 37 0
83768 758 -32 -37 0
83768 -759 32 0
83768 -759 38 0
83768 759 -32 -38 0
83768 -760 32 0
83768 -760 39 0
83768 760 -32 -39 0
83768 -761 33 0
83768 -761 34 0
83768 761 -33 -34 0
83768 -762 33 0
83768 -762 35 0
83768 762 -33 -35 0
83768 -763 33 0
83768 -763 36 0
83768 763 -33 -36 0
83768 -764 33 0
83768 -764 37 0
83768 764 -33 -37 0
83768 -765 33 0
83768 -765 38 0
83768 765 -33 -38 0
83768 -766 33 0
83768 -766 39 0
83768 766 -33 -39 0
83768 -767 34 0
83768 -767 35 0
83768 767 -34 -35 0
83768 -768 34 0
83768 -768 36 0
83768 768 -34 -36 0
83768 -769 34 0
83768 -769 37 0
83768 769 -34 -37 0
83768 -770 34 0
83768 -770 38 0
83768 770 -34 -38 0
83768 -771 34 0
83768 -771 39 0
83768 771 -34 -39 0
83768 -772 35 0
83768 -772 36 0
83768 772 -35 -36 0
83768 -773 35 0
83768 -773 37 0
83768 773 -35 -37 0
83768 -774 35 0
83768 -774 38 0
83768 774 -35 -38 0
83768 -775 35 0
83768 -775 39 0
83768 775 -35 -39 0
83768 -776 36 0
83768 -776 37 0
83768 776 -36 -37 0
83768 -777 36 0
83768 -777 38 0
83768 777 -36 -38 0
83768 -778 36 0
83768 -778 39 0
83768 778 -36 -39 0
83768 -779 37 0
83768 -779 38 0
83768 779 -37 -38 0
83768 -780 37 0
83768 -780 39 0
83768 780 -37 -39 0
83768 -781 38 0
83768 -781 39 0
83768 781 -38 -39 0
69082 1 0
83758 -1 0
91526 41 0
83758 -41 0
88884 42 0
83758 -42 0
67260 43 0
83758 -43 0
81984 44 0
83758 -44 0
101542 45 0
83758 -45 0
83460 46 0
83758 -46 0
67202 47 0
83758 -47 0
94634 48 0
83758 -48 0
70442 49 0
83758 -49 0
66538 50 0
83758 -50 0
80592 51 0
83758 -51 0
79328 52 0
83758 -52 0
81006 53 0
83758 -53 0
85350 54 0
83758 -54 0
80520 55 0
83758 -55 0
94624 56 0
83758 -56 0
75960 57 0
83758 -57 0
85416 58 0
83758 -58 0
90256 59 0
83758 -59 0
71876 60 0
83758 -60 0
89906 61 0
83758 -61 0
79566 62 0
83758 -62 0
93522 63 0
83758 -63 0
78820 64 0
83758 -64 0
73680 65 0
83758 -65 0
84900 66 0
83758 -66 0
92178 67 0
83758 -67 0
86642 68 0
83758 -68 0
80646 69 0
83758 -69 0
79640 70 0
83758 -70 0
86988 71 0
83758 -71 0
94056 72 0
83758 -72 0
87068 73 0
83758 -73 0
91088 74 0
83758 -74 0
85776 75 0
83758 -75 0
79794 76 0
83758 -76 0
80668 77 0
83758 -77 0
80872 78 0
83758 -78 0
43594 2 0
83758 -2 0
73974 79 0
83758 -79 0
85176 80 0
83758 -80 0
80710 81 0
83758 -81 0
83726 82 0
83758 -82 0
83058 83 0
83758 -83 0
103868 84 0
83758 -84 0
84692 85 0
83758 -85 0
83122 86 0
83758 -86 0
95890 87 0
83758 -87 0
82102 88 0
83758 -88 0
98004 89 0
83758 -89 0
78472 90 0
83758 -90 0
70342 91 0
83758 -91 0
87638 92 0
83758 -92 0
73642 93 0
83758 -93 0
85836 94 0
83758 -94 0
87506 95 0
83758 -95 0
84380 96 0
83758 -96 0
99680 97 0
83758 -97 0
84992 98 0
83758 -98 0
82490 99 0
83758 -99 0
80304 100 0
83758 -100 0
87554 101 0
83758 -101 0
79800 102 0
83758 -102 0
93834 103 0
83758 -103 0
86072 104 0
83758 -104 0
88260 105 0
83758 -105 0
80146 106 0
83758 -106 0
81356 107 0
83758 -107 0
91318 108 0
83758 -108 0
89116 109 0
83758 -109 0
80080 110 0
83758 -110 0
83196 111 0
83758 -111 0
80868 112 0
83758 -112 0
80294 113 0
83758 -113 0
84748 114 0
83758 -114 0
85312 115 0
83758 -115 0
55204 3 0
83758 -3 0
78624 116 0
83758 -116 0
103286 117 0
83758 -117 0
108206 118 0
83758 -118 0
81208 119 0
83758 -119 0
93548 120 0
83758 -120 0
89404 121 0
83758 -121 0
82598 122 0
83758 -122 0
87980 123 0
83758 -123 0
84000 124 0
83758 -124 0
88594 125 0
83758 -125 0
104718 126 0
83758 -126 0
70732 127 0
83758 -127 0
106460 128 0
83758 -128 0
63904 129 0
83758 -129 0
84646 130 0
83758 -130 0
75406 131 0
83758 -131 0
77218 132 0
83758 -132 0
81546 133 0
83758 -133 0
81376 134 0
83758 -134 0
83166 135 0
83758 -135 0
87556 136 0
83758 -136 0
85764 137 0
83758 -137 0
76908 138 0
83758 -138 0
78082 139 0
83758 -139 0
80184 140 0
83758 -140 0
72032 141 0
83758 -141 0
90038 142 0
83758 -142 0
82704 143 0
83758 -143 0
89350 144 0
83758 -144 0
68858 145 0
83758 -145 0
82026 146 0
83758 -146 0
75774 147 0
83758 -147 0
80380 148 0
83758 -148 0
82810 149 0
83758 -149 0
86726 150 0
83758 -150 0
87162 151 0
83758 -151 0
80457 4 0
83758 -4 0
83084 152 0
83758 -152 0
78468 153 0
83758 -153 0
76140 154 0
83758 -154 0
70260 155 0
83758 -155 0
91846 156 0
83758 -156 0
94388 157 0
83758 -157 0
79076 158 0
83758 -158 0
81874 159 0
83758 -159 0
85224 160 0
83758 -160 0
87426 161 0
83758 -161 0
84700 162 0
83758 -162 0
84300 163 0
83758 -163 0
82696 164 0
83758 -164 0
91754 165 0
83758 -165 0
93444 166 0
83758 -166 0
100532 167 0
83758 -167 0
90810 168 0
83758 -168 0
81378 169 0
83758 -169 0
86892 170 0
83758 -170 0
76398 171 0
83758 -171 0
79138 172 0
83758 -172 0
66056 173 0
83758 -173 0
87564 174 0
83758 -174 0
92360 175 0
83758 -175 0
91774 176 0
83758 -176 0
81484 177 0
83758 -177 0
87842 178 0
83758 -178 0
92588 179 0
83758 -179 0
85962 180 0
83758 -180 0
89430 181 0
83758 -181 0
85038 182 0
83758 -182 0
85748 183 0
83758 -183 0
78354 184 0
83758 -184 0
85750 185 0
83758 -185 0
86422 186 0
83758 -186 0
34709 5 0
83758 -5 0
72612 187 0
83758 -187 0
89686 188 0
83758 -188 0
92470 189 0
83758 -189 0
85514 190 0
83758 -190 0
102968 191 0
83758 -191 0
96398 192 0
83758 -192 0
88810 193 0
83758 -193 0
78230 194 0
83758 -194 0
70246 195 0
83758 -195 0
87264 196 0
83758 -196 0
70460 197 0
83758 -197 0
94534 198 0
83758 -198 0
79464 199 0
83758 -199 0
92940 200 0
83758 -200 0
90880 201 0
83758 -201 0
83474 202 0
83758 -202 0
75626 203 0
83758 -203 0
81452 204 0
83758 -204 0
82206 205 0
83758 -205 0
83758 206 0
83758 -206 0
88954 207 0
83758 -207 0
92384 208 0
83758 -208 0
80986 209 0
83758 -209 0
93614 210 0
83758 -210 0
81840 211 0
83758 -211 0
82426 212 0
83758 -212 0
82918 213 0
83758 -213 0
91636 214 0
83758 -214 0
78440 215 0
83758 -215 0
84600 216 0
83758 -216 0
83830 217 0
83758 -217 0
81096 218 0
83758 -218 0
82574 219 0
83758 -219 0
82722 220 0
83758 -220 0
61724 6 0
83758 -6 0
79630 221 0
83758 -221 0
93400 222 0
83758 -222 0
62544 223 0
83758 -223 0
94004 224 0
83758 -224 0
81216 225 0
83758 -225 0
93662 226 0
83758 -226 0
71142 227 0
83758 -227 0
75042 228 0
83758 -228 0
85806 229 0
83758 -229 0
65732 230 0
83758 -230 0
94494 231 0
83758 -231 0
85880 232 0
83758 -232 0
92814 233 0
83758 -233 0
94992 234 0
83758 -234 0
94140 235 0
83758 -235 0
87496 236 0
83758 -236 0
85828 237 0
83758 -237 0
71040 238 0
83758 -238 0
78998 239 0
83758 -239 0
75532 240 0
83758 -240 0
88974 241 0
83758 -241 0
89144 242 0
83758 -242 0
89626 243 0
83758 -243 0
78022 244 0
83758 -244 0
83760 245 0
83758 -245 0
85900 246 0
83758 -246 0
88778 247 0
83758 -247 0
88180 248 0
83758 -248 0
86828 249 0
83758 -249 0
87494 250 0
83758 -250 0
83684 251 0
83758 -251 0
86842 252 0
83758 -252 0
86866 253 0
83758 -253 0
75476 7 0
83758 -7 0
89724 254 0
83758 -254 0
79236 255 0
83758 -255 0
90000 256 0
83758 -256 0
76012 257 0
83758 -257 0
84888 258 0
83758 -258 0
96698 259 0
83758 -259 0
98184 260 0
83758 -260 0
91000 261 0
83758 -261 0
90896 262 0
83758 -262 0
82984 263 0
83758 -263 0
90124 264 0
83758 -264 0
88418 265 0
83758 -265 0
87496 266 0
83758 -266 0
82680 267 0
83758 -267 0
79420 268 0
83758 -268 0
86878 269 0
83758 -269 0
86386 270 0
83758 -270 0
84904 271 0
83758 -271 0
73868 272 0
83758 -272 0
88644 273 0
83758 -273 0
82864 274 0
83758 -274 0
76988 275 0
83758 -275 0
77870 276 0
83758 -276 0
80262 277 0
83758 -277 0
86902 278 0
83758 -278 0
87450 279 0
83758 -279 0
85182 280 0
83758 -280 0
91446 281 0
83758 -281 0
82010 282 0
83758 -282 0
80368 283 0
83758 -283 0
83744 284 0
83758 -284 0
84276 285 0
83758 -285 0
35542 8 0
83758 -8 0
90204 286 0
83758 -286 0
76920 287 0
83758 -287 0
106284 288 0
83758 -288 0
76104 289 0
83758 -289 0
74748 290 0
83758 -290 0
78102 291 0
83758 -291 0
89572 292 0
83758 -292 0
67724 293 0
83758 -293 0
90644 294 0
83758 -294 0
79014 295 0
83758 -295 0
78284 296 0
83758 -296 0
78096 297 0
83758 -297 0
91150 298 0
83758 -298 0
81182 299 0
83758 -299 0
84012 300 0
83758 -300 0
87038 301 0
83758 -301 0
76198 302 0
83758 -302 0
79692 303 0
83758 -303 0
77272 304 0
83758 -304 0
81118 305 0
83758 -305 0
87634 306 0
83758 -306 0
86720 307 0
83758 -307 0
89070 308 0
83758 -308 0
84396 309 0
83758 -309 0
84240 310 0
83758 -310 0
85898 311 0
83758 -311 0
82158 312 0
83758 -312 0
86752 313 0
83758 -313 0
83402 314 0
83758 -314 0
83738 315 0
83758 -315 0
83610 316 0
83758 -316 0
73448 9 0
83758 -9 0
90710 317 0
83758 -317 0
77056 318 0
83758 -318 0
81466 319 0
83758 -319 0
68210 320 0
83758 -320 0
83728 321 0
83758 -321 0
73664 322 0
83758 -322 0
76536 323 0
83758 -323 0
79798 324 0
83758 -324 0
84796 325 0
83758 -325 0
86250 326 0
83758 -326 0
91026 327 0
83758 -327 0
80348 328 0
83758 -328 0
89166 329 0
83758 -329 0
85990 330 0
83758 -330 0
76750 331 0
83758 -331 0
85526 332 0
83758 -332 0
77288 333 0
83758 -333 0
83280 334 0
83758 -334 0
83316 335 0
83758 -335 0
84772 336 0
83758 -336 0
81568 337 0
83758 -337 0
86248 338 0
83758 -338 0
80890 339 0
83758 -339 0
78738 340 0
83758 -340 0
86674 341 0
83758 -341 0
85014 342 0
83758 -342 0
84278 343 0
83758 -343 0
84956 344 0
83758 -344 0
85196 345 0
83758 -345 0
85164 346 0
83758 -346 0
47056 10 0
83758 -10 0
92262 347 0
83758 -347 0
85436 348 0
83758 -348 0
94342 349 0
83758 -349 0
81482 350 0
83758 -350 0
81300 351 0
83758 -351 0
81330 352 0
83758 -352 0
104704 353 0
83758 -353 0
79496 354 0
83758 -354 0
76672 355 0
83758 -355 0
89662 356 0
83758 -356 0
81462 357 0
83758 -357 0
83240 358 0
83758 -358 0
82000 359 0
83758 -359 0
88354 360 0
83758 -360 0
91200 361 0
83758 -361 0
82694 362 0
83758 -362 0
80030 363 0
83758 -363 0
85182 364 0
83758 -364 0
87036 365 0
83758 -365 0
82342 366 0
83758 -366 0
80812 367 0
83758 -367 0
82766 368 0
83758 -368 0
87908 369 0
83758 -369 0
83864 370 0
83758 -370 0
83888 371 0
83758 -371 0
85116 372 0
83758 -372 0
87406 373 0
83758 -373 0
81216 374 0
83758 -374 0
80576 375 0
83758 -375 0
111178 11 0
83758 -11 0
85074 376 0
83758 -376 0
82256 377 0
83758 -377 0
96614 378 0
83758 -378 0
85658 379 0
83758 -379 0
90850 380 0
83758 -380 0
87094 381 0
83758 -381 0
86642 382 0
83758 -382 0
77230 383 0
83758 -383 0
91444 384 0
83758 -384 0
68536 385 0
83758 -385 0
94378 386 0
83758 -386 0
87454 387 0
83758 -387 0
94190 388 0
83758 -388 0
93350 389 0
83758 -389 0
85982 390 0
83758 -390 0
83348 391 0
83758 -391 0
90144 392 0
83758 -392 0
82440 393 0
83758 -393 0
81104 394 0
83758 -394 0
84090 395 0
83758 -395 0
83590 396 0
83758 -396 0
85876 397 0
83758 -397 0
86716 398 0
83758 -398 0
90336 399 0
83758 -399 0
82006 400 0
83758 -400 0
80564 401 0
83758 -401 0
81434 402 0
83758 -402 0
81834 403 0
83758 -403 0
65806 12 0
83758 -12 0
77848 404 0
83758 -404 0
94728 405 0
83758 -405 0
81410 406 0
83758 -406 0
91516 407 0
83758 -407 0
96380 408 0
83758 -408 0
86062 409 0
83758 -409 0
74152 410 0
83758 -410 0
78934 411 0
83758 -411 0
81630 412 0
83758 -412 0
87636 413 0
83758 -413 0
82742 414 0
83758 -414 0
92712 415 0
83758 -415 0
86952 416 0
83758 -416 0
79738 417 0
83758 -417 0
86722 418 0
83758 -418 0
83008 419 0
83758 -419 0
86844 420 0
83758 -420 0
80024 421 0
83758 -421 0
80608 422 0
83758 -422 0
82678 423 0
83758 -423 0
86428 424 0
83758 -424 0
83706 425 0
83758 -425 0
90470 426 0
83758 -426 0
82762 427 0
83758 -427 0
80632 428 0
83758 -428 0
80900 429 0
83758 -429 0
81168 430 0
83758 -430 0
63294 13 0
83758 -13 0
82692 431 0
83758 -431 0
82292 432 0
83758 -432 0
71002 433 0
83758 -433 0
91784 434 0
83758 -434 0
73394 435 0
83758 -435 0
90094 436 0
83758 -436 0
89420 437 0
83758 -437 0
84094 438 0
83758 -438 0
83816 439 0
83758 -439 0
80880 440 0
83758 -440 0
75470 441 0
83758 -441 0
79332 442 0
83758 -442 0
85418 443 0
83758 -443 0
84118 444 0
83758 -444 0
81128 445 0
83758 -445 0
86068 446 0
83758 -446 0
83184 447 0
83758 -447 0
83916 448 0
83758 -448 0
78250 449 0
83758 -449 0
83194 450 0
83758 -450 0
82604 451 0
83758 -451 0
82580 452 0
83758 -452 0
85838 453 0
83758 -453 0
87000 454 0
83758 -454 0
85078 455 0
83758 -455 0
84646 456 0
83758 -456 0
46199 14 0
83758 -14 0
86826 457 0
83758 -457 0
58090 458 0
83758 -458 0
91834 459 0
83758 -459 0
80450 460 0
83758 -460 0
92310 461 0
83758 -461 0
84734 462 0
83758 -462 0
89790 463 0
83758 -463 0
87534 464 0
83758 -464 0
88124 465 0
83758 -465 0
79324 466 0
83758 -466 0
74096 467 0
83758 -467 0
85466 468 0
83758 -468 0
84088 469 0
83758 -469 0
82602 470 0
83758 -470 0
91338 471 0
83758 -471 0
82514 472 0
83758 -472 0
90880 473 0
83758 -473 0
84610 474 0
83758 -474 0
89142 475 0
83758 -475 0
86626 476 0
83758 -476 0
82686 477 0
83758 -477 0
87172 478 0
83758 -478 0
85676 479 0
83758 -479 0
85320 480 0
83758 -480 0
85016 481 0
83758 -481 0
54220 15 0
83758 -15 0
86062 482 0
83758 -482 0
66168 483 0
83758 -483 0
93166 484 0
83758 -484 0
79502 485 0
83758 -485 0
84288 486 0
83758 -486 0
89612 487 0
83758 -487 0
103692 488 0
83758 -488 0
94182 489 0
83758 -489 0
83366 490 0
83758 -490 0
85150 491 0
83758 -491 0
85738 492 0
83758 -492 0
93130 493 0
83758 -493 0
83032 494 0
83758 -494 0
84866 495 0
83758 -495 0
80076 496 0
83758 -496 0
82326 497 0
83758 -497 0
92350 498 0
83758 -498 0
81152 499 0
83758 -499 0
83836 500 0
83758 -500 0
83544 501 0
83758 -501 0
80314 502 0
83758 -502 0
81566 503 0
83758 -503 0
86196 504 0
83758 -504 0
86792 505 0
83758 -505 0
46430 16 0
83758 -16 0
99898 506 0
83758 -506 0
78834 507 0
83758 -507 0
89346 508 0
83758 -508 0
87044 509 0
83758 -509 0
95718 510 0
83758 -510 0
83834 511 0
83758 -511 0
88876 512 0
83758 -512 0
80584 513 0
83758 -513 0
79568 514 0
83758 -514 0
93682 515 0
83758 -515 0
84702 516 0
83758 -516 0
80610 517 0
83758 -517 0
92380 518 0
83758 -518 0
82316 519 0
83758 -519 0
88040 520 0
83758 -520 0
82382 521 0
83758 -521 0
92280 522 0
83758 -522 0
83510 523 0
83758 -523 0
84694 524 0
83758 -524 0
86696 525 0
83758 -525 0
84462 526 0
83758 -526 0
83870 527 0
83758 -527 0
83610 528 0
83758 -528 0
51035 17 0
83758 -17 0
88112 529 0
83758 -529 0
83996 530 0
83758 -530 0
79864 531 0
83758 -531 0
89282 532 0
83758 -532 0
86480 533 0
83758 -533 0
85812 534 0
83758 -534 0
70924 535 0
83758 -535 0
78808 536 0
83758 -536 0
87484 537 0
83758 -537 0
82710 538 0
83758 -538 0
83228 539 0
83758 -539 0
75814 540 0
83758 -540 0
91116 541 0
83758 -541 0
84878 542 0
83758 -542 0
86146 543 0
83758 -543 0
70960 544 0
83758 -544 0
82724 545 0
83758 -545 0
75216 546 0
83758 -546 0
81512 547 0
83758 -547 0
84440 548 0
83758 -548 0
86954 549 0
83758 -549 0
87162 550 0
83758 -550 0
69360 18 0
83758 -18 0
80012 551 0
83758 -551 0
84118 552 0
83758 -552 0
77944 553 0
83758 -553 0
77852 554 0
83758 -554 0
71396 555 0
83758 -555 0
89846 556 0
83758 -556 0
88522 557 0
83758 -557 0
81530 558 0
83758 -558 0
79686 559 0
83758 -559 0
84660 560 0
83758 -560 0
84044 561 0
83758 -561 0
86508 562 0
83758 -562 0
75686 563 0
83758 -563 0
80746 564 0
83758 -564 0
81208 565 0
83758 -565 0
79278 566 0
83758 -566 0
82454 567 0
83758 -567 0
83258 568 0
83758 -568 0
83534 569 0
83758 -569 0
81250 570 0
83758 -570 0
81094 571 0
83758 -571 0
73851 19 0
83758 -19 0
75910 572 0
83758 -572 0
79612 573 0
83758 -573 0
90502 574 0
83758 -574 0
84058 575 0
83758 -575 0
96854 576 0
83758 -576 0
91670 577 0
83758 -577 0
83228 578 0
83758 -578 0
78352 579 0
83758 -579 0
78386 580 0
83758 -580 0
80460 581 0
83758 -581 0
87422 582 0
83758 -582 0
82092 583 0
83758 -583 0
85350 584 0
83758 -584 0
77838 585 0
83758 -585 0
81596 586 0
83758 -586 0
82252 587 0
83758 -587 0
82574 588 0
83758 -588 0
79982 589 0
83758 -589 0
83396 590 0
83758 -590 0
83832 591 0
83758 -591 0
50021 20 0
83758 -20 0
82378 592 0
83758 -592 0
89846 593 0
83758 -593 0
75772 594 0
83758 -594 0
95454 595 0
83758 -595 0
75936 596 0
83758 -596 0
89808 597 0
83758 -597 0
75332 598 0
83758 -598 0
75238 599 0
83758 -599 0
63734 600 0
83758 -600 0
87976 601 0
83758 -601 0
79770 602 0
83758 -602 0
77236 603 0
83758 -603 0
76966 604 0
83758 -604 0
82996 605 0
83758 -605 0
83040 606 0
83758 -606 0
82980 607 0
83758 -607 0
88124 608 0
83758 -608 0
84738 609 0
83758 -609 0
84350 610 0
83758 -610 0
94255 21 0
83758 -21 0
88002 611 0
83758 -611 0
80258 612 0
83758 -612 0
97446 613 0
83758 -613 0
87684 614 0
83758 -614 0
76620 615 0
83758 -615 0
78778 616 0
83758 -616 0
84896 617 0
83758 -617 0
77146 618 0
83758 -618 0
82776 619 0
83758 -619 0
81510 620 0
83758 -620 0
81530 621 0
83758 -621 0
82404 622 0
83758 -622 0
85932 623 0
83758 -623 0
87276 624 0
83758 -624 0
83244 625 0
83758 -625 0
84786 626 0
83758 -626 0
81344 627 0
83758 -627 0
81168 628 0
83758 -628 0
59448 22 0
83758 -22 0
77114 629 0
83758 -629 0
73490 630 0
83758 -630 0
89080 631 0
83758 -631 0
83494 632 0
83758 -632 0
78008 633 0
83758 -633 0
78052 634 0
83758 -634 0
83696 635 0
83758 -635 0
89746 636 0
83758 -636 0
86132 637 0
83758 -637 0
77830 638 0
83758 -638 0
82606 639 0
83758 -639 0
77784 640 0
83758 -640 0
77980 641 0
83758 -641 0
84048 642 0
83758 -642 0
85738 643 0
83758 -643 0
81772 644 0
83758 -644 0
81316 645 0
83758 -645 0
74073 23 0
83758 -23 0
84272 646 0
83758 -646 0
76906 647 0
83758 -647 0
78778 648 0
83758 -648 0
73564 649 0
83758 -649 0
86762 650 0
83758 -650 0
77414 651 0
83758 -651 0
90620 652 0
83758 -652 0
71960 653 0
83758 -653 0
75632 654 0
83758 -654 0
80178 655 0
83758 -655 0
80560 656 0
83758 -656 0
82036 657 0
83758 -657 0
85566 658 0
83758 -658 0
85846 659 0
83758 -659 0
82100 660 0
83758 -660 0
81612 661 0
83758 -661 0
53218 24 0
83758 -24 0
78480 662 0
83758 -662 0
86486 663 0
83758 -663 0
89146 664 0
83758 -664 0
82388 665 0
83758 -665 0
86102 666 0
83758 -666 0
85190 667 0
83758 -667 0
85972 668 0
83758 -668 0
77254 669 0
83758 -669 0
79480 670 0
83758 -670 0
83266 671 0
83758 -671 0
79166 672 0
83758 -672 0
86676 673 0
83758 -673 0
87460 674 0
83758 -674 0
87204 675 0
83758 -675 0
86792 676 0
83758 -676 0
66926 25 0
83758 -25 0
79216 677 0
83758 -677 0
78886 678 0
83758 -678 0
85846 679 0
83758 -679 0
78328 680 0
83758 -680 0
86680 681 0
83758 -681 0
80632 682 0
83758 -682 0
81884 683 0
83758 -683 0
80368 684 0
83758 -684 0
87892 685 0
83758 -685 0
82816 686 0
83758 -686 0
87758 687 0
83758 -687 0
86372 688 0
83758 -688 0
87714 689 0
83758 -689 0
87458 690 0
83758 -690 0
97018 26 0
83758 -26 0
80606 691 0
83758 -691 0
87588 692 0
83758 -692 0
81338 693 0
83758 -693 0
81180 694 0
83758 -694 0
83316 695 0
83758 -695 0
89702 696 0
83758 -696 0
80354 697 0
83758 -697 0
89566 698 0
83758 -698 0
85490 699 0
83758 -699 0
85568 700 0
83758 -700 0
81356 701 0
83758 -701 0
85980 702 0
83758 -702 0
86348 703 0
83758 -703 0
78862 27 0
83758 -27 0
81880 704 0
83758 -704 0
76990 705 0
83758 -705 0
94472 706 0
83758 -706 0
85050 707 0
83758 -707 0
79846 708 0
83758 -708 0
76706 709 0
83758 -709 0
83530 710 0
83758 -710 0
76282 711 0
83758 -711 0
86038 712 0
83758 -712 0
87006 713 0
83758 -713 0
83282 714 0
83758 -714 0
82722 715 0
83758 -715 0
66222 28 0
83758 -28 0
75090 716 0
83758 -716 0
85488 717 0
83758 -717 0
87848 718 0
83758 -718 0
80014 719 0
83758 -719 0
80854 720 0
83758 -720 0
79490 721 0
83758 -721 0
79662 722 0
83758 -722 0
82868 723 0
83758 -723 0
87136 724 0
83758 -724 0
85180 725 0
83758 -725 0
84868 726 0
83758 -726 0
77401 29 0
83758 -29 0
86032 727 0
83758 -727 0
79990 728 0
83758 -728 0
77516 729 0
83758 -729 0
78106 730 0
83758 -730 0
82862 731 0
83758 -731 0
83338 732 0
83758 -732 0
83250 733 0
83758 -733 0
88650 734 0
83758 -734 0
85230 735 0
83758 -735 0
84794 736 0
83758 -736 0
83436 30 0
83758 -30 0
82848 737 0
83758 -737 0
85892 738 0
83758 -738 0
91898 739 0
83758 -739 0
86086 740 0
83758 -740 0
92610 741 0
83758 -741 0
82590 742 0
83758 -742 0
82588 743 0
83758 -743 0
83576 744 0
83758 -744 0
83832 745 0
83758 -745 0
77053 31 0
83758 -31 0
79986 746 0
83758 -746 0
84244 747 0
83758 -747 0
81658 748 0
83758 -748 0
88550 749 0
83758 -749 0
83322 750 0
83758 -750 0
82992 751 0
83758 -751 0
82332 752 0
83758 -752 0
82352 753 0
83758 -753 0
72598 32 0
83758 -32 0
82848 754 0
83758 -754 0
81408 755 0
83758 -755 0
84204 756 0
83758 -756 0
84932 757 0
83758 -757 0
88344 758 0
83758 -758 0
82654 759 0
83758 -759 0
81982 760 0
83758 -760 0
75819 33 0
83758 -33 0
84116 761 0
83758 -761 0
74692 762 0
83758 -762 0
83924 763 0
83758 -763 0
84744 764 0
83758 -764 0
87390 765 0
83758 -765 0
87458 766 0
83758 -766 0
72482 34 0
83758 -34 0
81482 767 0
83758 -767 0
82434 768 0
83758 -768 0
84102 769 0
83758 -769 0
82534 770 0
83758 -770 0
82426 771 0
83758 -771 0
70050 35 0
83758 -35 0
84534 772 0
83758 -772 0
85758 773 0
83758 -773 0
85622 774 0
83758 -774 0
85386 775 0
83758 -775 0
82726 36 0
83758 -36 0
82836 776 0
83758 -776 0
83216 777 0
83758 -777 0
83388 778 0
83758 -778 0
86905 37 0
83758 -37 0
83264 779 0
83758 -779 0
83832 780 0
83758 -780 0
82657 38 0
83758 -38 0
81168 781 0
83758 -781 0
81797 39 0
83758 -39 0
