c
c Generated WCNF file
c
p wcnf 862 4183 83898
83898 42 0
83898 -43 1 0
83898 -43 2 0
83898 43 -1 -2 0
83898 -44 1 0
83898 -44 3 0
83898 44 -1 -3 0
83898 -45 1 0
83898 -45 4 0
83898 45 -1 -4 0
83898 -46 1 0
83898 -46 5 0
83898 46 -1 -5 0
83898 -47 1 0
83898 -47 6 0
83898 47 -1 -6 0
83898 -48 1 0
83898 -48 7 0
83898 48 -1 -7 0
83898 -49 1 0
83898 -49 8 0
83898 49 -1 -8 0
83898 -50 1 0
83898 -50 9 0
83898 50 -1 -9 0
83898 -51 1 0
83898 -51 10 0
83898 51 -1 -10 0
83898 -52 1 0
83898 -52 11 0
83898 52 -1 -11 0
83898 -53 1 0
83898 -53 12 0
83898 53 -1 -12 0
83898 -54 1 0
83898 -54 13 0
83898 54 -1 -13 0
83898 -55 1 0
83898 -55 14 0
83898 55 -1 -14 0
83898 -56 1 0
83898 -56 15 0
83898 56 -1 -15 0
83898 -57 1 0
83898 -57 16 0
83898 57 -1 -16 0
83898 -58 1 0
83898 -58 17 0
83898 58 -1 -17 0
83898 -59 1 0
83898 -59 18 0
83898 59 -1 -18 0
83898 -60 1 0
83898 -60 19 0
83898 60 -1 -19 0
83898 -61 1 0
83898 -61 20 0
83898 61 -1 -20 0
83898 -62 1 0
83898 -62 21 0
83898 62 -1 -21 0
83898 -63 1 0
83898 -63 22 0
83898 63 -1 -22 0
83898 -64 1 0
83898 -64 23 0
83898 64 -1 -23 0
83898 -65 1 0
83898 -65 24 0
83898 65 -1 -24 0
83898 -66 1 0
83898 -66 25 0
83898 66 -1 -25 0
83898 -67 1 0
83898 -67 26 0
83898 67 -1 -26 0
83898 -68 1 0
83898 -68 27 0
83898 68 -1 -27 0
83898 -69 1 0
83898 -69 28 0
83898 69 -1 -28 0
83898 -70 1 0
83898 -70 29 0
83898 70 -1 -29 0
83898 -71 1 0
83898 -71 30 0
83898 71 -1 -30 0
83898 -72 1 0
83898 -72 31 0
83898 72 -1 -31 0
83898 -73 1 0
83898 -73 32 0
83898 73 -1 -32 0
83898 -74 1 0
83898 -74 33 0
83898 74 -1 -33 0
83898 -75 1 0
83898 -75 34 0
83898 75 -1 -34 0
83898 -76 1 0
83898 -76 35 0
83898 76 -1 -35 0
83898 -77 1 0
83898 -77 36 0
83898 77 -1 -36 0
83898 -78 1 0
83898 -78 37 0
83898 78 -1 -37 0
83898 -79 1 0
83898 -79 38 0
83898 79 -1 -38 0
83898 -80 1 0
83898 -80 39 0
83898 80 -1 -39 0
83898 -81 1 0
83898 -81 40 0
83898 81 -1 -40 0
83898 -82 1 0
83898 -82 41 0
83898 82 -1 -41 0
83898 -83 2 0
83898 -83 3 0
83898 83 -2 -3 0
83898 -84 2 0
83898 -84 4 0
83898 84 -2 -4 0
83898 -85 2 0
83898 -85 5 0
83898 85 -2 -5 0
83898 -86 2 0
83898 -86 6 0
83898 86 -2 -6 0
83898 -87 2 0
83898 -87 7 0
83898 87 -2 -7 0
83898 -88 2 0
83898 -88 8 0
83898 88 -2 -8 0
83898 -89 2 0
83898 -89 9 0
83898 89 -2 -9 0
83898 -90 2 0
83898 -90 10 0
83898 90 -2 -10 0
83898 -91 2 0
83898 -91 11 0
83898 91 -2 -11 0
83898 -92 2 0
83898 -92 12 0
83898 92 -2 -12 0
83898 -93 2 0
83898 -93 13 0
83898 93 -2 -13 0
83898 -94 2 0
83898 -94 14 0
83898 94 -2 -14 0
83898 -95 2 0
83898 -95 15 0
83898 95 -2 -15 0
83898 -96 2 0
83898 -96 16 0
83898 96 -2 -16 0
83898 -97 2 0
83898 -97 17 0
83898 97 -2 -17 0
83898 -98 2 0
83898 -98 18 0
83898 98 -2 -18 0
83898 -99 2 0
83898 -99 19 0
83898 99 -2 -19 0
83898 -100 2 0
83898 -100 20 0
83898 100 -2 -20 0
83898 -101 2 0
83898 -101 21 0
83898 101 -2 -21 0
83898 -102 2 0
83898 -102 22 0
83898 102 -2 -22 0
83898 -103 2 0
83898 -103 23 0
83898 103 -2 -23 0
83898 -104 2 0
83898 -104 24 0
83898 104 -2 -24 0
83898 -105 2 0
83898 -105 25 0
83898 105 -2 -25 0
83898 -106 2 0
83898 -106 26 0
83898 106 -2 -26 0
83898 -107 2 0
83898 -107 27 0
83898 107 -2 -27 0
83898 -108 2 0
83898 -108 28 0
83898 108 -2 -28 0
83898 -109 2 0
83898 -109 29 0
83898 109 -2 -29 0
83898 -110 2 0
83898 -110 30 0
83898 110 -2 -30 0
83898 -111 2 0
83898 -111 31 0
83898 111 -2 -31 0
83898 -112 2 0
83898 -112 32 0
83898 112 -2 -32 0
83898 -113 2 0
83898 -113 33 0
83898 113 -2 -33 0
83898 -114 2 0
83898 -114 34 0
83898 114 -2 -34 0
83898 -115 2 0
83898 -115 35 0
83898 115 -2 -35 0
83898 -116 2 0
83898 -116 36 0
83898 116 -2 -36 0
83898 -117 2 0
83898 -117 37 0
83898 117 -2 -37 0
83898 -118 2 0
83898 -118 38 0
83898 118 -2 -38 0
83898 -119 2 0
83898 -119 39 0
83898 119 -2 -39 0
83898 -120 2 0
83898 -120 40 0
83898 120 -2 -40 0
83898 -121 2 0
83898 -121 41 0
83898 121 -2 -41 0
83898 -122 3 0
83898 -122 4 0
83898 122 -3 -4 0
83898 -123 3 0
83898 -123 5 0
83898 123 -3 -5 0
83898 -124 3 0
83898 -124 6 0
83898 124 -3 -6 0
83898 -125 3 0
83898 -125 7 0
83898 125 -3 -7 0
83898 -126 3 0
83898 -126 8 0
83898 126 -3 -8 0
83898 -127 3 0
83898 -127 9 0
83898 127 -3 -9 0
83898 -128 3 0
83898 -128 10 0
83898 128 -3 -10 0
83898 -129 3 0
83898 -129 11 0
83898 129 -3 -11 0
83898 -130 3 0
83898 -130 12 0
83898 130 -3 -12 0
83898 -131 3 0
83898 -131 13 0
83898 131 -3 -13 0
83898 -132 3 0
83898 -132 14 0
83898 132 -3 -14 0
83898 -133 3 0
83898 -133 15 0
83898 133 -3 -15 0
83898 -134 3 0
83898 -134 16 0
83898 134 -3 -16 0
83898 -135 3 0
83898 -135 17 0
83898 135 -3 -17 0
83898 -136 3 0
83898 -136 18 0
83898 136 -3 -18 0
83898 -137 3 0
83898 -137 19 0
83898 137 -3 -19 0
83898 -138 3 0
83898 -138 20 0
83898 138 -3 -20 0
83898 -139 3 0
83898 -139 21 0
83898 139 -3 -21 0
83898 -140 3 0
83898 -140 22 0
83898 140 -3 -22 0
83898 -141 3 0
83898 -141 23 0
83898 141 -3 -23 0
83898 -142 3 0
83898 -142 24 0
83898 142 -3 -24 0
83898 -143 3 0
83898 -143 25 0
83898 143 -3 -25 0
83898 -144 3 0
83898 -144 26 0
83898 144 -3 -26 0
83898 -145 3 0
83898 -145 27 0
83898 145 -3 -27 0
83898 -146 3 0
83898 -146 28 0
83898 146 -3 -28 0
83898 -147 3 0
83898 -147 29 0
83898 147 -3 -29 0
83898 -148 3 0
83898 -148 30 0
83898 148 -3 -30 0
83898 -149 3 0
83898 -149 31 0
83898 149 -3 -31 0
83898 -150 3 0
83898 -150 32 0
83898 150 -3 -32 0
83898 -151 3 0
83898 -151 33 0
83898 151 -3 -33 0
83898 -152 3 0
83898 -152 34 0
83898 152 -3 -34 0
83898 -153 3 0
83898 -153 35 0
83898 153 -3 -35 0
83898 -154 3 0
83898 -154 36 0
83898 154 -3 -36 0
83898 -155 3 0
83898 -155 37 0
83898 155 -3 -37 0
83898 -156 3 0
83898 -156 38 0
83898 156 -3 -38 0
83898 -157 3 0
83898 -157 39 0
83898 157 -3 -39 0
83898 -158 3 0
83898 -158 40 0
83898 158 -3 -40 0
83898 -159 3 0
83898 -159 41 0
83898 159 -3 -41 0
83898 -160 4 0
83898 -160 5 0
83898 160 -4 -5 0
83898 -161 4 0
83898 -161 6 0
83898 161 -4 -6 0
83898 -162 4 0
83898 -162 7 0
83898 162 -4 -7 0
83898 -163 4 0
83898 -163 8 0
83898 163 -4 -8 0
83898 -164 4 0
83898 -164 9 0
83898 164 -4 -9 0
83898 -165 4 0
83898 -165 10 0
83898 165 -4 -10 0
83898 -166 4 0
83898 -166 11 0
83898 166 -4 -11 0
83898 -167 4 0
83898 -167 12 0
83898 167 -4 -12 0
83898 -168 4 0
83898 -168 13 0
83898 168 -4 -13 0
83898 -169 4 0
83898 -169 14 0
83898 169 -4 -14 0
83898 -170 4 0
83898 -170 15 0
83898 170 -4 -15 0
83898 -171 4 0
83898 -171 16 0
83898 171 -4 -16 0
83898 -172 4 0
83898 -172 17 0
83898 172 -4 -17 0
83898 -173 4 0
83898 -173 18 0
83898 173 -4 -18 0
83898 -174 4 0
83898 -174 19 0
83898 174 -4 -19 0
83898 -175 4 0
83898 -175 20 0
83898 175 -4 -20 0
83898 -176 4 0
83898 -176 21 0
83898 176 -4 -21 0
83898 -177 4 0
83898 -177 22 0
83898 177 -4 -22 0
83898 -178 4 0
83898 -178 23 0
83898 178 -4 -23 0
83898 -179 4 0
83898 -179 24 0
83898 179 -4 -24 0
83898 -180 4 0
83898 -180 25 0
83898 180 -4 -25 0
83898 -181 4 0
83898 -181 26 0
83898 181 -4 -26 0
83898 -182 4 0
83898 -182 27 0
83898 182 -4 -27 0
83898 -183 4 0
83898 -183 28 0
83898 183 -4 -28 0
83898 -184 4 0
83898 -184 29 0
83898 184 -4 -29 0
83898 -185 4 0
83898 -185 30 0
83898 185 -4 -30 0
83898 -186 4 0
83898 -186 31 0
83898 186 -4 -31 0
83898 -187 4 0
83898 -187 32 0
83898 187 -4 -32 0
83898 -188 4 0
83898 -188 33 0
83898 188 -4 -33 0
83898 -189 4 0
83898 -189 34 0
83898 189 -4 -34 0
83898 -190 4 0
83898 -190 35 0
83898 190 -4 -35 0
83898 -191 4 0
83898 -191 36 0
83898 191 -4 -36 0
83898 -192 4 0
83898 -192 37 0
83898 192 -4 -37 0
83898 -193 4 0
83898 -193 38 0
83898 193 -4 -38 0
83898 -194 4 0
83898 -194 39 0
83898 194 -4 -39 0
83898 -195 4 0
83898 -195 40 0
83898 195 -4 -40 0
83898 -196 4 0
83898 -196 41 0
83898 196 -4 -41 0
83898 -197 5 0
83898 -197 6 0
83898 197 -5 -6 0
83898 -198 5 0
83898 -198 7 0
83898 198 -5 -7 0
83898 -199 5 0
83898 -199 8 0
83898 199 -5 -8 0
83898 -200 5 0
83898 -200 9 0
83898 200 -5 -9 0
83898 -201 5 0
83898 -201 10 0
83898 201 -5 -10 0
83898 -202 5 0
83898 -202 11 0
83898 202 -5 -11 0
83898 -203 5 0
83898 -203 12 0
83898 203 -5 -12 0
83898 -204 5 0
83898 -204 13 0
83898 204 -5 -13 0
83898 -205 5 0
83898 -205 14 0
83898 205 -5 -14 0
83898 -206 5 0
83898 -206 15 0
83898 206 -5 -15 0
83898 -207 5 0
83898 -207 16 0
83898 207 -5 -16 0
83898 -208 5 0
83898 -208 17 0
83898 208 -5 -17 0
83898 -209 5 0
83898 -209 18 0
83898 209 -5 -18 0
83898 -210 5 0
83898 -210 19 0
83898 210 -5 -19 0
83898 -211 5 0
83898 -211 20 0
83898 211 -5 -20 0
83898 -212 5 0
83898 -212 21 0
83898 212 -5 -21 0
83898 -213 5 0
83898 -213 22 0
83898 213 -5 -22 0
83898 -214 5 0
83898 -214 23 0
83898 214 -5 -23 0
83898 -215 5 0
83898 -215 24 0
83898 215 -5 -24 0
83898 -216 5 0
83898 -216 25 0
83898 216 -5 -25 0
83898 -217 5 0
83898 -217 26 0
83898 217 -5 -26 0
83898 -218 5 0
83898 -218 27 0
83898 218 -5 -27 0
83898 -219 5 0
83898 -219 28 0
83898 219 -5 -28 0
83898 -220 5 0
83898 -220 29 0
83898 220 -5 -29 0
83898 -221 5 0
83898 -221 30 0
83898 221 -5 -30 0
83898 -222 5 0
83898 -222 31 0
83898 222 -5 -31 0
83898 -223 5 0
83898 -223 32 0
83898 223 -5 -32 0
83898 -224 5 0
83898 -224 33 0
83898 224 -5 -33 0
83898 -225 5 0
83898 -225 34 0
83898 225 -5 -34 0
83898 -226 5 0
83898 -226 35 0
83898 226 -5 -35 0
83898 -227 5 0
83898 -227 36 0
83898 227 -5 -36 0
83898 -228 5 0
83898 -228 37 0
83898 228 -5 -37 0
83898 -229 5 0
83898 -229 38 0
83898 229 -5 -38 0
83898 -230 5 0
83898 -230 39 0
83898 230 -5 -39 0
83898 -231 5 0
83898 -231 40 0
83898 231 -5 -40 0
83898 -232 5 0
83898 -232 41 0
83898 232 -5 -41 0
83898 -233 6 0
83898 -233 7 0
83898 233 -6 -7 0
83898 -234 6 0
83898 -234 8 0
83898 234 -6 -8 0
83898 -235 6 0
83898 -235 9 0
83898 235 -6 -9 0
83898 -236 6 0
83898 -236 10 0
83898 236 -6 -10 0
83898 -237 6 0
83898 -237 11 0
83898 237 -6 -11 0
83898 -238 6 0
83898 -238 12 0
83898 238 -6 -12 0
83898 -239 6 0
83898 -239 13 0
83898 239 -6 -13 0
83898 -240 6 0
83898 -240 14 0
83898 240 -6 -14 0
83898 -241 6 0
83898 -241 15 0
83898 241 -6 -15 0
83898 -242 6 0
83898 -242 16 0
83898 242 -6 -16 0
83898 -243 6 0
83898 -243 17 0
83898 243 -6 -17 0
83898 -244 6 0
83898 -244 18 0
83898 244 -6 -18 0
83898 -245 6 0
83898 -245 19 0
83898 245 -6 -19 0
83898 -246 6 0
83898 -246 20 0
83898 246 -6 -20 0
83898 -247 6 0
83898 -247 21 0
83898 247 -6 -21 0
83898 -248 6 0
83898 -248 22 0
83898 248 -6 -22 0
83898 -249 6 0
83898 -249 23 0
83898 249 -6 -23 0
83898 -250 6 0
83898 -250 24 0
83898 250 -6 -24 0
83898 -251 6 0
83898 -251 25 0
83898 251 -6 -25 0
83898 -252 6 0
83898 -252 26 0
83898 252 -6 -26 0
83898 -253 6 0
83898 -253 27 0
83898 253 -6 -27 0
83898 -254 6 0
83898 -254 28 0
83898 254 -6 -28 0
83898 -255 6 0
83898 -255 29 0
83898 255 -6 -29 0
83898 -256 6 0
83898 -256 30 0
83898 256 -6 -30 0
83898 -257 6 0
83898 -257 31 0
83898 257 -6 -31 0
83898 -258 6 0
83898 -258 32 0
83898 258 -6 -32 0
83898 -259 6 0
83898 -259 33 0
83898 259 -6 -33 0
83898 -260 6 0
83898 -260 34 0
83898 260 -6 -34 0
83898 -261 6 0
83898 -261 35 0
83898 261 -6 -35 0
83898 -262 6 0
83898 -262 36 0
83898 262 -6 -36 0
83898 -263 6 0
83898 -263 37 0
83898 263 -6 -37 0
83898 -264 6 0
83898 -264 38 0
83898 264 -6 -38 0
83898 -265 6 0
83898 -265 39 0
83898 265 -6 -39 0
83898 -266 6 0
83898 -266 40 0
83898 266 -6 -40 0
83898 -267 6 0
83898 -267 41 0
83898 267 -6 -41 0
83898 -268 7 0
83898 -268 8 0
83898 268 -7 -8 0
83898 -269 7 0
83898 -269 9 0
83898 269 -7 -9 0
83898 -270 7 0
83898 -270 10 0
83898 270 -7 -10 0
83898 -271 7 0
83898 -271 11 0
83898 271 -7 -11 0
83898 -272 7 0
83898 -272 12 0
83898 272 -7 -12 0
83898 -273 7 0
83898 -273 13 0
83898 273 -7 -13 0
83898 -274 7 0
83898 -274 14 0
83898 274 -7 -14 0
83898 -275 7 0
83898 -275 15 0
83898 275 -7 -15 0
83898 -276 7 0
83898 -276 16 0
83898 276 -7 -16 0
83898 -277 7 0
83898 -277 17 0
83898 277 -7 -17 0
83898 -278 7 0
83898 -278 18 0
83898 278 -7 -18 0
83898 -279 7 0
83898 -279 19 0
83898 279 -7 -19 0
83898 -280 7 0
83898 -280 20 0
83898 280 -7 -20 0
83898 -281 7 0
83898 -281 21 0
83898 281 -7 -21 0
83898 -282 7 0
83898 -282 22 0
83898 282 -7 -22 0
83898 -283 7 0
83898 -283 23 0
83898 283 -7 -23 0
83898 -284 7 0
83898 -284 24 0
83898 284 -7 -24 0
83898 -285 7 0
83898 -285 25 0
83898 285 -7 -25 0
83898 -286 7 0
83898 -286 26 0
83898 286 -7 -26 0
83898 -287 7 0
83898 -287 27 0
83898 287 -7 -27 0
83898 -288 7 0
83898 -288 28 0
83898 288 -7 -28 0
83898 -289 7 0
83898 -289 29 0
83898 289 -7 -29 0
83898 -290 7 0
83898 -290 30 0
83898 290 -7 -30 0
83898 -291 7 0
83898 -291 31 0
83898 291 -7 -31 0
83898 -292 7 0
83898 -292 32 0
83898 292 -7 -32 0
83898 -293 7 0
83898 -293 33 0
83898 293 -7 -33 0
83898 -294 7 0
83898 -294 34 0
83898 294 -7 -34 0
83898 -295 7 0
83898 -295 35 0
83898 295 -7 -35 0
83898 -296 7 0
83898 -296 36 0
83898 296 -7 -36 0
83898 -297 7 0
83898 -297 37 0
83898 297 -7 -37 0
83898 -298 7 0
83898 -298 38 0
83898 298 -7 -38 0
83898 -299 7 0
83898 -299 39 0
83898 299 -7 -39 0
83898 -300 7 0
83898 -300 40 0
83898 300 -7 -40 0
83898 -301 7 0
83898 -301 41 0
83898 301 -7 -41 0
83898 -302 8 0
83898 -302 9 0
83898 302 -8 -9 0
83898 -303 8 0
83898 -303 10 0
83898 303 -8 -10 0
83898 -304 8 0
83898 -304 11 0
83898 304 -8 -11 0
83898 -305 8 0
83898 -305 12 0
83898 305 -8 -12 0
83898 -306 8 0
83898 -306 13 0
83898 306 -8 -13 0
83898 -307 8 0
83898 -307 14 0
83898 307 -8 -14 0
83898 -308 8 0
83898 -308 15 0
83898 308 -8 -15 0
83898 -309 8 0
83898 -309 16 0
83898 309 -8 -16 0
83898 -310 8 0
83898 -310 17 0
83898 310 -8 -17 0
83898 -311 8 0
83898 -311 18 0
83898 311 -8 -18 0
83898 -312 8 0
83898 -312 19 0
83898 312 -8 -19 0
83898 -313 8 0
83898 -313 20 0
83898 313 -8 -20 0
83898 -314 8 0
83898 -314 21 0
83898 314 -8 -21 0
83898 -315 8 0
83898 -315 22 0
83898 315 -8 -22 0
83898 -316 8 0
83898 -316 23 0
83898 316 -8 -23 0
83898 -317 8 0
83898 -317 24 0
83898 317 -8 -24 0
83898 -318 8 0
83898 -318 25 0
83898 318 -8 -25 0
83898 -319 8 0
83898 -319 26 0
83898 319 -8 -26 0
83898 -320 8 0
83898 -320 27 0
83898 320 -8 -27 0
83898 -321 8 0
83898 -321 28 0
83898 321 -8 -28 0
83898 -322 8 0
83898 -322 29 0
83898 322 -8 -29 0
83898 -323 8 0
83898 -323 30 0
83898 323 -8 -30 0
83898 -324 8 0
83898 -324 31 0
83898 324 -8 -31 0
83898 -325 8 0
83898 -325 32 0
83898 325 -8 -32 0
83898 -326 8 0
83898 -326 33 0
83898 326 -8 -33 0
83898 -327 8 0
83898 -327 34 0
83898 327 -8 -34 0
83898 -328 8 0
83898 -328 35 0
83898 328 -8 -35 0
83898 -329 8 0
83898 -329 36 0
83898 329 -8 -36 0
83898 -330 8 0
83898 -330 37 0
83898 330 -8 -37 0
83898 -331 8 0
83898 -331 38 0
83898 331 -8 -38 0
83898 -332 8 0
83898 -332 39 0
83898 332 -8 -39 0
83898 -333 8 0
83898 -333 40 0
83898 333 -8 -40 0
83898 -334 8 0
83898 -334 41 0
83898 334 -8 -41 0
83898 -335 9 0
83898 -335 10 0
83898 335 -9 -10 0
83898 -336 9 0
83898 -336 11 0
83898 336 -9 -11 0
83898 -337 9 0
83898 -337 12 0
83898 337 -9 -12 0
83898 -338 9 0
83898 -338 13 0
83898 338 -9 -13 0
83898 -339 9 0
83898 -339 14 0
83898 339 -9 -14 0
83898 -340 9 0
83898 -340 15 0
83898 340 -9 -15 0
83898 -341 9 0
83898 -341 16 0
83898 341 -9 -16 0
83898 -342 9 0
83898 -342 17 0
83898 342 -9 -17 0
83898 -343 9 0
83898 -343 18 0
83898 343 -9 -18 0
83898 -344 9 0
83898 -344 19 0
83898 344 -9 -19 0
83898 -345 9 0
83898 -345 20 0
83898 345 -9 -20 0
83898 -346 9 0
83898 -346 21 0
83898 346 -9 -21 0
83898 -347 9 0
83898 -347 22 0
83898 347 -9 -22 0
83898 -348 9 0
83898 -348 23 0
83898 348 -9 -23 0
83898 -349 9 0
83898 -349 24 0
83898 349 -9 -24 0
83898 -350 9 0
83898 -350 25 0
83898 350 -9 -25 0
83898 -351 9 0
83898 -351 26 0
83898 351 -9 -26 0
83898 -352 9 0
83898 -352 27 0
83898 352 -9 -27 0
83898 -353 9 0
83898 -353 28 0
83898 353 -9 -28 0
83898 -354 9 0
83898 -354 29 0
83898 354 -9 -29 0
83898 -355 9 0
83898 -355 30 0
83898 355 -9 -30 0
83898 -356 9 0
83898 -356 31 0
83898 356 -9 -31 0
83898 -357 9 0
83898 -357 32 0
83898 357 -9 -32 0
83898 -358 9 0
83898 -358 33 0
83898 358 -9 -33 0
83898 -359 9 0
83898 -359 34 0
83898 359 -9 -34 0
83898 -360 9 0
83898 -360 35 0
83898 360 -9 -35 0
83898 -361 9 0
83898 -361 36 0
83898 361 -9 -36 0
83898 -362 9 0
83898 -362 37 0
83898 362 -9 -37 0
83898 -363 9 0
83898 -363 38 0
83898 363 -9 -38 0
83898 -364 9 0
83898 -364 39 0
83898 364 -9 -39 0
83898 -365 9 0
83898 -365 40 0
83898 365 -9 -40 0
83898 -366 9 0
83898 -366 41 0
83898 366 -9 -41 0
83898 -367 10 0
83898 -367 11 0
83898 367 -10 -11 0
83898 -368 10 0
83898 -368 12 0
83898 368 -10 -12 0
83898 -369 10 0
83898 -369 13 0
83898 369 -10 -13 0
83898 -370 10 0
83898 -370 14 0
83898 370 -10 -14 0
83898 -371 10 0
83898 -371 15 0
83898 371 -10 -15 0
83898 -372 10 0
83898 -372 16 0
83898 372 -10 -16 0
83898 -373 10 0
83898 -373 17 0
83898 373 -10 -17 0
83898 -374 10 0
83898 -374 18 0
83898 374 -10 -18 0
83898 -375 10 0
83898 -375 19 0
83898 375 -10 -19 0
83898 -376 10 0
83898 -376 20 0
83898 376 -10 -20 0
83898 -377 10 0
83898 -377 21 0
83898 377 -10 -21 0
83898 -378 10 0
83898 -378 22 0
83898 378 -10 -22 0
83898 -379 10 0
83898 -379 23 0
83898 379 -10 -23 0
83898 -380 10 0
83898 -380 24 0
83898 380 -10 -24 0
83898 -381 10 0
83898 -381 25 0
83898 381 -10 -25 0
83898 -382 10 0
83898 -382 26 0
83898 382 -10 -26 0
83898 -383 10 0
83898 -383 27 0
83898 383 -10 -27 0
83898 -384 10 0
83898 -384 28 0
83898 384 -10 -28 0
83898 -385 10 0
83898 -385 29 0
83898 385 -10 -29 0
83898 -386 10 0
83898 -386 30 0
83898 386 -10 -30 0
83898 -387 10 0
83898 -387 31 0
83898 387 -10 -31 0
83898 -388 10 0
83898 -388 32 0
83898 388 -10 -32 0
83898 -389 10 0
83898 -389 33 0
83898 389 -10 -33 0
83898 -390 10 0
83898 -390 34 0
83898 390 -10 -34 0
83898 -391 10 0
83898 -391 35 0
83898 391 -10 -35 0
83898 -392 10 0
83898 -392 36 0
83898 392 -10 -36 0
83898 -393 10 0
83898 -393 37 0
83898 393 -10 -37 0
83898 -394 10 0
83898 -394 38 0
83898 394 -10 -38 0
83898 -395 10 0
83898 -395 39 0
83898 395 -10 -39 0
83898 -396 10 0
83898 -396 40 0
83898 396 -10 -40 0
83898 -397 10 0
83898 -397 41 0
83898 397 -10 -41 0
83898 -398 11 0
83898 -398 12 0
83898 398 -11 -12 0
83898 -399 11 0
83898 -399 13 0
83898 399 -11 -13 0
83898 -400 11 0
83898 -400 14 0
83898 400 -11 -14 0
83898 -401 11 0
83898 -401 15 0
83898 401 -11 -15 0
83898 -402 11 0
83898 -402 16 0
83898 402 -11 -16 0
83898 -403 11 0
83898 -403 17 0
83898 403 -11 -17 0
83898 -404 11 0
83898 -404 18 0
83898 404 -11 -18 0
83898 -405 11 0
83898 -405 19 0
83898 405 -11 -19 0
83898 -406 11 0
83898 -406 20 0
83898 406 -11 -20 0
83898 -407 11 0
83898 -407 21 0
83898 407 -11 -21 0
83898 -408 11 0
83898 -408 22 0
83898 408 -11 -22 0
83898 -409 11 0
83898 -409 23 0
83898 409 -11 -23 0
83898 -410 11 0
83898 -410 24 0
83898 410 -11 -24 0
83898 -411 11 0
83898 -411 25 0
83898 411 -11 -25 0
83898 -412 11 0
83898 -412 26 0
83898 412 -11 -26 0
83898 -413 11 0
83898 -413 27 0
83898 413 -11 -27 0
83898 -414 11 0
83898 -414 28 0
83898 414 -11 -28 0
83898 -415 11 0
83898 -415 29 0
83898 415 -11 -29 0
83898 -416 11 0
83898 -416 30 0
83898 416 -11 -30 0
83898 -417 11 0
83898 -417 31 0
83898 417 -11 -31 0
83898 -418 11 0
83898 -418 32 0
83898 418 -11 -32 0
83898 -419 11 0
83898 -419 33 0
83898 419 -11 -33 0
83898 -420 11 0
83898 -420 34 0
83898 420 -11 -34 0
83898 -421 11 0
83898 -421 35 0
83898 421 -11 -35 0
83898 -422 11 0
83898 -422 36 0
83898 422 -11 -36 0
83898 -423 11 0
83898 -423 37 0
83898 423 -11 -37 0
83898 -424 11 0
83898 -424 38 0
83898 424 -11 -38 0
83898 -425 11 0
83898 -425 39 0
83898 425 -11 -39 0
83898 -426 11 0
83898 -426 40 0
83898 426 -11 -40 0
83898 -427 11 0
83898 -427 41 0
83898 427 -11 -41 0
83898 -428 12 0
83898 -428 13 0
83898 428 -12 -13 0
83898 -429 12 0
83898 -429 14 0
83898 429 -12 -14 0
83898 -430 12 0
83898 -430 15 0
83898 430 -12 -15 0
83898 -431 12 0
83898 -431 16 0
83898 431 -12 -16 0
83898 -432 12 0
83898 -432 17 0
83898 432 -12 -17 0
83898 -433 12 0
83898 -433 18 0
83898 433 -12 -18 0
83898 -434 12 0
83898 -434 19 0
83898 434 -12 -19 0
83898 -435 12 0
83898 -435 20 0
83898 435 -12 -20 0
83898 -436 12 0
83898 -436 21 0
83898 436 -12 -21 0
83898 -437 12 0
83898 -437 22 0
83898 437 -12 -22 0
83898 -438 12 0
83898 -438 23 0
83898 438 -12 -23 0
83898 -439 12 0
83898 -439 24 0
83898 439 -12 -24 0
83898 -440 12 0
83898 -440 25 0
83898 440 -12 -25 0
83898 -441 12 0
83898 -441 26 0
83898 441 -12 -26 0
83898 -442 12 0
83898 -442 27 0
83898 442 -12 -27 0
83898 -443 12 0
83898 -443 28 0
83898 443 -12 -28 0
83898 -444 12 0
83898 -444 29 0
83898 444 -12 -29 0
83898 -445 12 0
83898 -445 30 0
83898 445 -12 -30 0
83898 -446 12 0
83898 -446 31 0
83898 446 -12 -31 0
83898 -447 12 0
83898 -447 32 0
83898 447 -12 -32 0
83898 -448 12 0
83898 -448 33 0
83898 448 -12 -33 0
83898 -449 12 0
83898 -449 34 0
83898 449 -12 -34 0
83898 -450 12 0
83898 -450 35 0
83898 450 -12 -35 0
83898 -451 12 0
83898 -451 36 0
83898 451 -12 -36 0
83898 -452 12 0
83898 -452 37 0
83898 452 -12 -37 0
83898 -453 12 0
83898 -453 38 0
83898 453 -12 -38 0
83898 -454 12 0
83898 -454 39 0
83898 454 -12 -39 0
83898 -455 12 0
83898 -455 40 0
83898 455 -12 -40 0
83898 -456 12 0
83898 -456 41 0
83898 456 -12 -41 0
83898 -457 13 0
83898 -457 14 0
83898 457 -13 -14 0
83898 -458 13 0
83898 -458 15 0
83898 458 -13 -15 0
83898 -459 13 0
83898 -459 16 0
83898 459 -13 -16 0
83898 -460 13 0
83898 -460 17 0
83898 460 -13 -17 0
83898 -461 13 0
83898 -461 18 0
83898 461 -13 -18 0
83898 -462 13 0
83898 -462 19 0
83898 462 -13 -19 0
83898 -463 13 0
83898 -463 20 0
83898 463 -13 -20 0
83898 -464 13 0
83898 -464 21 0
83898 464 -13 -21 0
83898 -465 13 0
83898 -465 22 0
83898 465 -13 -22 0
83898 -466 13 0
83898 -466 23 0
83898 466 -13 -23 0
83898 -467 13 0
83898 -467 24 0
83898 467 -13 -24 0
83898 -468 13 0
83898 -468 25 0
83898 468 -13 -25 0
83898 -469 13 0
83898 -469 26 0
83898 469 -13 -26 0
83898 -470 13 0
83898 -470 27 0
83898 470 -13 -27 0
83898 -471 13 0
83898 -471 28 0
83898 471 -13 -28 0
83898 -472 13 0
83898 -472 29 0
83898 472 -13 -29 0
83898 -473 13 0
83898 -473 30 0
83898 473 -13 -30 0
83898 -474 13 0
83898 -474 31 0
83898 474 -13 -31 0
83898 -475 13 0
83898 -475 32 0
83898 475 -13 -32 0
83898 -476 13 0
83898 -476 33 0
83898 476 -13 -33 0
83898 -477 13 0
83898 -477 34 0
83898 477 -13 -34 0
83898 -478 13 0
83898 -478 35 0
83898 478 -13 -35 0
83898 -479 13 0
83898 -479 36 0
83898 479 -13 -36 0
83898 -480 13 0
83898 -480 37 0
83898 480 -13 -37 0
83898 -481 13 0
83898 -481 38 0
83898 481 -13 -38 0
83898 -482 13 0
83898 -482 39 0
83898 482 -13 -39 0
83898 -483 13 0
83898 -483 40 0
83898 483 -13 -40 0
83898 -484 13 0
83898 -484 41 0
83898 484 -13 -41 0
83898 -485 14 0
83898 -485 15 0
83898 485 -14 -15 0
83898 -486 14 0
83898 -486 16 0
83898 486 -14 -16 0
83898 -487 14 0
83898 -487 17 0
83898 487 -14 -17 0
83898 -488 14 0
83898 -488 18 0
83898 488 -14 -18 0
83898 -489 14 0
83898 -489 19 0
83898 489 -14 -19 0
83898 -490 14 0
83898 -490 20 0
83898 490 -14 -20 0
83898 -491 14 0
83898 -491 21 0
83898 491 -14 -21 0
83898 -492 14 0
83898 -492 22 0
83898 492 -14 -22 0
83898 -493 14 0
83898 -493 23 0
83898 493 -14 -23 0
83898 -494 14 0
83898 -494 24 0
83898 494 -14 -24 0
83898 -495 14 0
83898 -495 25 0
83898 495 -14 -25 0
83898 -496 14 0
83898 -496 26 0
83898 496 -14 -26 0
83898 -497 14 0
83898 -497 27 0
83898 497 -14 -27 0
83898 -498 14 0
83898 -498 28 0
83898 498 -14 -28 0
83898 -499 14 0
83898 -499 29 0
83898 499 -14 -29 0
83898 -500 14 0
83898 -500 30 0
83898 500 -14 -30 0
83898 -501 14 0
83898 -501 31 0
83898 501 -14 -31 0
83898 -502 14 0
83898 -502 32 0
83898 502 -14 -32 0
83898 -503 14 0
83898 -503 33 0
83898 503 -14 -33 0
83898 -504 14 0
83898 -504 34 0
83898 504 -14 -34 0
83898 -505 14 0
83898 -505 35 0
83898 505 -14 -35 0
83898 -506 14 0
83898 -506 36 0
83898 506 -14 -36 0
83898 -507 14 0
83898 -507 37 0
83898 507 -14 -37 0
83898 -508 14 0
83898 -508 38 0
83898 508 -14 -38 0
83898 -509 14 0
83898 -509 39 0
83898 509 -14 -39 0
83898 -510 14 0
83898 -510 40 0
83898 510 -14 -40 0
83898 -511 14 0
83898 -511 41 0
83898 511 -14 -41 0
83898 -512 15 0
83898 -512 16 0
83898 512 -15 -16 0
83898 -513 15 0
83898 -513 17 0
83898 513 -15 -17 0
83898 -514 15 0
83898 -514 18 0
83898 514 -15 -18 0
83898 -515 15 0
83898 -515 19 0
83898 515 -15 -19 0
83898 -516 15 0
83898 -516 20 0
83898 516 -15 -20 0
83898 -517 15 0
83898 -517 21 0
83898 517 -15 -21 0
83898 -518 15 0
83898 -518 22 0
83898 518 -15 -22 0
83898 -519 15 0
83898 -519 23 0
83898 519 -15 -23 0
83898 -520 15 0
83898 -520 24 0
83898 520 -15 -24 0
83898 -521 15 0
83898 -521 25 0
83898 521 -15 -25 0
83898 -522 15 0
83898 -522 26 0
83898 522 -15 -26 0
83898 -523 15 0
83898 -523 27 0
83898 523 -15 -27 0
83898 -524 15 0
83898 -524 28 0
83898 524 -15 -28 0
83898 -525 15 0
83898 -525 29 0
83898 525 -15 -29 0
83898 -526 15 0
83898 -526 30 0
83898 526 -15 -30 0
83898 -527 15 0
83898 -527 31 0
83898 527 -15 -31 0
83898 -528 15 0
83898 -528 32 0
83898 528 -15 -32 0
83898 -529 15 0
83898 -529 33 0
83898 529 -15 -33 0
83898 -530 15 0
83898 -530 34 0
83898 530 -15 -34 0
83898 -531 15 0
83898 -531 35 0
83898 531 -15 -35 0
83898 -532 15 0
83898 -532 36 0
83898 532 -15 -36 0
83898 -533 15 0
83898 -533 37 0
83898 533 -15 -37 0
83898 -534 15 0
83898 -534 38 0
83898 534 -15 -38 0
83898 -535 15 0
83898 -535 39 0
83898 535 -15 -39 0
83898 -536 15 0
83898 -536 40 0
83898 536 -15 -40 0
83898 -537 15 0
83898 -537 41 0
83898 537 -15 -41 0
83898 -538 16 0
83898 -538 17 0
83898 538 -16 -17 0
83898 -539 16 0
83898 -539 18 0
83898 539 -16 -18 0
83898 -540 16 0
83898 -540 19 0
83898 540 -16 -19 0
83898 -541 16 0
83898 -541 20 0
83898 541 -16 -20 0
83898 -542 16 0
83898 -542 21 0
83898 542 -16 -21 0
83898 -543 16 0
83898 -543 22 0
83898 543 -16 -22 0
83898 -544 16 0
83898 -544 23 0
83898 544 -16 -23 0
83898 -545 16 0
83898 -545 24 0
83898 545 -16 -24 0
83898 -546 16 0
83898 -546 25 0
83898 546 -16 -25 0
83898 -547 16 0
83898 -547 26 0
83898 547 -16 -26 0
83898 -548 16 0
83898 -548 27 0
83898 548 -16 -27 0
83898 -549 16 0
83898 -549 28 0
83898 549 -16 -28 0
83898 -550 16 0
83898 -550 29 0
83898 550 -16 -29 0
83898 -551 16 0
83898 -551 30 0
83898 551 -16 -30 0
83898 -552 16 0
83898 -552 31 0
83898 552 -16 -31 0
83898 -553 16 0
83898 -553 32 0
83898 553 -16 -32 0
83898 -554 16 0
83898 -554 33 0
83898 554 -16 -33 0
83898 -555 16 0
83898 -555 34 0
83898 555 -16 -34 0
83898 -556 16 0
83898 -556 35 0
83898 556 -16 -35 0
83898 -557 16 0
83898 -557 36 0
83898 557 -16 -36 0
83898 -558 16 0
83898 -558 37 0
83898 558 -16 -37 0
83898 -559 16 0
83898 -559 38 0
83898 559 -16 -38 0
83898 -560 16 0
83898 -560 39 0
83898 560 -16 -39 0
83898 -561 16 0
83898 -561 40 0
83898 561 -16 -40 0
83898 -562 16 0
83898 -562 41 0
83898 562 -16 -41 0
83898 -563 17 0
83898 -563 18 0
83898 563 -17 -18 0
83898 -564 17 0
83898 -564 19 0
83898 564 -17 -19 0
83898 -565 17 0
83898 -565 20 0
83898 565 -17 -20 0
83898 -566 17 0
83898 -566 21 0
83898 566 -17 -21 0
83898 -567 17 0
83898 -567 22 0
83898 567 -17 -22 0
83898 -568 17 0
83898 -568 23 0
83898 568 -17 -23 0
83898 -569 17 0
83898 -569 24 0
83898 569 -17 -24 0
83898 -570 17 0
83898 -570 25 0
83898 570 -17 -25 0
83898 -571 17 0
83898 -571 26 0
83898 571 -17 -26 0
83898 -572 17 0
83898 -572 27 0
83898 572 -17 -27 0
83898 -573 17 0
83898 -573 28 0
83898 573 -17 -28 0
83898 -574 17 0
83898 -574 29 0
83898 574 -17 -29 0
83898 -575 17 0
83898 -575 30 0
83898 575 -17 -30 0
83898 -576 17 0
83898 -576 31 0
83898 576 -17 -31 0
83898 -577 17 0
83898 -577 32 0
83898 577 -17 -32 0
83898 -578 17 0
83898 -578 33 0
83898 578 -17 -33 0
83898 -579 17 0
83898 -579 34 0
83898 579 -17 -34 0
83898 -580 17 0
83898 -580 35 0
83898 580 -17 -35 0
83898 -581 17 0
83898 -581 36 0
83898 581 -17 -36 0
83898 -582 17 0
83898 -582 37 0
83898 582 -17 -37 0
83898 -583 17 0
83898 -583 38 0
83898 583 -17 -38 0
83898 -584 17 0
83898 -584 39 0
83898 584 -17 -39 0
83898 -585 17 0
83898 -585 40 0
83898 585 -17 -40 0
83898 -586 17 0
83898 -586 41 0
83898 586 -17 -41 0
83898 -587 18 0
83898 -587 19 0
83898 587 -18 -19 0
83898 -588 18 0
83898 -588 20 0
83898 588 -18 -20 0
83898 -589 18 0
83898 -589 21 0
83898 589 -18 -21 0
83898 -590 18 0
83898 -590 22 0
83898 590 -18 -22 0
83898 -591 18 0
83898 -591 23 0
83898 591 -18 -23 0
83898 -592 18 0
83898 -592 24 0
83898 592 -18 -24 0
83898 -593 18 0
83898 -593 25 0
83898 593 -18 -25 0
83898 -594 18 0
83898 -594 26 0
83898 594 -18 -26 0
83898 -595 18 0
83898 -595 27 0
83898 595 -18 -27 0
83898 -596 18 0
83898 -596 28 0
83898 596 -18 -28 0
83898 -597 18 0
83898 -597 29 0
83898 597 -18 -29 0
83898 -598 18 0
83898 -598 30 0
83898 598 -18 -30 0
83898 -599 18 0
83898 -599 31 0
83898 599 -18 -31 0
83898 -600 18 0
83898 -600 32 0
83898 600 -18 -32 0
83898 -601 18 0
83898 -601 33 0
83898 601 -18 -33 0
83898 -602 18 0
83898 -602 34 0
83898 602 -18 -34 0
83898 -603 18 0
83898 -603 35 0
83898 603 -18 -35 0
83898 -604 18 0
83898 -604 36 0
83898 604 -18 -36 0
83898 -605 18 0
83898 -605 37 0
83898 605 -18 -37 0
83898 -606 18 0
83898 -606 38 0
83898 606 -18 -38 0
83898 -607 18 0
83898 -607 39 0
83898 607 -18 -39 0
83898 -608 18 0
83898 -608 40 0
83898 608 -18 -40 0
83898 -609 18 0
83898 -609 41 0
83898 609 -18 -41 0
83898 -610 19 0
83898 -610 20 0
83898 610 -19 -20 0
83898 -611 19 0
83898 -611 21 0
83898 611 -19 -21 0
83898 -612 19 0
83898 -612 22 0
83898 612 -19 -22 0
83898 -613 19 0
83898 -613 23 0
83898 613 -19 -23 0
83898 -614 19 0
83898 -614 24 0
83898 614 -19 -24 0
83898 -615 19 0
83898 -615 25 0
83898 615 -19 -25 0
83898 -616 19 0
83898 -616 26 0
83898 616 -19 -26 0
83898 -617 19 0
83898 -617 27 0
83898 617 -19 -27 0
83898 -618 19 0
83898 -618 28 0
83898 618 -19 -28 0
83898 -619 19 0
83898 -619 29 0
83898 619 -19 -29 0
83898 -620 19 0
83898 -620 30 0
83898 620 -19 -30 0
83898 -621 19 0
83898 -621 31 0
83898 621 -19 -31 0
83898 -622 19 0
83898 -622 32 0
83898 622 -19 -32 0
83898 -623 19 0
83898 -623 33 0
83898 623 -19 -33 0
83898 -624 19 0
83898 -624 34 0
83898 624 -19 -34 0
83898 -625 19 0
83898 -625 35 0
83898 625 -19 -35 0
83898 -626 19 0
83898 -626 36 0
83898 626 -19 -36 0
83898 -627 19 0
83898 -627 37 0
83898 627 -19 -37 0
83898 -628 19 0
83898 -628 38 0
83898 628 -19 -38 0
83898 -629 19 0
83898 -629 39 0
83898 629 -19 -39 0
83898 -630 19 0
83898 -630 40 0
83898 630 -19 -40 0
83898 -631 19 0
83898 -631 41 0
83898 631 -19 -41 0
83898 -632 20 0
83898 -632 21 0
83898 632 -20 -21 0
83898 -633 20 0
83898 -633 22 0
83898 633 -20 -22 0
83898 -634 20 0
83898 -634 23 0
83898 634 -20 -23 0
83898 -635 20 0
83898 -635 24 0
83898 635 -20 -24 0
83898 -636 20 0
83898 -636 25 0
83898 636 -20 -25 0
83898 -637 20 0
83898 -637 26 0
83898 637 -20 -26 0
83898 -638 20 0
83898 -638 27 0
83898 638 -20 -27 0
83898 -639 20 0
83898 -639 28 0
83898 639 -20 -28 0
83898 -640 20 0
83898 -640 29 0
83898 640 -20 -29 0
83898 -641 20 0
83898 -641 30 0
83898 641 -20 -30 0
83898 -642 20 0
83898 -642 31 0
83898 642 -20 -31 0
83898 -643 20 0
83898 -643 32 0
83898 643 -20 -32 0
83898 -644 20 0
83898 -644 33 0
83898 644 -20 -33 0
83898 -645 20 0
83898 -645 34 0
83898 645 -20 -34 0
83898 -646 20 0
83898 -646 35 0
83898 646 -20 -35 0
83898 -647 20 0
83898 -647 36 0
83898 647 -20 -36 0
83898 -648 20 0
83898 -648 37 0
83898 648 -20 -37 0
83898 -649 20 0
83898 -649 38 0
83898 649 -20 -38 0
83898 -650 20 0
83898 -650 39 0
83898 650 -20 -39 0
83898 -651 20 0
83898 -651 40 0
83898 651 -20 -40 0
83898 -652 20 0
83898 -652 41 0
83898 652 -20 -41 0
83898 -653 21 0
83898 -653 22 0
83898 653 -21 -22 0
83898 -654 21 0
83898 -654 23 0
83898 654 -21 -23 0
83898 -655 21 0
83898 -655 24 0
83898 655 -21 -24 0
83898 -656 21 0
83898 -656 25 0
83898 656 -21 -25 0
83898 -657 21 0
83898 -657 26 0
83898 657 -21 -26 0
83898 -658 21 0
83898 -658 27 0
83898 658 -21 -27 0
83898 -659 21 0
83898 -659 28 0
83898 659 -21 -28 0
83898 -660 21 0
83898 -660 29 0
83898 660 -21 -29 0
83898 -661 21 0
83898 -661 30 0
83898 661 -21 -30 0
83898 -662 21 0
83898 -662 31 0
83898 662 -21 -31 0
83898 -663 21 0
83898 -663 32 0
83898 663 -21 -32 0
83898 -664 21 0
83898 -664 33 0
83898 664 -21 -33 0
83898 -665 21 0
83898 -665 34 0
83898 665 -21 -34 0
83898 -666 21 0
83898 -666 35 0
83898 666 -21 -35 0
83898 -667 21 0
83898 -667 36 0
83898 667 -21 -36 0
83898 -668 21 0
83898 -668 37 0
83898 668 -21 -37 0
83898 -669 21 0
83898 -669 38 0
83898 669 -21 -38 0
83898 -670 21 0
83898 -670 39 0
83898 670 -21 -39 0
83898 -671 21 0
83898 -671 40 0
83898 671 -21 -40 0
83898 -672 21 0
83898 -672 41 0
83898 672 -21 -41 0
83898 -673 22 0
83898 -673 23 0
83898 673 -22 -23 0
83898 -674 22 0
83898 -674 24 0
83898 674 -22 -24 0
83898 -675 22 0
83898 -675 25 0
83898 675 -22 -25 0
83898 -676 22 0
83898 -676 26 0
83898 676 -22 -26 0
83898 -677 22 0
83898 -677 27 0
83898 677 -22 -27 0
83898 -678 22 0
83898 -678 28 0
83898 678 -22 -28 0
83898 -679 22 0
83898 -679 29 0
83898 679 -22 -29 0
83898 -680 22 0
83898 -680 30 0
83898 680 -22 -30 0
83898 -681 22 0
83898 -681 31 0
83898 681 -22 -31 0
83898 -682 22 0
83898 -682 32 0
83898 682 -22 -32 0
83898 -683 22 0
83898 -683 33 0
83898 683 -22 -33 0
83898 -684 22 0
83898 -684 34 0
83898 684 -22 -34 0
83898 -685 22 0
83898 -685 35 0
83898 685 -22 -35 0
83898 -686 22 0
83898 -686 36 0
83898 686 -22 -36 0
83898 -687 22 0
83898 -687 37 0
83898 687 -22 -37 0
83898 -688 22 0
83898 -688 38 0
83898 688 -22 -38 0
83898 -689 22 0
83898 -689 39 0
83898 689 -22 -39 0
83898 -690 22 0
83898 -690 40 0
83898 690 -22 -40 0
83898 -691 22 0
83898 -691 41 0
83898 691 -22 -41 0
83898 -692 23 0
83898 -692 24 0
83898 692 -23 -24 0
83898 -693 23 0
83898 -693 25 0
83898 693 -23 -25 0
83898 -694 23 0
83898 -694 26 0
83898 694 -23 -26 0
83898 -695 23 0
83898 -695 27 0
83898 695 -23 -27 0
83898 -696 23 0
83898 -696 28 0
83898 696 -23 -28 0
83898 -697 23 0
83898 -697 29 0
83898 697 -23 -29 0
83898 -698 23 0
83898 -698 30 0
83898 698 -23 -30 0
83898 -699 23 0
83898 -699 31 0
83898 699 -23 -31 0
83898 -700 23 0
83898 -700 32 0
83898 700 -23 -32 0
83898 -701 23 0
83898 -701 33 0
83898 701 -23 -33 0
83898 -702 23 0
83898 -702 34 0
83898 702 -23 -34 0
83898 -703 23 0
83898 -703 35 0
83898 703 -23 -35 0
83898 -704 23 0
83898 -704 36 0
83898 704 -23 -36 0
83898 -705 23 0
83898 -705 37 0
83898 705 -23 -37 0
83898 -706 23 0
83898 -706 38 0
83898 706 -23 -38 0
83898 -707 23 0
83898 -707 39 0
83898 707 -23 -39 0
83898 -708 23 0
83898 -708 40 0
83898 708 -23 -40 0
83898 -709 23 0
83898 -709 41 0
83898 709 -23 -41 0
83898 -710 24 0
83898 -710 25 0
83898 710 -24 -25 0
83898 -711 24 0
83898 -711 26 0
83898 711 -24 -26 0
83898 -712 24 0
83898 -712 27 0
83898 712 -24 -27 0
83898 -713 24 0
83898 -713 28 0
83898 713 -24 -28 0
83898 -714 24 0
83898 -714 29 0
83898 714 -24 -29 0
83898 -715 24 0
83898 -715 30 0
83898 715 -24 -30 0
83898 -716 24 0
83898 -716 31 0
83898 716 -24 -31 0
83898 -717 24 0
83898 -717 32 0
83898 717 -24 -32 0
83898 -718 24 0
83898 -718 33 0
83898 718 -24 -33 0
83898 -719 24 0
83898 -719 34 0
83898 719 -24 -34 0
83898 -720 24 0
83898 -720 35 0
83898 720 -24 -35 0
83898 -721 24 0
83898 -721 36 0
83898 721 -24 -36 0
83898 -722 24 0
83898 -722 37 0
83898 722 -24 -37 0
83898 -723 24 0
83898 -723 38 0
83898 723 -24 -38 0
83898 -724 24 0
83898 -724 39 0
83898 724 -24 -39 0
83898 -725 24 0
83898 -725 40 0
83898 725 -24 -40 0
83898 -726 24 0
83898 -726 41 0
83898 726 -24 -41 0
83898 -727 25 0
83898 -727 26 0
83898 727 -25 -26 0
83898 -728 25 0
83898 -728 27 0
83898 728 -25 -27 0
83898 -729 25 0
83898 -729 28 0
83898 729 -25 -28 0
83898 -730 25 0
83898 -730 29 0
83898 730 -25 -29 0
83898 -731 25 0
83898 -731 30 0
83898 731 -25 -30 0
83898 -732 25 0
83898 -732 31 0
83898 732 -25 -31 0
83898 -733 25 0
83898 -733 32 0
83898 733 -25 -32 0
83898 -734 25 0
83898 -734 33 0
83898 734 -25 -33 0
83898 -735 25 0
83898 -735 34 0
83898 735 -25 -34 0
83898 -736 25 0
83898 -736 35 0
83898 736 -25 -35 0
83898 -737 25 0
83898 -737 36 0
83898 737 -25 -36 0
83898 -738 25 0
83898 -738 37 0
83898 738 -25 -37 0
83898 -739 25 0
83898 -739 38 0
83898 739 -25 -38 0
83898 -740 25 0
83898 -740 39 0
83898 740 -25 -39 0
83898 -741 25 0
83898 -741 40 0
83898 741 -25 -40 0
83898 -742 25 0
83898 -742 41 0
83898 742 -25 -41 0
83898 -743 26 0
83898 -743 27 0
83898 743 -26 -27 0
83898 -744 26 0
83898 -744 28 0
83898 744 -26 -28 0
83898 -745 26 0
83898 -745 29 0
83898 745 -26 -29 0
83898 -746 26 0
83898 -746 30 0
83898 746 -26 -30 0
83898 -747 26 0
83898 -747 31 0
83898 747 -26 -31 0
83898 -748 26 0
83898 -748 32 0
83898 748 -26 -32 0
83898 -749 26 0
83898 -749 33 0
83898 749 -26 -33 0
83898 -750 26 0
83898 -750 34 0
83898 750 -26 -34 0
83898 -751 26 0
83898 -751 35 0
83898 751 -26 -35 0
83898 -752 26 0
83898 -752 36 0
83898 752 -26 -36 0
83898 -753 26 0
83898 -753 37 0
83898 753 -26 -37 0
83898 -754 26 0
83898 -754 38 0
83898 754 -26 -38 0
83898 -755 26 0
83898 -755 39 0
83898 755 -26 -39 0
83898 -756 26 0
83898 -756 40 0
83898 756 -26 -40 0
83898 -757 26 0
83898 -757 41 0
83898 757 -26 -41 0
83898 -758 27 0
83898 -758 28 0
83898 758 -27 -28 0
83898 -759 27 0
83898 -759 29 0
83898 759 -27 -29 0
83898 -760 27 0
83898 -760 30 0
83898 760 -27 -30 0
83898 -761 27 0
83898 -761 31 0
83898 761 -27 -31 0
83898 -762 27 0
83898 -762 32 0
83898 762 -27 -32 0
83898 -763 27 0
83898 -763 33 0
83898 763 -27 -33 0
83898 -764 27 0
83898 -764 34 0
83898 764 -27 -34 0
83898 -765 27 0
83898 -765 35 0
83898 765 -27 -35 0
83898 -766 27 0
83898 -766 36 0
83898 766 -27 -36 0
83898 -767 27 0
83898 -767 37 0
83898 767 -27 -37 0
83898 -768 27 0
83898 -768 38 0
83898 768 -27 -38 0
83898 -769 27 0
83898 -769 39 0
83898 769 -27 -39 0
83898 -770 27 0
83898 -770 40 0
83898 770 -27 -40 0
83898 -771 27 0
83898 -771 41 0
83898 771 -27 -41 0
83898 -772 28 0
83898 -772 29 0
83898 772 -28 -29 0
83898 -773 28 0
83898 -773 30 0
83898 773 -28 -30 0
83898 -774 28 0
83898 -774 31 0
83898 774 -28 -31 0
83898 -775 28 0
83898 -775 32 0
83898 775 -28 -32 0
83898 -776 28 0
83898 -776 33 0
83898 776 -28 -33 0
83898 -777 28 0
83898 -777 34 0
83898 777 -28 -34 0
83898 -778 28 0
83898 -778 35 0
83898 778 -28 -35 0
83898 -779 28 0
83898 -779 36 0
83898 779 -28 -36 0
83898 -780 28 0
83898 -780 37 0
83898 780 -28 -37 0
83898 -781 28 0
83898 -781 38 0
83898 781 -28 -38 0
83898 -782 28 0
83898 -782 39 0
83898 782 -28 -39 0
83898 -783 28 0
83898 -783 40 0
83898 783 -28 -40 0
83898 -784 28 0
83898 -784 41 0
83898 784 -28 -41 0
83898 -785 29 0
83898 -785 30 0
83898 785 -29 -30 0
83898 -786 29 0
83898 -786 31 0
83898 786 -29 -31 0
83898 -787 29 0
83898 -787 32 0
83898 787 -29 -32 0
83898 -788 29 0
83898 -788 33 0
83898 788 -29 -33 0
83898 -789 29 0
83898 -789 34 0
83898 789 -29 -34 0
83898 -790 29 0
83898 -790 35 0
83898 790 -29 -35 0
83898 -791 29 0
83898 -791 36 0
83898 791 -29 -36 0
83898 -792 29 0
83898 -792 37 0
83898 792 -29 -37 0
83898 -793 29 0
83898 -793 38 0
83898 793 -29 -38 0
83898 -794 29 0
83898 -794 39 0
83898 794 -29 -39 0
83898 -795 29 0
83898 -795 40 0
83898 795 -29 -40 0
83898 -796 29 0
83898 -796 41 0
83898 796 -29 -41 0
83898 -797 30 0
83898 -797 31 0
83898 797 -30 -31 0
83898 -798 30 0
83898 -798 32 0
83898 798 -30 -32 0
83898 -799 30 0
83898 -799 33 0
83898 799 -30 -33 0
83898 -800 30 0
83898 -800 34 0
83898 800 -30 -34 0
83898 -801 30 0
83898 -801 35 0
83898 801 -30 -35 0
83898 -802 30 0
83898 -802 36 0
83898 802 -30 -36 0
83898 -803 30 0
83898 -803 37 0
83898 803 -30 -37 0
83898 -804 30 0
83898 -804 38 0
83898 804 -30 -38 0
83898 -805 30 0
83898 -805 39 0
83898 805 -30 -39 0
83898 -806 30 0
83898 -806 40 0
83898 806 -30 -40 0
83898 -807 30 0
83898 -807 41 0
83898 807 -30 -41 0
83898 -808 31 0
83898 -808 32 0
83898 808 -31 -32 0
83898 -809 31 0
83898 -809 33 0
83898 809 -31 -33 0
83898 -810 31 0
83898 -810 34 0
83898 810 -31 -34 0
83898 -811 31 0
83898 -811 35 0
83898 811 -31 -35 0
83898 -812 31 0
83898 -812 36 0
83898 812 -31 -36 0
83898 -813 31 0
83898 -813 37 0
83898 813 -31 -37 0
83898 -814 31 0
83898 -814 38 0
83898 814 -31 -38 0
83898 -815 31 0
83898 -815 39 0
83898 815 -31 -39 0
83898 -816 31 0
83898 -816 40 0
83898 816 -31 -40 0
83898 -817 31 0
83898 -817 41 0
83898 817 -31 -41 0
83898 -818 32 0
83898 -818 33 0
83898 818 -32 -33 0
83898 -819 32 0
83898 -819 34 0
83898 819 -32 -34 0
83898 -820 32 0
83898 -820 35 0
83898 820 -32 -35 0
83898 -821 32 0
83898 -821 36 0
83898 821 -32 -36 0
83898 -822 32 0
83898 -822 37 0
83898 822 -32 -37 0
83898 -823 32 0
83898 -823 38 0
83898 823 -32 -38 0
83898 -824 32 0
83898 -824 39 0
83898 824 -32 -39 0
83898 -825 32 0
83898 -825 40 0
83898 825 -32 -40 0
83898 -826 32 0
83898 -826 41 0
83898 826 -32 -41 0
83898 -827 33 0
83898 -827 34 0
83898 827 -33 -34 0
83898 -828 33 0
83898 -828 35 0
83898 828 -33 -35 0
83898 -829 33 0
83898 -829 36 0
83898 829 -33 -36 0
83898 -830 33 0
83898 -830 37 0
83898 830 -33 -37 0
83898 -831 33 0
83898 -831 38 0
83898 831 -33 -38 0
83898 -832 33 0
83898 -832 39 0
83898 832 -33 -39 0
83898 -833 33 0
83898 -833 40 0
83898 833 -33 -40 0
83898 -834 33 0
83898 -834 41 0
83898 834 -33 -41 0
83898 -835 34 0
83898 -835 35 0
83898 835 -34 -35 0
83898 -836 34 0
83898 -836 36 0
83898 836 -34 -36 0
83898 -837 34 0
83898 -837 37 0
83898 837 -34 -37 0
83898 -838 34 0
83898 -838 38 0
83898 838 -34 -38 0
83898 -839 34 0
83898 -839 39 0
83898 839 -34 -39 0
83898 -840 34 0
83898 -840 40 0
83898 840 -34 -40 0
83898 -841 34 0
83898 -841 41 0
83898 841 -34 -41 0
83898 -842 35 0
83898 -842 36 0
83898 842 -35 -36 0
83898 -843 35 0
83898 -843 37 0
83898 843 -35 -37 0
83898 -844 35 0
83898 -844 38 0
83898 844 -35 -38 0
83898 -845 35 0
83898 -845 39 0
83898 845 -35 -39 0
83898 -846 35 0
83898 -846 40 0
83898 846 -35 -40 0
83898 -847 35 0
83898 -847 41 0
83898 847 -35 -41 0
83898 -848 36 0
83898 -848 37 0
83898 848 -36 -37 0
83898 -849 36 0
83898 -849 38 0
83898 849 -36 -38 0
83898 -850 36 0
83898 -850 39 0
83898 850 -36 -39 0
83898 -851 36 0
83898 -851 40 0
83898 851 -36 -40 0
83898 -852 36 0
83898 -852 41 0
83898 852 -36 -41 0
83898 -853 37 0
83898 -853 38 0
83898 853 -37 -38 0
83898 -854 37 0
83898 -854 39 0
83898 854 -37 -39 0
83898 -855 37 0
83898 -855 40 0
83898 855 -37 -40 0
83898 -856 37 0
83898 -856 41 0
83898 856 -37 -41 0
83898 -857 38 0
83898 -857 39 0
83898 857 -38 -39 0
83898 -858 38 0
83898 -858 40 0
83898 858 -38 -40 0
83898 -859 38 0
83898 -859 41 0
83898 859 -38 -41 0
83898 -860 39 0
83898 -860 40 0
83898 860 -39 -40 0
83898 -861 39 0
83898 -861 41 0
83898 861 -39 -41 0
83898 -862 40 0
83898 -862 41 0
83898 862 -40 -41 0
29133 1 0
83888 -1 0
69866 43 0
83888 -43 0
68324 44 0
83888 -44 0
82710 45 0
83888 -45 0
98386 46 0
83888 -46 0
84916 47 0
83888 -47 0
92106 48 0
83888 -48 0
88190 49 0
83888 -49 0
85858 50 0
83888 -50 0
95902 51 0
83888 -51 0
70952 52 0
83888 -52 0
91612 53 0
83888 -53 0
84122 54 0
83888 -54 0
71888 55 0
83888 -55 0
85896 56 0
83888 -56 0
81842 57 0
83888 -57 0
80462 58 0
83888 -58 0
91620 59 0
83888 -59 0
98202 60 0
83888 -60 0
84170 61 0
83888 -61 0
78222 62 0
83888 -62 0
74776 63 0
83888 -63 0
84752 64 0
83888 -64 0
76800 65 0
83888 -65 0
82724 66 0
83888 -66 0
96364 67 0
83888 -67 0
89166 68 0
83888 -68 0
82198 69 0
83888 -69 0
83528 70 0
83888 -70 0
93992 71 0
83888 -71 0
81862 72 0
83888 -72 0
88222 73 0
83888 -73 0
87768 74 0
83888 -74 0
86132 75 0
83888 -75 0
83388 76 0
83888 -76 0
76016 77 0
83888 -77 0
78534 78 0
83888 -78 0
88798 79 0
83888 -79 0
82160 80 0
83888 -80 0
84200 81 0
83888 -81 0
83874 82 0
83888 -82 0
50760 2 0
83888 -2 0
73020 83 0
83888 -83 0
92300 84 0
83888 -84 0
91200 85 0
83888 -85 0
99168 86 0
83888 -86 0
86136 87 0
83888 -87 0
78686 88 0
83888 -88 0
86252 89 0
83888 -89 0
72158 90 0
83888 -90 0
99206 91 0
83888 -91 0
79426 92 0
83888 -92 0
78030 93 0
83888 -93 0
83222 94 0
83888 -94 0
84290 95 0
83888 -95 0
93744 96 0
83888 -96 0
85658 97 0
83888 -97 0
93196 98 0
83888 -98 0
84506 99 0
83888 -99 0
84022 100 0
83888 -100 0
81214 101 0
83888 -101 0
87126 102 0
83888 -102 0
82520 103 0
83888 -103 0
86958 104 0
83888 -104 0
77248 105 0
83888 -105 0
89162 106 0
83888 -106 0
93104 107 0
83888 -107 0
89140 108 0
83888 -108 0
89584 109 0
83888 -109 0
88572 110 0
83888 -110 0
86572 111 0
83888 -111 0
89418 112 0
83888 -112 0
84730 113 0
83888 -113 0
84024 114 0
83888 -114 0
84638 115 0
83888 -115 0
85524 116 0
83888 -116 0
89102 117 0
83888 -117 0
87830 118 0
83888 -118 0
82754 119 0
83888 -119 0
84032 120 0
83888 -120 0
83904 121 0
83888 -121 0
30751 3 0
83888 -3 0
89374 122 0
83888 -122 0
75534 123 0
83888 -123 0
85210 124 0
83888 -124 0
74460 125 0
83888 -125 0
92134 126 0
83888 -126 0
90570 127 0
83888 -127 0
80798 128 0
83888 -128 0
90198 129 0
83888 -129 0
77340 130 0
83888 -130 0
99880 131 0
83888 -131 0
83662 132 0
83888 -132 0
103550 133 0
83888 -133 0
86158 134 0
83888 -134 0
76944 135 0
83888 -135 0
85056 136 0
83888 -136 0
79350 137 0
83888 -137 0
84678 138 0
83888 -138 0
85856 139 0
83888 -139 0
86220 140 0
83888 -140 0
89920 141 0
83888 -141 0
77582 142 0
83888 -142 0
73462 143 0
83888 -143 0
88274 144 0
83888 -144 0
83340 145 0
83888 -145 0
93460 146 0
83888 -146 0
86776 147 0
83888 -147 0
78412 148 0
83888 -148 0
80442 149 0
83888 -149 0
86604 150 0
83888 -150 0
82848 151 0
83888 -151 0
83236 152 0
83888 -152 0
81560 153 0
83888 -153 0
88604 154 0
83888 -154 0
91946 155 0
83888 -155 0
84090 156 0
83888 -156 0
84310 157 0
83888 -157 0
83408 158 0
83888 -158 0
83932 159 0
83888 -159 0
58864 4 0
83888 -4 0
84356 160 0
83888 -160 0
88398 161 0
83888 -161 0
81666 162 0
83888 -162 0
63182 163 0
83888 -163 0
84602 164 0
83888 -164 0
91248 165 0
83888 -165 0
107054 166 0
83888 -166 0
86906 167 0
83888 -167 0
80474 168 0
83888 -168 0
98638 169 0
83888 -169 0
86456 170 0
83888 -170 0
73550 171 0
83888 -171 0
87496 172 0
83888 -172 0
71502 173 0
83888 -173 0
90998 174 0
83888 -174 0
70170 175 0
83888 -175 0
81066 176 0
83888 -176 0
83514 177 0
83888 -177 0
88624 178 0
83888 -178 0
88740 179 0
83888 -179 0
90236 180 0
83888 -180 0
83208 181 0
83888 -181 0
86274 182 0
83888 -182 0
80840 183 0
83888 -183 0
81876 184 0
83888 -184 0
87478 185 0
83888 -185 0
83188 186 0
83888 -186 0
93026 187 0
83888 -187 0
98388 188 0
83888 -188 0
82056 189 0
83888 -189 0
85642 190 0
83888 -190 0
78940 191 0
83888 -191 0
82632 192 0
83888 -192 0
84050 193 0
83888 -193 0
78618 194 0
83888 -194 0
85976 195 0
83888 -195 0
83886 196 0
83888 -196 0
59029 5 0
83888 -5 0
97942 197 0
83888 -197 0
86582 198 0
83888 -198 0
81418 199 0
83888 -199 0
87054 200 0
83888 -200 0
81788 201 0
83888 -201 0
95616 202 0
83888 -202 0
100184 203 0
83888 -203 0
74666 204 0
83888 -204 0
99406 205 0
83888 -205 0
85058 206 0
83888 -206 0
75382 207 0
83888 -207 0
78464 208 0
83888 -208 0
67676 209 0
83888 -209 0
74672 210 0
83888 -210 0
83358 211 0
83888 -211 0
82740 212 0
83888 -212 0
68400 213 0
83888 -213 0
91578 214 0
83888 -214 0
79892 215 0
83888 -215 0
83254 216 0
83888 -216 0
85308 217 0
83888 -217 0
81260 218 0
83888 -218 0
79624 219 0
83888 -219 0
79222 220 0
83888 -220 0
86774 221 0
83888 -221 0
86146 222 0
83888 -222 0
82638 223 0
83888 -223 0
80642 224 0
83888 -224 0
90666 225 0
83888 -225 0
81262 226 0
83888 -226 0
82708 227 0
83888 -227 0
77612 228 0
83888 -228 0
80372 229 0
83888 -229 0
85176 230 0
83888 -230 0
84392 231 0
83888 -231 0
83838 232 0
83888 -232 0
33848 6 0
83888 -6 0
73440 233 0
83888 -233 0
95090 234 0
83888 -234 0
100084 235 0
83888 -235 0
102498 236 0
83888 -236 0
66794 237 0
83888 -237 0
88624 238 0
83888 -238 0
96688 239 0
83888 -239 0
63938 240 0
83888 -240 0
77654 241 0
83888 -241 0
91820 242 0
83888 -242 0
83894 243 0
83888 -243 0
80158 244 0
83888 -244 0
82264 245 0
83888 -245 0
98618 246 0
83888 -246 0
91024 247 0
83888 -247 0
87638 248 0
83888 -248 0
71952 249 0
83888 -249 0
87986 250 0
83888 -250 0
76430 251 0
83888 -251 0
85734 252 0
83888 -252 0
83102 253 0
83888 -253 0
95032 254 0
83888 -254 0
85832 255 0
83888 -255 0
78042 256 0
83888 -256 0
87974 257 0
83888 -257 0
87352 258 0
83888 -258 0
89338 259 0
83888 -259 0
77074 260 0
83888 -260 0
86760 261 0
83888 -261 0
84384 262 0
83888 -262 0
86414 263 0
83888 -263 0
88140 264 0
83888 -264 0
86930 265 0
83888 -265 0
81128 266 0
83888 -266 0
83942 267 0
83888 -267 0
78005 7 0
83888 -7 0
84444 268 0
83888 -268 0
70890 269 0
83888 -269 0
86624 270 0
83888 -270 0
97658 271 0
83888 -271 0
71406 272 0
83888 -272 0
64942 273 0
83888 -273 0
90282 274 0
83888 -274 0
70308 275 0
83888 -275 0
83730 276 0
83888 -276 0
79992 277 0
83888 -277 0
88542 278 0
83888 -278 0
84306 279 0
83888 -279 0
93078 280 0
83888 -280 0
91416 281 0
83888 -281 0
73540 282 0
83888 -282 0
91558 283 0
83888 -283 0
98096 284 0
83888 -284 0
88062 285 0
83888 -285 0
75506 286 0
83888 -286 0
85412 287 0
83888 -287 0
88488 288 0
83888 -288 0
81400 289 0
83888 -289 0
73916 290 0
83888 -290 0
79420 291 0
83888 -291 0
74162 292 0
83888 -292 0
94230 293 0
83888 -293 0
83578 294 0
83888 -294 0
85680 295 0
83888 -295 0
78296 296 0
83888 -296 0
86552 297 0
83888 -297 0
82600 298 0
83888 -298 0
79978 299 0
83888 -299 0
89216 300 0
83888 -300 0
83796 301 0
83888 -301 0
67058 8 0
83888 -8 0
80392 302 0
83888 -302 0
94932 303 0
83888 -303 0
105470 304 0
83888 -304 0
94346 305 0
83888 -305 0
73970 306 0
83888 -306 0
83586 307 0
83888 -307 0
82000 308 0
83888 -308 0
74798 309 0
83888 -309 0
97554 310 0
83888 -310 0
72704 311 0
83888 -311 0
92386 312 0
83888 -312 0
74500 313 0
83888 -313 0
82068 314 0
83888 -314 0
86576 315 0
83888 -315 0
92814 316 0
83888 -316 0
90522 317 0
83888 -317 0
83754 318 0
83888 -318 0
83492 319 0
83888 -319 0
91172 320 0
83888 -320 0
77570 321 0
83888 -321 0
79030 322 0
83888 -322 0
85082 323 0
83888 -323 0
88984 324 0
83888 -324 0
89286 325 0
83888 -325 0
95274 326 0
83888 -326 0
82216 327 0
83888 -327 0
81498 328 0
83888 -328 0
77354 329 0
83888 -329 0
77230 330 0
83888 -330 0
78490 331 0
83888 -331 0
77770 332 0
83888 -332 0
88808 333 0
83888 -333 0
83802 334 0
83888 -334 0
73340 9 0
83888 -9 0
75332 335 0
83888 -335 0
82738 336 0
83888 -336 0
76658 337 0
83888 -337 0
75866 338 0
83888 -338 0
88958 339 0
83888 -339 0
72956 340 0
83888 -340 0
78384 341 0
83888 -341 0
75660 342 0
83888 -342 0
98884 343 0
83888 -343 0
84050 344 0
83888 -344 0
84732 345 0
83888 -345 0
87130 346 0
83888 -346 0
77718 347 0
83888 -347 0
99442 348 0
83888 -348 0
85192 349 0
83888 -349 0
91230 350 0
83888 -350 0
77122 351 0
83888 -351 0
79076 352 0
83888 -352 0
76258 353 0
83888 -353 0
75510 354 0
83888 -354 0
78196 355 0
83888 -355 0
75810 356 0
83888 -356 0
72298 357 0
83888 -357 0
78498 358 0
83888 -358 0
81058 359 0
83888 -359 0
78234 360 0
83888 -360 0
83028 361 0
83888 -361 0
81514 362 0
83888 -362 0
78248 363 0
83888 -363 0
84186 364 0
83888 -364 0
86936 365 0
83888 -365 0
83802 366 0
83888 -366 0
58401 10 0
83888 -10 0
78456 367 0
83888 -367 0
87530 368 0
83888 -368 0
75406 369 0
83888 -369 0
93914 370 0
83888 -370 0
90290 371 0
83888 -371 0
75158 372 0
83888 -372 0
82084 373 0
83888 -373 0
90798 374 0
83888 -374 0
76114 375 0
83888 -375 0
78094 376 0
83888 -376 0
78072 377 0
83888 -377 0
89724 378 0
83888 -378 0
91376 379 0
83888 -379 0
83282 380 0
83888 -380 0
84860 381 0
83888 -381 0
84460 382 0
83888 -382 0
81328 383 0
83888 -383 0
82140 384 0
83888 -384 0
85378 385 0
83888 -385 0
78428 386 0
83888 -386 0
80858 387 0
83888 -387 0
70254 388 0
83888 -388 0
71498 389 0
83888 -389 0
86282 390 0
83888 -390 0
84806 391 0
83888 -391 0
87226 392 0
83888 -392 0
89554 393 0
83888 -393 0
86890 394 0
83888 -394 0
88586 395 0
83888 -395 0
81944 396 0
83888 -396 0
83910 397 0
83888 -397 0
42434 11 0
83888 -11 0
83760 398 0
83888 -398 0
99656 399 0
83888 -399 0
64424 400 0
83888 -400 0
82722 401 0
83888 -401 0
85720 402 0
83888 -402 0
81488 403 0
83888 -403 0
98006 404 0
83888 -404 0
88546 405 0
83888 -405 0
88930 406 0
83888 -406 0
87626 407 0
83888 -407 0
85890 408 0
83888 -408 0
72020 409 0
83888 -409 0
77802 410 0
83888 -410 0
82746 411 0
83888 -411 0
83620 412 0
83888 -412 0
80168 413 0
83888 -413 0
86936 414 0
83888 -414 0
88142 415 0
83888 -415 0
80162 416 0
83888 -416 0
86378 417 0
83888 -417 0
80776 418 0
83888 -418 0
74506 419 0
83888 -419 0
82458 420 0
83888 -420 0
85820 421 0
83888 -421 0
88628 422 0
83888 -422 0
87608 423 0
83888 -423 0
87952 424 0
83888 -424 0
89280 425 0
83888 -425 0
79256 426 0
83888 -426 0
83970 427 0
83888 -427 0
57997 12 0
83888 -12 0
92968 428 0
83888 -428 0
77736 429 0
83888 -429 0
87594 430 0
83888 -430 0
108012 431 0
83888 -431 0
89034 432 0
83888 -432 0
95158 433 0
83888 -433 0
81630 434 0
83888 -434 0
86646 435 0
83888 -435 0
80304 436 0
83888 -436 0
95916 437 0
83888 -437 0
82872 438 0
83888 -438 0
90720 439 0
83888 -439 0
86182 440 0
83888 -440 0
79226 441 0
83888 -441 0
91478 442 0
83888 -442 0
94054 443 0
83888 -443 0
85924 444 0
83888 -444 0
77608 445 0
83888 -445 0
81370 446 0
83888 -446 0
89264 447 0
83888 -447 0
86442 448 0
83888 -448 0
77396 449 0
83888 -449 0
81982 450 0
83888 -450 0
87614 451 0
83888 -451 0
89266 452 0
83888 -452 0
83132 453 0
83888 -453 0
81900 454 0
83888 -454 0
84896 455 0
83888 -455 0
83900 456 0
83888 -456 0
111914 13 0
83888 -13 0
101452 457 0
83888 -457 0
73170 458 0
83888 -458 0
88006 459 0
83888 -459 0
69672 460 0
83888 -460 0
79938 461 0
83888 -461 0
92896 462 0
83888 -462 0
79758 463 0
83888 -463 0
94978 464 0
83888 -464 0
72914 465 0
83888 -465 0
98404 466 0
83888 -466 0
86432 467 0
83888 -467 0
91072 468 0
83888 -468 0
81098 469 0
83888 -469 0
79062 470 0
83888 -470 0
83054 471 0
83888 -471 0
84720 472 0
83888 -472 0
92286 473 0
83888 -473 0
84574 474 0
83888 -474 0
80514 475 0
83888 -475 0
84998 476 0
83888 -476 0
91560 477 0
83888 -477 0
88102 478 0
83888 -478 0
78398 479 0
83888 -479 0
78480 480 0
83888 -480 0
87932 481 0
83888 -481 0
84578 482 0
83888 -482 0
83624 483 0
83888 -483 0
83854 484 0
83888 -484 0
32504 14 0
83888 -14 0
87484 485 0
83888 -485 0
94546 486 0
83888 -486 0
95462 487 0
83888 -487 0
99950 488 0
83888 -488 0
94492 489 0
83888 -489 0
104518 490 0
83888 -490 0
80448 491 0
83888 -491 0
92456 492 0
83888 -492 0
67010 493 0
83888 -493 0
90132 494 0
83888 -494 0
80116 495 0
83888 -495 0
89336 496 0
83888 -496 0
102718 497 0
83888 -497 0
95334 498 0
83888 -498 0
94470 499 0
83888 -499 0
87890 500 0
83888 -500 0
86530 501 0
83888 -501 0
89746 502 0
83888 -502 0
87414 503 0
83888 -503 0
80908 504 0
83888 -504 0
89918 505 0
83888 -505 0
83468 506 0
83888 -506 0
88608 507 0
83888 -507 0
90992 508 0
83888 -508 0
79492 509 0
83888 -509 0
84008 510 0
83888 -510 0
83926 511 0
83888 -511 0
72843 15 0
83888 -15 0
85980 512 0
83888 -512 0
81000 513 0
83888 -513 0
95496 514 0
83888 -514 0
74322 515 0
83888 -515 0
93402 516 0
83888 -516 0
77766 517 0
83888 -517 0
69896 518 0
83888 -518 0
83656 519 0
83888 -519 0
85104 520 0
83888 -520 0
95048 521 0
83888 -521 0
82240 522 0
83888 -522 0
86400 523 0
83888 -523 0
81694 524 0
83888 -524 0
86014 525 0
83888 -525 0
77362 526 0
83888 -526 0
84020 527 0
83888 -527 0
71624 528 0
83888 -528 0
86240 529 0
83888 -529 0
86522 530 0
83888 -530 0
85798 531 0
83888 -531 0
78798 532 0
83888 -532 0
85286 533 0
83888 -533 0
83056 534 0
83888 -534 0
81452 535 0
83888 -535 0
87344 536 0
83888 -536 0
83832 537 0
83888 -537 0
60072 16 0
83888 -16 0
77930 538 0
83888 -538 0
84190 539 0
83888 -539 0
82840 540 0
83888 -540 0
82634 541 0
83888 -541 0
85206 542 0
83888 -542 0
77078 543 0
83888 -543 0
86742 544 0
83888 -544 0
89032 545 0
83888 -545 0
90226 546 0
83888 -546 0
79124 547 0
83888 -547 0
83262 548 0
83888 -548 0
78630 549 0
83888 -549 0
79772 550 0
83888 -550 0
84618 551 0
83888 -551 0
75894 552 0
83888 -552 0
74710 553 0
83888 -553 0
85656 554 0
83888 -554 0
80572 555 0
83888 -555 0
81666 556 0
83888 -556 0
82958 557 0
83888 -557 0
85128 558 0
83888 -558 0
79766 559 0
83888 -559 0
81836 560 0
83888 -560 0
88328 561 0
83888 -561 0
83794 562 0
83888 -562 0
82549 17 0
83888 -17 0
88678 563 0
83888 -563 0
87662 564 0
83888 -564 0
83256 565 0
83888 -565 0
102528 566 0
83888 -566 0
84136 567 0
83888 -567 0
89474 568 0
83888 -568 0
80732 569 0
83888 -569 0
86628 570 0
83888 -570 0
80146 571 0
83888 -571 0
72320 572 0
83888 -572 0
92072 573 0
83888 -573 0
86186 574 0
83888 -574 0
86366 575 0
83888 -575 0
76024 576 0
83888 -576 0
79038 577 0
83888 -577 0
81972 578 0
83888 -578 0
79528 579 0
83888 -579 0
84438 580 0
83888 -580 0
87076 581 0
83888 -581 0
88882 582 0
83888 -582 0
87210 583 0
83888 -583 0
88292 584 0
83888 -584 0
82280 585 0
83888 -585 0
83898 586 0
83888 -586 0
60274 18 0
83888 -18 0
88378 587 0
83888 -587 0
67436 588 0
83888 -588 0
83874 589 0
83888 -589 0
77166 590 0
83888 -590 0
91646 591 0
83888 -591 0
80522 592 0
83888 -592 0
79148 593 0
83888 -593 0
88044 594 0
83888 -594 0
75642 595 0
83888 -595 0
71130 596 0
83888 -596 0
76278 597 0
83888 -597 0
92368 598 0
83888 -598 0
90398 599 0
83888 -599 0
87600 600 0
83888 -600 0
90768 601 0
83888 -601 0
91558 602 0
83888 -602 0
83646 603 0
83888 -603 0
75992 604 0
83888 -604 0
70530 605 0
83888 -605 0
81048 606 0
83888 -606 0
84428 607 0
83888 -607 0
84008 608 0
83888 -608 0
83838 609 0
83888 -609 0
69002 19 0
83888 -19 0
81336 610 0
83888 -610 0
77882 611 0
83888 -611 0
88040 612 0
83888 -612 0
79130 613 0
83888 -613 0
85250 614 0
83888 -614 0
89260 615 0
83888 -615 0
76002 616 0
83888 -616 0
82564 617 0
83888 -617 0
86992 618 0
83888 -618 0
85664 619 0
83888 -619 0
71706 620 0
83888 -620 0
86414 621 0
83888 -621 0
79412 622 0
83888 -622 0
82204 623 0
83888 -623 0
85606 624 0
83888 -624 0
84272 625 0
83888 -625 0
88124 626 0
83888 -626 0
88944 627 0
83888 -627 0
79498 628 0
83888 -628 0
83210 629 0
83888 -629 0
84920 630 0
83888 -630 0
83894 631 0
83888 -631 0
75427 20 0
83888 -20 0
86302 632 0
83888 -632 0
83906 633 0
83888 -633 0
92882 634 0
83888 -634 0
75970 635 0
83888 -635 0
82828 636 0
83888 -636 0
81110 637 0
83888 -637 0
73742 638 0
83888 -638 0
73834 639 0
83888 -639 0
77750 640 0
83888 -640 0
81076 641 0
83888 -641 0
89254 642 0
83888 -642 0
85990 643 0
83888 -643 0
87570 644 0
83888 -644 0
83646 645 0
83888 -645 0
83802 646 0
83888 -646 0
83756 647 0
83888 -647 0
81098 648 0
83888 -648 0
80690 649 0
83888 -649 0
85316 650 0
83888 -650 0
83024 651 0
83888 -651 0
83900 652 0
83888 -652 0
40079 21 0
83888 -21 0
83260 653 0
83888 -653 0
90574 654 0
83888 -654 0
79552 655 0
83888 -655 0
88562 656 0
83888 -656 0
99756 657 0
83888 -657 0
99108 658 0
83888 -658 0
78938 659 0
83888 -659 0
83668 660 0
83888 -660 0
90024 661 0
83888 -661 0
86220 662 0
83888 -662 0
84838 663 0
83888 -663 0
87660 664 0
83888 -664 0
86988 665 0
83888 -665 0
83476 666 0
83888 -666 0
75562 667 0
83888 -667 0
78470 668 0
83888 -668 0
86178 669 0
83888 -669 0
80570 670 0
83888 -670 0
86000 671 0
83888 -671 0
83844 672 0
83888 -672 0
71512 22 0
83888 -22 0
94878 673 0
83888 -673 0
73728 674 0
83888 -674 0
82160 675 0
83888 -675 0
90242 676 0
83888 -676 0
80948 677 0
83888 -677 0
70100 678 0
83888 -678 0
79156 679 0
83888 -679 0
84980 680 0
83888 -680 0
84192 681 0
83888 -681 0
75570 682 0
83888 -682 0
82488 683 0
83888 -683 0
93602 684 0
83888 -684 0
84996 685 0
83888 -685 0
77646 686 0
83888 -686 0
79138 687 0
83888 -687 0
83384 688 0
83888 -688 0
82914 689 0
83888 -689 0
85208 690 0
83888 -690 0
83850 691 0
83888 -691 0
60523 23 0
83888 -23 0
89124 692 0
83888 -692 0
84032 693 0
83888 -693 0
71474 694 0
83888 -694 0
82150 695 0
83888 -695 0
96520 696 0
83888 -696 0
96860 697 0
83888 -697 0
84090 698 0
83888 -698 0
86752 699 0
83888 -699 0
87032 700 0
83888 -700 0
84482 701 0
83888 -701 0
86774 702 0
83888 -702 0
85058 703 0
83888 -703 0
89974 704 0
83888 -704 0
90374 705 0
83888 -705 0
80470 706 0
83888 -706 0
81724 707 0
83888 -707 0
84992 708 0
83888 -708 0
83904 709 0
83888 -709 0
56208 24 0
83888 -24 0
69314 710 0
83888 -710 0
97318 711 0
83888 -711 0
75214 712 0
83888 -712 0
76976 713 0
83888 -713 0
82500 714 0
83888 -714 0
88392 715 0
83888 -715 0
85242 716 0
83888 -716 0
79340 717 0
83888 -717 0
73824 718 0
83888 -718 0
82912 719 0
83888 -719 0
80122 720 0
83888 -720 0
86230 721 0
83888 -721 0
82120 722 0
83888 -722 0
83118 723 0
83888 -723 0
89838 724 0
83888 -724 0
81008 725 0
83888 -725 0
83908 726 0
83888 -726 0
50662 25 0
83888 -25 0
95982 727 0
83888 -727 0
82108 728 0
83888 -728 0
81966 729 0
83888 -729 0
80436 730 0
83888 -730 0
86736 731 0
83888 -731 0
86216 732 0
83888 -732 0
80622 733 0
83888 -733 0
76766 734 0
83888 -734 0
72852 735 0
83888 -735 0
78148 736 0
83888 -736 0
89044 737 0
83888 -737 0
83724 738 0
83888 -738 0
80694 739 0
83888 -739 0
89484 740 0
83888 -740 0
82928 741 0
83888 -741 0
83860 742 0
83888 -742 0
97869 26 0
83888 -26 0
76254 743 0
83888 -743 0
88792 744 0
83888 -744 0
86372 745 0
83888 -745 0
72874 746 0
83888 -746 0
83002 747 0
83888 -747 0
83710 748 0
83888 -748 0
85888 749 0
83888 -749 0
86940 750 0
83888 -750 0
84584 751 0
83888 -751 0
89116 752 0
83888 -752 0
89194 753 0
83888 -753 0
77806 754 0
83888 -754 0
81156 755 0
83888 -755 0
85688 756 0
83888 -756 0
83894 757 0
83888 -757 0
84134 27 0
83888 -27 0
78550 758 0
83888 -758 0
78838 759 0
83888 -759 0
79220 760 0
83888 -760 0
81410 761 0
83888 -761 0
79882 762 0
83888 -762 0
74796 763 0
83888 -763 0
85710 764 0
83888 -764 0
79438 765 0
83888 -765 0
88684 766 0
83888 -766 0
82560 767 0
83888 -767 0
79844 768 0
83888 -768 0
91212 769 0
83888 -769 0
79976 770 0
83888 -770 0
83934 771 0
83888 -771 0
69286 28 0
83888 -28 0
70522 772 0
83888 -772 0
82976 773 0
83888 -773 0
84158 774 0
83888 -774 0
78032 775 0
83888 -775 0
79652 776 0
83888 -776 0
88020 777 0
83888 -777 0
80414 778 0
83888 -778 0
78664 779 0
83888 -779 0
73484 780 0
83888 -780 0
79594 781 0
83888 -781 0
84992 782 0
83888 -782 0
84176 783 0
83888 -783 0
83844 784 0
83888 -784 0
72152 29 0
83888 -29 0
79772 785 0
83888 -785 0
80938 786 0
83888 -786 0
80788 787 0
83888 -787 0
81444 788 0
83888 -788 0
78178 789 0
83888 -789 0
77044 790 0
83888 -790 0
81068 791 0
83888 -791 0
74362 792 0
83888 -792 0
79126 793 0
83888 -793 0
87148 794 0
83888 -794 0
83960 795 0
83888 -795 0
83830 796 0
83888 -796 0
74780 30 0
83888 -30 0
83884 797 0
83888 -797 0
81260 798 0
83888 -798 0
80902 799 0
83888 -799 0
84430 800 0
83888 -800 0
82616 801 0
83888 -801 0
89024 802 0
83888 -802 0
90634 803 0
83888 -803 0
79156 804 0
83888 -804 0
83182 805 0
83888 -805 0
83504 806 0
83888 -806 0
83952 807 0
83888 -807 0
78896 31 0
83888 -31 0
79606 808 0
83888 -808 0
78394 809 0
83888 -809 0
80206 810 0
83888 -810 0
79308 811 0
83888 -811 0
85794 812 0
83888 -812 0
85252 813 0
83888 -813 0
82918 814 0
83888 -814 0
85592 815 0
83888 -815 0
84152 816 0
83888 -816 0
83870 817 0
83888 -817 0
78467 32 0
83888 -32 0
79020 818 0
83888 -818 0
81234 819 0
83888 -819 0
82118 820 0
83888 -820 0
83202 821 0
83888 -821 0
84016 822 0
83888 -822 0
79956 823 0
83888 -823 0
85772 824 0
83888 -824 0
86864 825 0
83888 -825 0
83792 826 0
83888 -826 0
69634 33 0
83888 -33 0
85030 827 0
83888 -827 0
76276 828 0
83888 -828 0
93152 829 0
83888 -829 0
85476 830 0
83888 -830 0
81588 831 0
83888 -831 0
91320 832 0
83888 -832 0
79160 833 0
83888 -833 0
83954 834 0
83888 -834 0
61533 34 0
83888 -34 0
78412 835 0
83888 -835 0
88394 836 0
83888 -836 0
86012 837 0
83888 -837 0
81852 838 0
83888 -838 0
88332 839 0
83888 -839 0
84728 840 0
83888 -840 0
83826 841 0
83888 -841 0
73737 35 0
83888 -35 0
87302 842 0
83888 -842 0
81218 843 0
83888 -843 0
77010 844 0
83888 -844 0
87250 845 0
83888 -845 0
84488 846 0
83888 -846 0
83842 847 0
83888 -847 0
79145 36 0
83888 -36 0
76514 848 0
83888 -848 0
86356 849 0
83888 -849 0
80568 850 0
83888 -850 0
86120 851 0
83888 -851 0
83830 852 0
83888 -852 0
77685 37 0
83888 -37 0
82126 853 0
83888 -853 0
84700 854 0
83888 -854 0
84512 855 0
83888 -855 0
83816 856 0
83888 -856 0
80980 38 0
83888 -38 0
83540 857 0
83888 -857 0
87080 858 0
83888 -858 0
83814 859 0
83888 -859 0
82909 39 0
83888 -39 0
86936 860 0
83888 -860 0
83866 861 0
83888 -861 0
80600 40 0
83888 -40 0
83960 862 0
83888 -862 0
83913 41 0
83888 -41 0
