c
c Generated WCNF file
c
p wcnf 742 3592 80726
80726 39 0
80726 -40 1 0
80726 -40 2 0
80726 40 -1 -2 0
80726 -41 1 0
80726 -41 3 0
80726 41 -1 -3 0
80726 -42 1 0
80726 -42 4 0
80726 42 -1 -4 0
80726 -43 1 0
80726 -43 5 0
80726 43 -1 -5 0
80726 -44 1 0
80726 -44 6 0
80726 44 -1 -6 0
80726 -45 1 0
80726 -45 7 0
80726 45 -1 -7 0
80726 -46 1 0
80726 -46 8 0
80726 46 -1 -8 0
80726 -47 1 0
80726 -47 9 0
80726 47 -1 -9 0
80726 -48 1 0
80726 -48 10 0
80726 48 -1 -10 0
80726 -49 1 0
80726 -49 11 0
80726 49 -1 -11 0
80726 -50 1 0
80726 -50 12 0
80726 50 -1 -12 0
80726 -51 1 0
80726 -51 13 0
80726 51 -1 -13 0
80726 -52 1 0
80726 -52 14 0
80726 52 -1 -14 0
80726 -53 1 0
80726 -53 15 0
80726 53 -1 -15 0
80726 -54 1 0
80726 -54 16 0
80726 54 -1 -16 0
80726 -55 1 0
80726 -55 17 0
80726 55 -1 -17 0
80726 -56 1 0
80726 -56 18 0
80726 56 -1 -18 0
80726 -57 1 0
80726 -57 19 0
80726 57 -1 -19 0
80726 -58 1 0
80726 -58 20 0
80726 58 -1 -20 0
80726 -59 1 0
80726 -59 21 0
80726 59 -1 -21 0
80726 -60 1 0
80726 -60 22 0
80726 60 -1 -22 0
80726 -61 1 0
80726 -61 23 0
80726 61 -1 -23 0
80726 -62 1 0
80726 -62 24 0
80726 62 -1 -24 0
80726 -63 1 0
80726 -63 25 0
80726 63 -1 -25 0
80726 -64 1 0
80726 -64 26 0
80726 64 -1 -26 0
80726 -65 1 0
80726 -65 27 0
80726 65 -1 -27 0
80726 -66 1 0
80726 -66 28 0
80726 66 -1 -28 0
80726 -67 1 0
80726 -67 29 0
80726 67 -1 -29 0
80726 -68 1 0
80726 -68 30 0
80726 68 -1 -30 0
80726 -69 1 0
80726 -69 31 0
80726 69 -1 -31 0
80726 -70 1 0
80726 -70 32 0
80726 70 -1 -32 0
80726 -71 1 0
80726 -71 33 0
80726 71 -1 -33 0
80726 -72 1 0
80726 -72 34 0
80726 72 -1 -34 0
80726 -73 1 0
80726 -73 35 0
80726 73 -1 -35 0
80726 -74 1 0
80726 -74 36 0
80726 74 -1 -36 0
80726 -75 1 0
80726 -75 37 0
80726 75 -1 -37 0
80726 -76 1 0
80726 -76 38 0
80726 76 -1 -38 0
80726 -77 2 0
80726 -77 3 0
80726 77 -2 -3 0
80726 -78 2 0
80726 -78 4 0
80726 78 -2 -4 0
80726 -79 2 0
80726 -79 5 0
80726 79 -2 -5 0
80726 -80 2 0
80726 -80 6 0
80726 80 -2 -6 0
80726 -81 2 0
80726 -81 7 0
80726 81 -2 -7 0
80726 -82 2 0
80726 -82 8 0
80726 82 -2 -8 0
80726 -83 2 0
80726 -83 9 0
80726 83 -2 -9 0
80726 -84 2 0
80726 -84 10 0
80726 84 -2 -10 0
80726 -85 2 0
80726 -85 11 0
80726 85 -2 -11 0
80726 -86 2 0
80726 -86 12 0
80726 86 -2 -12 0
80726 -87 2 0
80726 -87 13 0
80726 87 -2 -13 0
80726 -88 2 0
80726 -88 14 0
80726 88 -2 -14 0
80726 -89 2 0
80726 -89 15 0
80726 89 -2 -15 0
80726 -90 2 0
80726 -90 16 0
80726 90 -2 -16 0
80726 -91 2 0
80726 -91 17 0
80726 91 -2 -17 0
80726 -92 2 0
80726 -92 18 0
80726 92 -2 -18 0
80726 -93 2 0
80726 -93 19 0
80726 93 -2 -19 0
80726 -94 2 0
80726 -94 20 0
80726 94 -2 -20 0
80726 -95 2 0
80726 -95 21 0
80726 95 -2 -21 0
80726 -96 2 0
80726 -96 22 0
80726 96 -2 -22 0
80726 -97 2 0
80726 -97 23 0
80726 97 -2 -23 0
80726 -98 2 0
80726 -98 24 0
80726 98 -2 -24 0
80726 -99 2 0
80726 -99 25 0
80726 99 -2 -25 0
80726 -100 2 0
80726 -100 26 0
80726 100 -2 -26 0
80726 -101 2 0
80726 -101 27 0
80726 101 -2 -27 0
80726 -102 2 0
80726 -102 28 0
80726 102 -2 -28 0
80726 -103 2 0
80726 -103 29 0
80726 103 -2 -29 0
80726 -104 2 0
80726 -104 30 0
80726 104 -2 -30 0
80726 -105 2 0
80726 -105 31 0
80726 105 -2 -31 0
80726 -106 2 0
80726 -106 32 0
80726 106 -2 -32 0
80726 -107 2 0
80726 -107 33 0
80726 107 -2 -33 0
80726 -108 2 0
80726 -108 34 0
80726 108 -2 -34 0
80726 -109 2 0
80726 -109 35 0
80726 109 -2 -35 0
80726 -110 2 0
80726 -110 36 0
80726 110 -2 -36 0
80726 -111 2 0
80726 -111 37 0
80726 111 -2 -37 0
80726 -112 2 0
80726 -112 38 0
80726 112 -2 -38 0
80726 -113 3 0
80726 -113 4 0
80726 113 -3 -4 0
80726 -114 3 0
80726 -114 5 0
80726 114 -3 -5 0
80726 -115 3 0
80726 -115 6 0
80726 115 -3 -6 0
80726 -116 3 0
80726 -116 7 0
80726 116 -3 -7 0
80726 -117 3 0
80726 -117 8 0
80726 117 -3 -8 0
80726 -118 3 0
80726 -118 9 0
80726 118 -3 -9 0
80726 -119 3 0
80726 -119 10 0
80726 119 -3 -10 0
80726 -120 3 0
80726 -120 11 0
80726 120 -3 -11 0
80726 -121 3 0
80726 -121 12 0
80726 121 -3 -12 0
80726 -122 3 0
80726 -122 13 0
80726 122 -3 -13 0
80726 -123 3 0
80726 -123 14 0
80726 123 -3 -14 0
80726 -124 3 0
80726 -124 15 0
80726 124 -3 -15 0
80726 -125 3 0
80726 -125 16 0
80726 125 -3 -16 0
80726 -126 3 0
80726 -126 17 0
80726 126 -3 -17 0
80726 -127 3 0
80726 -127 18 0
80726 127 -3 -18 0
80726 -128 3 0
80726 -128 19 0
80726 128 -3 -19 0
80726 -129 3 0
80726 -129 20 0
80726 129 -3 -20 0
80726 -130 3 0
80726 -130 21 0
80726 130 -3 -21 0
80726 -131 3 0
80726 -131 22 0
80726 131 -3 -22 0
80726 -132 3 0
80726 -132 23 0
80726 132 -3 -23 0
80726 -133 3 0
80726 -133 24 0
80726 133 -3 -24 0
80726 -134 3 0
80726 -134 25 0
80726 134 -3 -25 0
80726 -135 3 0
80726 -135 26 0
80726 135 -3 -26 0
80726 -136 3 0
80726 -136 27 0
80726 136 -3 -27 0
80726 -137 3 0
80726 -137 28 0
80726 137 -3 -28 0
80726 -138 3 0
80726 -138 29 0
80726 138 -3 -29 0
80726 -139 3 0
80726 -139 30 0
80726 139 -3 -30 0
80726 -140 3 0
80726 -140 31 0
80726 140 -3 -31 0
80726 -141 3 0
80726 -141 32 0
80726 141 -3 -32 0
80726 -142 3 0
80726 -142 33 0
80726 142 -3 -33 0
80726 -143 3 0
80726 -143 34 0
80726 143 -3 -34 0
80726 -144 3 0
80726 -144 35 0
80726 144 -3 -35 0
80726 -145 3 0
80726 -145 36 0
80726 145 -3 -36 0
80726 -146 3 0
80726 -146 37 0
80726 146 -3 -37 0
80726 -147 3 0
80726 -147 38 0
80726 147 -3 -38 0
80726 -148 4 0
80726 -148 5 0
80726 148 -4 -5 0
80726 -149 4 0
80726 -149 6 0
80726 149 -4 -6 0
80726 -150 4 0
80726 -150 7 0
80726 150 -4 -7 0
80726 -151 4 0
80726 -151 8 0
80726 151 -4 -8 0
80726 -152 4 0
80726 -152 9 0
80726 152 -4 -9 0
80726 -153 4 0
80726 -153 10 0
80726 153 -4 -10 0
80726 -154 4 0
80726 -154 11 0
80726 154 -4 -11 0
80726 -155 4 0
80726 -155 12 0
80726 155 -4 -12 0
80726 -156 4 0
80726 -156 13 0
80726 156 -4 -13 0
80726 -157 4 0
80726 -157 14 0
80726 157 -4 -14 0
80726 -158 4 0
80726 -158 15 0
80726 158 -4 -15 0
80726 -159 4 0
80726 -159 16 0
80726 159 -4 -16 0
80726 -160 4 0
80726 -160 17 0
80726 160 -4 -17 0
80726 -161 4 0
80726 -161 18 0
80726 161 -4 -18 0
80726 -162 4 0
80726 -162 19 0
80726 162 -4 -19 0
80726 -163 4 0
80726 -163 20 0
80726 163 -4 -20 0
80726 -164 4 0
80726 -164 21 0
80726 164 -4 -21 0
80726 -165 4 0
80726 -165 22 0
80726 165 -4 -22 0
80726 -166 4 0
80726 -166 23 0
80726 166 -4 -23 0
80726 -167 4 0
80726 -167 24 0
80726 167 -4 -24 0
80726 -168 4 0
80726 -168 25 0
80726 168 -4 -25 0
80726 -169 4 0
80726 -169 26 0
80726 169 -4 -26 0
80726 -170 4 0
80726 -170 27 0
80726 170 -4 -27 0
80726 -171 4 0
80726 -171 28 0
80726 171 -4 -28 0
80726 -172 4 0
80726 -172 29 0
80726 172 -4 -29 0
80726 -173 4 0
80726 -173 30 0
80726 173 -4 -30 0
80726 -174 4 0
80726 -174 31 0
80726 174 -4 -31 0
80726 -175 4 0
80726 -175 32 0
80726 175 -4 -32 0
80726 -176 4 0
80726 -176 33 0
80726 176 -4 -33 0
80726 -177 4 0
80726 -177 34 0
80726 177 -4 -34 0
80726 -178 4 0
80726 -178 35 0
80726 178 -4 -35 0
80726 -179 4 0
80726 -179 36 0
80726 179 -4 -36 0
80726 -180 4 0
80726 -180 37 0
80726 180 -4 -37 0
80726 -181 4 0
80726 -181 38 0
80726 181 -4 -38 0
80726 -182 5 0
80726 -182 6 0
80726 182 -5 -6 0
80726 -183 5 0
80726 -183 7 0
80726 183 -5 -7 0
80726 -184 5 0
80726 -184 8 0
80726 184 -5 -8 0
80726 -185 5 0
80726 -185 9 0
80726 185 -5 -9 0
80726 -186 5 0
80726 -186 10 0
80726 186 -5 -10 0
80726 -187 5 0
80726 -187 11 0
80726 187 -5 -11 0
80726 -188 5 0
80726 -188 12 0
80726 188 -5 -12 0
80726 -189 5 0
80726 -189 13 0
80726 189 -5 -13 0
80726 -190 5 0
80726 -190 14 0
80726 190 -5 -14 0
80726 -191 5 0
80726 -191 15 0
80726 191 -5 -15 0
80726 -192 5 0
80726 -192 16 0
80726 192 -5 -16 0
80726 -193 5 0
80726 -193 17 0
80726 193 -5 -17 0
80726 -194 5 0
80726 -194 18 0
80726 194 -5 -18 0
80726 -195 5 0
80726 -195 19 0
80726 195 -5 -19 0
80726 -196 5 0
80726 -196 20 0
80726 196 -5 -20 0
80726 -197 5 0
80726 -197 21 0
80726 197 -5 -21 0
80726 -198 5 0
80726 -198 22 0
80726 198 -5 -22 0
80726 -199 5 0
80726 -199 23 0
80726 199 -5 -23 0
80726 -200 5 0
80726 -200 24 0
80726 200 -5 -24 0
80726 -201 5 0
80726 -201 25 0
80726 201 -5 -25 0
80726 -202 5 0
80726 -202 26 0
80726 202 -5 -26 0
80726 -203 5 0
80726 -203 27 0
80726 203 -5 -27 0
80726 -204 5 0
80726 -204 28 0
80726 204 -5 -28 0
80726 -205 5 0
80726 -205 29 0
80726 205 -5 -29 0
80726 -206 5 0
80726 -206 30 0
80726 206 -5 -30 0
80726 -207 5 0
80726 -207 31 0
80726 207 -5 -31 0
80726 -208 5 0
80726 -208 32 0
80726 208 -5 -32 0
80726 -209 5 0
80726 -209 33 0
80726 209 -5 -33 0
80726 -210 5 0
80726 -210 34 0
80726 210 -5 -34 0
80726 -211 5 0
80726 -211 35 0
80726 211 -5 -35 0
80726 -212 5 0
80726 -212 36 0
80726 212 -5 -36 0
80726 -213 5 0
80726 -213 37 0
80726 213 -5 -37 0
80726 -214 5 0
80726 -214 38 0
80726 214 -5 -38 0
80726 -215 6 0
80726 -215 7 0
80726 215 -6 -7 0
80726 -216 6 0
80726 -216 8 0
80726 216 -6 -8 0
80726 -217 6 0
80726 -217 9 0
80726 217 -6 -9 0
80726 -218 6 0
80726 -218 10 0
80726 218 -6 -10 0
80726 -219 6 0
80726 -219 11 0
80726 219 -6 -11 0
80726 -220 6 0
80726 -220 12 0
80726 220 -6 -12 0
80726 -221 6 0
80726 -221 13 0
80726 221 -6 -13 0
80726 -222 6 0
80726 -222 14 0
80726 222 -6 -14 0
80726 -223 6 0
80726 -223 15 0
80726 223 -6 -15 0
80726 -224 6 0
80726 -224 16 0
80726 224 -6 -16 0
80726 -225 6 0
80726 -225 17 0
80726 225 -6 -17 0
80726 -226 6 0
80726 -226 18 0
80726 226 -6 -18 0
80726 -227 6 0
80726 -227 19 0
80726 227 -6 -19 0
80726 -228 6 0
80726 -228 20 0
80726 228 -6 -20 0
80726 -229 6 0
80726 -229 21 0
80726 229 -6 -21 0
80726 -230 6 0
80726 -230 22 0
80726 230 -6 -22 0
80726 -231 6 0
80726 -231 23 0
80726 231 -6 -23 0
80726 -232 6 0
80726 -232 24 0
80726 232 -6 -24 0
80726 -233 6 0
80726 -233 25 0
80726 233 -6 -25 0
80726 -234 6 0
80726 -234 26 0
80726 234 -6 -26 0
80726 -235 6 0
80726 -235 27 0
80726 235 -6 -27 0
80726 -236 6 0
80726 -236 28 0
80726 236 -6 -28 0
80726 -237 6 0
80726 -237 29 0
80726 237 -6 -29 0
80726 -238 6 0
80726 -238 30 0
80726 238 -6 -30 0
80726 -239 6 0
80726 -239 31 0
80726 239 -6 -31 0
80726 -240 6 0
80726 -240 32 0
80726 240 -6 -32 0
80726 -241 6 0
80726 -241 33 0
80726 241 -6 -33 0
80726 -242 6 0
80726 -242 34 0
80726 242 -6 -34 0
80726 -243 6 0
80726 -243 35 0
80726 243 -6 -35 0
80726 -244 6 0
80726 -244 36 0
80726 244 -6 -36 0
80726 -245 6 0
80726 -245 37 0
80726 245 -6 -37 0
80726 -246 6 0
80726 -246 38 0
80726 246 -6 -38 0
80726 -247 7 0
80726 -247 8 0
80726 247 -7 -8 0
80726 -248 7 0
80726 -248 9 0
80726 248 -7 -9 0
80726 -249 7 0
80726 -249 10 0
80726 249 -7 -10 0
80726 -250 7 0
80726 -250 11 0
80726 250 -7 -11 0
80726 -251 7 0
80726 -251 12 0
80726 251 -7 -12 0
80726 -252 7 0
80726 -252 13 0
80726 252 -7 -13 0
80726 -253 7 0
80726 -253 14 0
80726 253 -7 -14 0
80726 -254 7 0
80726 -254 15 0
80726 254 -7 -15 0
80726 -255 7 0
80726 -255 16 0
80726 255 -7 -16 0
80726 -256 7 0
80726 -256 17 0
80726 256 -7 -17 0
80726 -257 7 0
80726 -257 18 0
80726 257 -7 -18 0
80726 -258 7 0
80726 -258 19 0
80726 258 -7 -19 0
80726 -259 7 0
80726 -259 20 0
80726 259 -7 -20 0
80726 -260 7 0
80726 -260 21 0
80726 260 -7 -21 0
80726 -261 7 0
80726 -261 22 0
80726 261 -7 -22 0
80726 -262 7 0
80726 -262 23 0
80726 262 -7 -23 0
80726 -263 7 0
80726 -263 24 0
80726 263 -7 -24 0
80726 -264 7 0
80726 -264 25 0
80726 264 -7 -25 0
80726 -265 7 0
80726 -265 26 0
80726 265 -7 -26 0
80726 -266 7 0
80726 -266 27 0
80726 266 -7 -27 0
80726 -267 7 0
80726 -267 28 0
80726 267 -7 -28 0
80726 -268 7 0
80726 -268 29 0
80726 268 -7 -29 0
80726 -269 7 0
80726 -269 30 0
80726 269 -7 -30 0
80726 -270 7 0
80726 -270 31 0
80726 270 -7 -31 0
80726 -271 7 0
80726 -271 32 0
80726 271 -7 -32 0
80726 -272 7 0
80726 -272 33 0
80726 272 -7 -33 0
80726 -273 7 0
80726 -273 34 0
80726 273 -7 -34 0
80726 -274 7 0
80726 -274 35 0
80726 274 -7 -35 0
80726 -275 7 0
80726 -275 36 0
80726 275 -7 -36 0
80726 -276 7 0
80726 -276 37 0
80726 276 -7 -37 0
80726 -277 7 0
80726 -277 38 0
80726 277 -7 -38 0
80726 -278 8 0
80726 -278 9 0
80726 278 -8 -9 0
80726 -279 8 0
80726 -279 10 0
80726 279 -8 -10 0
80726 -280 8 0
80726 -280 11 0
80726 280 -8 -11 0
80726 -281 8 0
80726 -281 12 0
80726 281 -8 -12 0
80726 -282 8 0
80726 -282 13 0
80726 282 -8 -13 0
80726 -283 8 0
80726 -283 14 0
80726 283 -8 -14 0
80726 -284 8 0
80726 -284 15 0
80726 284 -8 -15 0
80726 -285 8 0
80726 -285 16 0
80726 285 -8 -16 0
80726 -286 8 0
80726 -286 17 0
80726 286 -8 -17 0
80726 -287 8 0
80726 -287 18 0
80726 287 -8 -18 0
80726 -288 8 0
80726 -288 19 0
80726 288 -8 -19 0
80726 -289 8 0
80726 -289 20 0
80726 289 -8 -20 0
80726 -290 8 0
80726 -290 21 0
80726 290 -8 -21 0
80726 -291 8 0
80726 -291 22 0
80726 291 -8 -22 0
80726 -292 8 0
80726 -292 23 0
80726 292 -8 -23 0
80726 -293 8 0
80726 -293 24 0
80726 293 -8 -24 0
80726 -294 8 0
80726 -294 25 0
80726 294 -8 -25 0
80726 -295 8 0
80726 -295 26 0
80726 295 -8 -26 0
80726 -296 8 0
80726 -296 27 0
80726 296 -8 -27 0
80726 -297 8 0
80726 -297 28 0
80726 297 -8 -28 0
80726 -298 8 0
80726 -298 29 0
80726 298 -8 -29 0
80726 -299 8 0
80726 -299 30 0
80726 299 -8 -30 0
80726 -300 8 0
80726 -300 31 0
80726 300 -8 -31 0
80726 -301 8 0
80726 -301 32 0
80726 301 -8 -32 0
80726 -302 8 0
80726 -302 33 0
80726 302 -8 -33 0
80726 -303 8 0
80726 -303 34 0
80726 303 -8 -34 0
80726 -304 8 0
80726 -304 35 0
80726 304 -8 -35 0
80726 -305 8 0
80726 -305 36 0
80726 305 -8 -36 0
80726 -306 8 0
80726 -306 37 0
80726 306 -8 -37 0
80726 -307 8 0
80726 -307 38 0
80726 307 -8 -38 0
80726 -308 9 0
80726 -308 10 0
80726 308 -9 -10 0
80726 -309 9 0
80726 -309 11 0
80726 309 -9 -11 0
80726 -310 9 0
80726 -310 12 0
80726 310 -9 -12 0
80726 -311 9 0
80726 -311 13 0
80726 311 -9 -13 0
80726 -312 9 0
80726 -312 14 0
80726 312 -9 -14 0
80726 -313 9 0
80726 -313 15 0
80726 313 -9 -15 0
80726 -314 9 0
80726 -314 16 0
80726 314 -9 -16 0
80726 -315 9 0
80726 -315 17 0
80726 315 -9 -17 0
80726 -316 9 0
80726 -316 18 0
80726 316 -9 -18 0
80726 -317 9 0
80726 -317 19 0
80726 317 -9 -19 0
80726 -318 9 0
80726 -318 20 0
80726 318 -9 -20 0
80726 -319 9 0
80726 -319 21 0
80726 319 -9 -21 0
80726 -320 9 0
80726 -320 22 0
80726 320 -9 -22 0
80726 -321 9 0
80726 -321 23 0
80726 321 -9 -23 0
80726 -322 9 0
80726 -322 24 0
80726 322 -9 -24 0
80726 -323 9 0
80726 -323 25 0
80726 323 -9 -25 0
80726 -324 9 0
80726 -324 26 0
80726 324 -9 -26 0
80726 -325 9 0
80726 -325 27 0
80726 325 -9 -27 0
80726 -326 9 0
80726 -326 28 0
80726 326 -9 -28 0
80726 -327 9 0
80726 -327 29 0
80726 327 -9 -29 0
80726 -328 9 0
80726 -328 30 0
80726 328 -9 -30 0
80726 -329 9 0
80726 -329 31 0
80726 329 -9 -31 0
80726 -330 9 0
80726 -330 32 0
80726 330 -9 -32 0
80726 -331 9 0
80726 -331 33 0
80726 331 -9 -33 0
80726 -332 9 0
80726 -332 34 0
80726 332 -9 -34 0
80726 -333 9 0
80726 -333 35 0
80726 333 -9 -35 0
80726 -334 9 0
80726 -334 36 0
80726 334 -9 -36 0
80726 -335 9 0
80726 -335 37 0
80726 335 -9 -37 0
80726 -336 9 0
80726 -336 38 0
80726 336 -9 -38 0
80726 -337 10 0
80726 -337 11 0
80726 337 -10 -11 0
80726 -338 10 0
80726 -338 12 0
80726 338 -10 -12 0
80726 -339 10 0
80726 -339 13 0
80726 339 -10 -13 0
80726 -340 10 0
80726 -340 14 0
80726 340 -10 -14 0
80726 -341 10 0
80726 -341 15 0
80726 341 -10 -15 0
80726 -342 10 0
80726 -342 16 0
80726 342 -10 -16 0
80726 -343 10 0
80726 -343 17 0
80726 343 -10 -17 0
80726 -344 10 0
80726 -344 18 0
80726 344 -10 -18 0
80726 -345 10 0
80726 -345 19 0
80726 345 -10 -19 0
80726 -346 10 0
80726 -346 20 0
80726 346 -10 -20 0
80726 -347 10 0
80726 -347 21 0
80726 347 -10 -21 0
80726 -348 10 0
80726 -348 22 0
80726 348 -10 -22 0
80726 -349 10 0
80726 -349 23 0
80726 349 -10 -23 0
80726 -350 10 0
80726 -350 24 0
80726 350 -10 -24 0
80726 -351 10 0
80726 -351 25 0
80726 351 -10 -25 0
80726 -352 10 0
80726 -352 26 0
80726 352 -10 -26 0
80726 -353 10 0
80726 -353 27 0
80726 353 -10 -27 0
80726 -354 10 0
80726 -354 28 0
80726 354 -10 -28 0
80726 -355 10 0
80726 -355 29 0
80726 355 -10 -29 0
80726 -356 10 0
80726 -356 30 0
80726 356 -10 -30 0
80726 -357 10 0
80726 -357 31 0
80726 357 -10 -31 0
80726 -358 10 0
80726 -358 32 0
80726 358 -10 -32 0
80726 -359 10 0
80726 -359 33 0
80726 359 -10 -33 0
80726 -360 10 0
80726 -360 34 0
80726 360 -10 -34 0
80726 -361 10 0
80726 -361 35 0
80726 361 -10 -35 0
80726 -362 10 0
80726 -362 36 0
80726 362 -10 -36 0
80726 -363 10 0
80726 -363 37 0
80726 363 -10 -37 0
80726 -364 10 0
80726 -364 38 0
80726 364 -10 -38 0
80726 -365 11 0
80726 -365 12 0
80726 365 -11 -12 0
80726 -366 11 0
80726 -366 13 0
80726 366 -11 -13 0
80726 -367 11 0
80726 -367 14 0
80726 367 -11 -14 0
80726 -368 11 0
80726 -368 15 0
80726 368 -11 -15 0
80726 -369 11 0
80726 -369 16 0
80726 369 -11 -16 0
80726 -370 11 0
80726 -370 17 0
80726 370 -11 -17 0
80726 -371 11 0
80726 -371 18 0
80726 371 -11 -18 0
80726 -372 11 0
80726 -372 19 0
80726 372 -11 -19 0
80726 -373 11 0
80726 -373 20 0
80726 373 -11 -20 0
80726 -374 11 0
80726 -374 21 0
80726 374 -11 -21 0
80726 -375 11 0
80726 -375 22 0
80726 375 -11 -22 0
80726 -376 11 0
80726 -376 23 0
80726 376 -11 -23 0
80726 -377 11 0
80726 -377 24 0
80726 377 -11 -24 0
80726 -378 11 0
80726 -378 25 0
80726 378 -11 -25 0
80726 -379 11 0
80726 -379 26 0
80726 379 -11 -26 0
80726 -380 11 0
80726 -380 27 0
80726 380 -11 -27 0
80726 -381 11 0
80726 -381 28 0
80726 381 -11 -28 0
80726 -382 11 0
80726 -382 29 0
80726 382 -11 -29 0
80726 -383 11 0
80726 -383 30 0
80726 383 -11 -30 0
80726 -384 11 0
80726 -384 31 0
80726 384 -11 -31 0
80726 -385 11 0
80726 -385 32 0
80726 385 -11 -32 0
80726 -386 11 0
80726 -386 33 0
80726 386 -11 -33 0
80726 -387 11 0
80726 -387 34 0
80726 387 -11 -34 0
80726 -388 11 0
80726 -388 35 0
80726 388 -11 -35 0
80726 -389 11 0
80726 -389 36 0
80726 389 -11 -36 0
80726 -390 11 0
80726 -390 37 0
80726 390 -11 -37 0
80726 -391 11 0
80726 -391 38 0
80726 391 -11 -38 0
80726 -392 12 0
80726 -392 13 0
80726 392 -12 -13 0
80726 -393 12 0
80726 -393 14 0
80726 393 -12 -14 0
80726 -394 12 0
80726 -394 15 0
80726 394 -12 -15 0
80726 -395 12 0
80726 -395 16 0
80726 395 -12 -16 0
80726 -396 12 0
80726 -396 17 0
80726 396 -12 -17 0
80726 -397 12 0
80726 -397 18 0
80726 397 -12 -18 0
80726 -398 12 0
80726 -398 19 0
80726 398 -12 -19 0
80726 -399 12 0
80726 -399 20 0
80726 399 -12 -20 0
80726 -400 12 0
80726 -400 21 0
80726 400 -12 -21 0
80726 -401 12 0
80726 -401 22 0
80726 401 -12 -22 0
80726 -402 12 0
80726 -402 23 0
80726 402 -12 -23 0
80726 -403 12 0
80726 -403 24 0
80726 403 -12 -24 0
80726 -404 12 0
80726 -404 25 0
80726 404 -12 -25 0
80726 -405 12 0
80726 -405 26 0
80726 405 -12 -26 0
80726 -406 12 0
80726 -406 27 0
80726 406 -12 -27 0
80726 -407 12 0
80726 -407 28 0
80726 407 -12 -28 0
80726 -408 12 0
80726 -408 29 0
80726 408 -12 -29 0
80726 -409 12 0
80726 -409 30 0
80726 409 -12 -30 0
80726 -410 12 0
80726 -410 31 0
80726 410 -12 -31 0
80726 -411 12 0
80726 -411 32 0
80726 411 -12 -32 0
80726 -412 12 0
80726 -412 33 0
80726 412 -12 -33 0
80726 -413 12 0
80726 -413 34 0
80726 413 -12 -34 0
80726 -414 12 0
80726 -414 35 0
80726 414 -12 -35 0
80726 -415 12 0
80726 -415 36 0
80726 415 -12 -36 0
80726 -416 12 0
80726 -416 37 0
80726 416 -12 -37 0
80726 -417 12 0
80726 -417 38 0
80726 417 -12 -38 0
80726 -418 13 0
80726 -418 14 0
80726 418 -13 -14 0
80726 -419 13 0
80726 -419 15 0
80726 419 -13 -15 0
80726 -420 13 0
80726 -420 16 0
80726 420 -13 -16 0
80726 -421 13 0
80726 -421 17 0
80726 421 -13 -17 0
80726 -422 13 0
80726 -422 18 0
80726 422 -13 -18 0
80726 -423 13 0
80726 -423 19 0
80726 423 -13 -19 0
80726 -424 13 0
80726 -424 20 0
80726 424 -13 -20 0
80726 -425 13 0
80726 -425 21 0
80726 425 -13 -21 0
80726 -426 13 0
80726 -426 22 0
80726 426 -13 -22 0
80726 -427 13 0
80726 -427 23 0
80726 427 -13 -23 0
80726 -428 13 0
80726 -428 24 0
80726 428 -13 -24 0
80726 -429 13 0
80726 -429 25 0
80726 429 -13 -25 0
80726 -430 13 0
80726 -430 26 0
80726 430 -13 -26 0
80726 -431 13 0
80726 -431 27 0
80726 431 -13 -27 0
80726 -432 13 0
80726 -432 28 0
80726 432 -13 -28 0
80726 -433 13 0
80726 -433 29 0
80726 433 -13 -29 0
80726 -434 13 0
80726 -434 30 0
80726 434 -13 -30 0
80726 -435 13 0
80726 -435 31 0
80726 435 -13 -31 0
80726 -436 13 0
80726 -436 32 0
80726 436 -13 -32 0
80726 -437 13 0
80726 -437 33 0
80726 437 -13 -33 0
80726 -438 13 0
80726 -438 34 0
80726 438 -13 -34 0
80726 -439 13 0
80726 -439 35 0
80726 439 -13 -35 0
80726 -440 13 0
80726 -440 36 0
80726 440 -13 -36 0
80726 -441 13 0
80726 -441 37 0
80726 441 -13 -37 0
80726 -442 13 0
80726 -442 38 0
80726 442 -13 -38 0
80726 -443 14 0
80726 -443 15 0
80726 443 -14 -15 0
80726 -444 14 0
80726 -444 16 0
80726 444 -14 -16 0
80726 -445 14 0
80726 -445 17 0
80726 445 -14 -17 0
80726 -446 14 0
80726 -446 18 0
80726 446 -14 -18 0
80726 -447 14 0
80726 -447 19 0
80726 447 -14 -19 0
80726 -448 14 0
80726 -448 20 0
80726 448 -14 -20 0
80726 -449 14 0
80726 -449 21 0
80726 449 -14 -21 0
80726 -450 14 0
80726 -450 22 0
80726 450 -14 -22 0
80726 -451 14 0
80726 -451 23 0
80726 451 -14 -23 0
80726 -452 14 0
80726 -452 24 0
80726 452 -14 -24 0
80726 -453 14 0
80726 -453 25 0
80726 453 -14 -25 0
80726 -454 14 0
80726 -454 26 0
80726 454 -14 -26 0
80726 -455 14 0
80726 -455 27 0
80726 455 -14 -27 0
80726 -456 14 0
80726 -456 28 0
80726 456 -14 -28 0
80726 -457 14 0
80726 -457 29 0
80726 457 -14 -29 0
80726 -458 14 0
80726 -458 30 0
80726 458 -14 -30 0
80726 -459 14 0
80726 -459 31 0
80726 459 -14 -31 0
80726 -460 14 0
80726 -460 32 0
80726 460 -14 -32 0
80726 -461 14 0
80726 -461 33 0
80726 461 -14 -33 0
80726 -462 14 0
80726 -462 34 0
80726 462 -14 -34 0
80726 -463 14 0
80726 -463 35 0
80726 463 -14 -35 0
80726 -464 14 0
80726 -464 36 0
80726 464 -14 -36 0
80726 -465 14 0
80726 -465 37 0
80726 465 -14 -37 0
80726 -466 14 0
80726 -466 38 0
80726 466 -14 -38 0
80726 -467 15 0
80726 -467 16 0
80726 467 -15 -16 0
80726 -468 15 0
80726 -468 17 0
80726 468 -15 -17 0
80726 -469 15 0
80726 -469 18 0
80726 469 -15 -18 0
80726 -470 15 0
80726 -470 19 0
80726 470 -15 -19 0
80726 -471 15 0
80726 -471 20 0
80726 471 -15 -20 0
80726 -472 15 0
80726 -472 21 0
80726 472 -15 -21 0
80726 -473 15 0
80726 -473 22 0
80726 473 -15 -22 0
80726 -474 15 0
80726 -474 23 0
80726 474 -15 -23 0
80726 -475 15 0
80726 -475 24 0
80726 475 -15 -24 0
80726 -476 15 0
80726 -476 25 0
80726 476 -15 -25 0
80726 -477 15 0
80726 -477 26 0
80726 477 -15 -26 0
80726 -478 15 0
80726 -478 27 0
80726 478 -15 -27 0
80726 -479 15 0
80726 -479 28 0
80726 479 -15 -28 0
80726 -480 15 0
80726 -480 29 0
80726 480 -15 -29 0
80726 -481 15 0
80726 -481 30 0
80726 481 -15 -30 0
80726 -482 15 0
80726 -482 31 0
80726 482 -15 -31 0
80726 -483 15 0
80726 -483 32 0
80726 483 -15 -32 0
80726 -484 15 0
80726 -484 33 0
80726 484 -15 -33 0
80726 -485 15 0
80726 -485 34 0
80726 485 -15 -34 0
80726 -486 15 0
80726 -486 35 0
80726 486 -15 -35 0
80726 -487 15 0
80726 -487 36 0
80726 487 -15 -36 0
80726 -488 15 0
80726 -488 37 0
80726 488 -15 -37 0
80726 -489 15 0
80726 -489 38 0
80726 489 -15 -38 0
80726 -490 16 0
80726 -490 17 0
80726 490 -16 -17 0
80726 -491 16 0
80726 -491 18 0
80726 491 -16 -18 0
80726 -492 16 0
80726 -492 19 0
80726 492 -16 -19 0
80726 -493 16 0
80726 -493 20 0
80726 493 -16 -20 0
80726 -494 16 0
80726 -494 21 0
80726 494 -16 -21 0
80726 -495 16 0
80726 -495 22 0
80726 495 -16 -22 0
80726 -496 16 0
80726 -496 23 0
80726 496 -16 -23 0
80726 -497 16 0
80726 -497 24 0
80726 497 -16 -24 0
80726 -498 16 0
80726 -498 25 0
80726 498 -16 -25 0
80726 -499 16 0
80726 -499 26 0
80726 499 -16 -26 0
80726 -500 16 0
80726 -500 27 0
80726 500 -16 -27 0
80726 -501 16 0
80726 -501 28 0
80726 501 -16 -28 0
80726 -502 16 0
80726 -502 29 0
80726 502 -16 -29 0
80726 -503 16 0
80726 -503 30 0
80726 503 -16 -30 0
80726 -504 16 0
80726 -504 31 0
80726 504 -16 -31 0
80726 -505 16 0
80726 -505 32 0
80726 505 -16 -32 0
80726 -506 16 0
80726 -506 33 0
80726 506 -16 -33 0
80726 -507 16 0
80726 -507 34 0
80726 507 -16 -34 0
80726 -508 16 0
80726 -508 35 0
80726 508 -16 -35 0
80726 -509 16 0
80726 -509 36 0
80726 509 -16 -36 0
80726 -510 16 0
80726 -510 37 0
80726 510 -16 -37 0
80726 -511 16 0
80726 -511 38 0
80726 511 -16 -38 0
80726 -512 17 0
80726 -512 18 0
80726 512 -17 -18 0
80726 -513 17 0
80726 -513 19 0
80726 513 -17 -19 0
80726 -514 17 0
80726 -514 20 0
80726 514 -17 -20 0
80726 -515 17 0
80726 -515 21 0
80726 515 -17 -21 0
80726 -516 17 0
80726 -516 22 0
80726 516 -17 -22 0
80726 -517 17 0
80726 -517 23 0
80726 517 -17 -23 0
80726 -518 17 0
80726 -518 24 0
80726 518 -17 -24 0
80726 -519 17 0
80726 -519 25 0
80726 519 -17 -25 0
80726 -520 17 0
80726 -520 26 0
80726 520 -17 -26 0
80726 -521 17 0
80726 -521 27 0
80726 521 -17 -27 0
80726 -522 17 0
80726 -522 28 0
80726 522 -17 -28 0
80726 -523 17 0
80726 -523 29 0
80726 523 -17 -29 0
80726 -524 17 0
80726 -524 30 0
80726 524 -17 -30 0
80726 -525 17 0
80726 -525 31 0
80726 525 -17 -31 0
80726 -526 17 0
80726 -526 32 0
80726 526 -17 -32 0
80726 -527 17 0
80726 -527 33 0
80726 527 -17 -33 0
80726 -528 17 0
80726 -528 34 0
80726 528 -17 -34 0
80726 -529 17 0
80726 -529 35 0
80726 529 -17 -35 0
80726 -530 17 0
80726 -530 36 0
80726 530 -17 -36 0
80726 -531 17 0
80726 -531 37 0
80726 531 -17 -37 0
80726 -532 17 0
80726 -532 38 0
80726 532 -17 -38 0
80726 -533 18 0
80726 -533 19 0
80726 533 -18 -19 0
80726 -534 18 0
80726 -534 20 0
80726 534 -18 -20 0
80726 -535 18 0
80726 -535 21 0
80726 535 -18 -21 0
80726 -536 18 0
80726 -536 22 0
80726 536 -18 -22 0
80726 -537 18 0
80726 -537 23 0
80726 537 -18 -23 0
80726 -538 18 0
80726 -538 24 0
80726 538 -18 -24 0
80726 -539 18 0
80726 -539 25 0
80726 539 -18 -25 0
80726 -540 18 0
80726 -540 26 0
80726 540 -18 -26 0
80726 -541 18 0
80726 -541 27 0
80726 541 -18 -27 0
80726 -542 18 0
80726 -542 28 0
80726 542 -18 -28 0
80726 -543 18 0
80726 -543 29 0
80726 543 -18 -29 0
80726 -544 18 0
80726 -544 30 0
80726 544 -18 -30 0
80726 -545 18 0
80726 -545 31 0
80726 545 -18 -31 0
80726 -546 18 0
80726 -546 32 0
80726 546 -18 -32 0
80726 -547 18 0
80726 -547 33 0
80726 547 -18 -33 0
80726 -548 18 0
80726 -548 34 0
80726 548 -18 -34 0
80726 -549 18 0
80726 -549 35 0
80726 549 -18 -35 0
80726 -550 18 0
80726 -550 36 0
80726 550 -18 -36 0
80726 -551 18 0
80726 -551 37 0
80726 551 -18 -37 0
80726 -552 18 0
80726 -552 38 0
80726 552 -18 -38 0
80726 -553 19 0
80726 -553 20 0
80726 553 -19 -20 0
80726 -554 19 0
80726 -554 21 0
80726 554 -19 -21 0
80726 -555 19 0
80726 -555 22 0
80726 555 -19 -22 0
80726 -556 19 0
80726 -556 23 0
80726 556 -19 -23 0
80726 -557 19 0
80726 -557 24 0
80726 557 -19 -24 0
80726 -558 19 0
80726 -558 25 0
80726 558 -19 -25 0
80726 -559 19 0
80726 -559 26 0
80726 559 -19 -26 0
80726 -560 19 0
80726 -560 27 0
80726 560 -19 -27 0
80726 -561 19 0
80726 -561 28 0
80726 561 -19 -28 0
80726 -562 19 0
80726 -562 29 0
80726 562 -19 -29 0
80726 -563 19 0
80726 -563 30 0
80726 563 -19 -30 0
80726 -564 19 0
80726 -564 31 0
80726 564 -19 -31 0
80726 -565 19 0
80726 -565 32 0
80726 565 -19 -32 0
80726 -566 19 0
80726 -566 33 0
80726 566 -19 -33 0
80726 -567 19 0
80726 -567 34 0
80726 567 -19 -34 0
80726 -568 19 0
80726 -568 35 0
80726 568 -19 -35 0
80726 -569 19 0
80726 -569 36 0
80726 569 -19 -36 0
80726 -570 19 0
80726 -570 37 0
80726 570 -19 -37 0
80726 -571 19 0
80726 -571 38 0
80726 571 -19 -38 0
80726 -572 20 0
80726 -572 21 0
80726 572 -20 -21 0
80726 -573 20 0
80726 -573 22 0
80726 573 -20 -22 0
80726 -574 20 0
80726 -574 23 0
80726 574 -20 -23 0
80726 -575 20 0
80726 -575 24 0
80726 575 -20 -24 0
80726 -576 20 0
80726 -576 25 0
80726 576 -20 -25 0
80726 -577 20 0
80726 -577 26 0
80726 577 -20 -26 0
80726 -578 20 0
80726 -578 27 0
80726 578 -20 -27 0
80726 -579 20 0
80726 -579 28 0
80726 579 -20 -28 0
80726 -580 20 0
80726 -580 29 0
80726 580 -20 -29 0
80726 -581 20 0
80726 -581 30 0
80726 581 -20 -30 0
80726 -582 20 0
80726 -582 31 0
80726 582 -20 -31 0
80726 -583 20 0
80726 -583 32 0
80726 583 -20 -32 0
80726 -584 20 0
80726 -584 33 0
80726 584 -20 -33 0
80726 -585 20 0
80726 -585 34 0
80726 585 -20 -34 0
80726 -586 20 0
80726 -586 35 0
80726 586 -20 -35 0
80726 -587 20 0
80726 -587 36 0
80726 587 -20 -36 0
80726 -588 20 0
80726 -588 37 0
80726 588 -20 -37 0
80726 -589 20 0
80726 -589 38 0
80726 589 -20 -38 0
80726 -590 21 0
80726 -590 22 0
80726 590 -21 -22 0
80726 -591 21 0
80726 -591 23 0
80726 591 -21 -23 0
80726 -592 21 0
80726 -592 24 0
80726 592 -21 -24 0
80726 -593 21 0
80726 -593 25 0
80726 593 -21 -25 0
80726 -594 21 0
80726 -594 26 0
80726 594 -21 -26 0
80726 -595 21 0
80726 -595 27 0
80726 595 -21 -27 0
80726 -596 21 0
80726 -596 28 0
80726 596 -21 -28 0
80726 -597 21 0
80726 -597 29 0
80726 597 -21 -29 0
80726 -598 21 0
80726 -598 30 0
80726 598 -21 -30 0
80726 -599 21 0
80726 -599 31 0
80726 599 -21 -31 0
80726 -600 21 0
80726 -600 32 0
80726 600 -21 -32 0
80726 -601 21 0
80726 -601 33 0
80726 601 -21 -33 0
80726 -602 21 0
80726 -602 34 0
80726 602 -21 -34 0
80726 -603 21 0
80726 -603 35 0
80726 603 -21 -35 0
80726 -604 21 0
80726 -604 36 0
80726 604 -21 -36 0
80726 -605 21 0
80726 -605 37 0
80726 605 -21 -37 0
80726 -606 21 0
80726 -606 38 0
80726 606 -21 -38 0
80726 -607 22 0
80726 -607 23 0
80726 607 -22 -23 0
80726 -608 22 0
80726 -608 24 0
80726 608 -22 -24 0
80726 -609 22 0
80726 -609 25 0
80726 609 -22 -25 0
80726 -610 22 0
80726 -610 26 0
80726 610 -22 -26 0
80726 -611 22 0
80726 -611 27 0
80726 611 -22 -27 0
80726 -612 22 0
80726 -612 28 0
80726 612 -22 -28 0
80726 -613 22 0
80726 -613 29 0
80726 613 -22 -29 0
80726 -614 22 0
80726 -614 30 0
80726 614 -22 -30 0
80726 -615 22 0
80726 -615 31 0
80726 615 -22 -31 0
80726 -616 22 0
80726 -616 32 0
80726 616 -22 -32 0
80726 -617 22 0
80726 -617 33 0
80726 617 -22 -33 0
80726 -618 22 0
80726 -618 34 0
80726 618 -22 -34 0
80726 -619 22 0
80726 -619 35 0
80726 619 -22 -35 0
80726 -620 22 0
80726 -620 36 0
80726 620 -22 -36 0
80726 -621 22 0
80726 -621 37 0
80726 621 -22 -37 0
80726 -622 22 0
80726 -622 38 0
80726 622 -22 -38 0
80726 -623 23 0
80726 -623 24 0
80726 623 -23 -24 0
80726 -624 23 0
80726 -624 25 0
80726 624 -23 -25 0
80726 -625 23 0
80726 -625 26 0
80726 625 -23 -26 0
80726 -626 23 0
80726 -626 27 0
80726 626 -23 -27 0
80726 -627 23 0
80726 -627 28 0
80726 627 -23 -28 0
80726 -628 23 0
80726 -628 29 0
80726 628 -23 -29 0
80726 -629 23 0
80726 -629 30 0
80726 629 -23 -30 0
80726 -630 23 0
80726 -630 31 0
80726 630 -23 -31 0
80726 -631 23 0
80726 -631 32 0
80726 631 -23 -32 0
80726 -632 23 0
80726 -632 33 0
80726 632 -23 -33 0
80726 -633 23 0
80726 -633 34 0
80726 633 -23 -34 0
80726 -634 23 0
80726 -634 35 0
80726 634 -23 -35 0
80726 -635 23 0
80726 -635 36 0
80726 635 -23 -36 0
80726 -636 23 0
80726 -636 37 0
80726 636 -23 -37 0
80726 -637 23 0
80726 -637 38 0
80726 637 -23 -38 0
80726 -638 24 0
80726 -638 25 0
80726 638 -24 -25 0
80726 -639 24 0
80726 -639 26 0
80726 639 -24 -26 0
80726 -640 24 0
80726 -640 27 0
80726 640 -24 -27 0
80726 -641 24 0
80726 -641 28 0
80726 641 -24 -28 0
80726 -642 24 0
80726 -642 29 0
80726 642 -24 -29 0
80726 -643 24 0
80726 -643 30 0
80726 643 -24 -30 0
80726 -644 24 0
80726 -644 31 0
80726 644 -24 -31 0
80726 -645 24 0
80726 -645 32 0
80726 645 -24 -32 0
80726 -646 24 0
80726 -646 33 0
80726 646 -24 -33 0
80726 -647 24 0
80726 -647 34 0
80726 647 -24 -34 0
80726 -648 24 0
80726 -648 35 0
80726 648 -24 -35 0
80726 -649 24 0
80726 -649 36 0
80726 649 -24 -36 0
80726 -650 24 0
80726 -650 37 0
80726 650 -24 -37 0
80726 -651 24 0
80726 -651 38 0
80726 651 -24 -38 0
80726 -652 25 0
80726 -652 26 0
80726 652 -25 -26 0
80726 -653 25 0
80726 -653 27 0
80726 653 -25 -27 0
80726 -654 25 0
80726 -654 28 0
80726 654 -25 -28 0
80726 -655 25 0
80726 -655 29 0
80726 655 -25 -29 0
80726 -656 25 0
80726 -656 30 0
80726 656 -25 -30 0
80726 -657 25 0
80726 -657 31 0
80726 657 -25 -31 0
80726 -658 25 0
80726 -658 32 0
80726 658 -25 -32 0
80726 -659 25 0
80726 -659 33 0
80726 659 -25 -33 0
80726 -660 25 0
80726 -660 34 0
80726 660 -25 -34 0
80726 -661 25 0
80726 -661 35 0
80726 661 -25 -35 0
80726 -662 25 0
80726 -662 36 0
80726 662 -25 -36 0
80726 -663 25 0
80726 -663 37 0
80726 663 -25 -37 0
80726 -664 25 0
80726 -664 38 0
80726 664 -25 -38 0
80726 -665 26 0
80726 -665 27 0
80726 665 -26 -27 0
80726 -666 26 0
80726 -666 28 0
80726 666 -26 -28 0
80726 -667 26 0
80726 -667 29 0
80726 667 -26 -29 0
80726 -668 26 0
80726 -668 30 0
80726 668 -26 -30 0
80726 -669 26 0
80726 -669 31 0
80726 669 -26 -31 0
80726 -670 26 0
80726 -670 32 0
80726 670 -26 -32 0
80726 -671 26 0
80726 -671 33 0
80726 671 -26 -33 0
80726 -672 26 0
80726 -672 34 0
80726 672 -26 -34 0
80726 -673 26 0
80726 -673 35 0
80726 673 -26 -35 0
80726 -674 26 0
80726 -674 36 0
80726 674 -26 -36 0
80726 -675 26 0
80726 -675 37 0
80726 675 -26 -37 0
80726 -676 26 0
80726 -676 38 0
80726 676 -26 -38 0
80726 -677 27 0
80726 -677 28 0
80726 677 -27 -28 0
80726 -678 27 0
80726 -678 29 0
80726 678 -27 -29 0
80726 -679 27 0
80726 -679 30 0
80726 679 -27 -30 0
80726 -680 27 0
80726 -680 31 0
80726 680 -27 -31 0
80726 -681 27 0
80726 -681 32 0
80726 681 -27 -32 0
80726 -682 27 0
80726 -682 33 0
80726 682 -27 -33 0
80726 -683 27 0
80726 -683 34 0
80726 683 -27 -34 0
80726 -684 27 0
80726 -684 35 0
80726 684 -27 -35 0
80726 -685 27 0
80726 -685 36 0
80726 685 -27 -36 0
80726 -686 27 0
80726 -686 37 0
80726 686 -27 -37 0
80726 -687 27 0
80726 -687 38 0
80726 687 -27 -38 0
80726 -688 28 0
80726 -688 29 0
80726 688 -28 -29 0
80726 -689 28 0
80726 -689 30 0
80726 689 -28 -30 0
80726 -690 28 0
80726 -690 31 0
80726 690 -28 -31 0
80726 -691 28 0
80726 -691 32 0
80726 691 -28 -32 0
80726 -692 28 0
80726 -692 33 0
80726 692 -28 -33 0
80726 -693 28 0
80726 -693 34 0
80726 693 -28 -34 0
80726 -694 28 0
80726 -694 35 0
80726 694 -28 -35 0
80726 -695 28 0
80726 -695 36 0
80726 695 -28 -36 0
80726 -696 28 0
80726 -696 37 0
80726 696 -28 -37 0
80726 -697 28 0
80726 -697 38 0
80726 697 -28 -38 0
80726 -698 29 0
80726 -698 30 0
80726 698 -29 -30 0
80726 -699 29 0
80726 -699 31 0
80726 699 -29 -31 0
80726 -700 29 0
80726 -700 32 0
80726 700 -29 -32 0
80726 -701 29 0
80726 -701 33 0
80726 701 -29 -33 0
80726 -702 29 0
80726 -702 34 0
80726 702 -29 -34 0
80726 -703 29 0
80726 -703 35 0
80726 703 -29 -35 0
80726 -704 29 0
80726 -704 36 0
80726 704 -29 -36 0
80726 -705 29 0
80726 -705 37 0
80726 705 -29 -37 0
80726 -706 29 0
80726 -706 38 0
80726 706 -29 -38 0
80726 -707 30 0
80726 -707 31 0
80726 707 -30 -31 0
80726 -708 30 0
80726 -708 32 0
80726 708 -30 -32 0
80726 -709 30 0
80726 -709 33 0
80726 709 -30 -33 0
80726 -710 30 0
80726 -710 34 0
80726 710 -30 -34 0
80726 -711 30 0
80726 -711 35 0
80726 711 -30 -35 0
80726 -712 30 0
80726 -712 36 0
80726 712 -30 -36 0
80726 -713 30 0
80726 -713 37 0
80726 713 -30 -37 0
80726 -714 30 0
80726 -714 38 0
80726 714 -30 -38 0
80726 -715 31 0
80726 -715 32 0
80726 715 -31 -32 0
80726 -716 31 0
80726 -716 33 0
80726 716 -31 -33 0
80726 -717 31 0
80726 -717 34 0
80726 717 -31 -34 0
80726 -718 31 0
80726 -718 35 0
80726 718 -31 -35 0
80726 -719 31 0
80726 -719 36 0
80726 719 -31 -36 0
80726 -720 31 0
80726 -720 37 0
80726 720 -31 -37 0
80726 -721 31 0
80726 -721 38 0
80726 721 -31 -38 0
80726 -722 32 0
80726 -722 33 0
80726 722 -32 -33 0
80726 -723 32 0
80726 -723 34 0
80726 723 -32 -34 0
80726 -724 32 0
80726 -724 35 0
80726 724 -32 -35 0
80726 -725 32 0
80726 -725 36 0
80726 725 -32 -36 0
80726 -726 32 0
80726 -726 37 0
80726 726 -32 -37 0
80726 -727 32 0
80726 -727 38 0
80726 727 -32 -38 0
80726 -728 33 0
80726 -728 34 0
80726 728 -33 -34 0
80726 -729 33 0
80726 -729 35 0
80726 729 -33 -35 0
80726 -730 33 0
80726 -730 36 0
80726 730 -33 -36 0
80726 -731 33 0
80726 -731 37 0
80726 731 -33 -37 0
80726 -732 33 0
80726 -732 38 0
80726 732 -33 -38 0
80726 -733 34 0
80726 -733 35 0
80726 733 -34 -35 0
80726 -734 34 0
80726 -734 36 0
80726 734 -34 -36 0
80726 -735 34 0
80726 -735 37 0
80726 735 -34 -37 0
80726 -736 34 0
80726 -736 38 0
80726 736 -34 -38 0
80726 -737 35 0
80726 -737 36 0
80726 737 -35 -36 0
80726 -738 35 0
80726 -738 37 0
80726 738 -35 -37 0
80726 -739 35 0
80726 -739 38 0
80726 739 -35 -38 0
80726 -740 36 0
80726 -740 37 0
80726 740 -36 -37 0
80726 -741 36 0
80726 -741 38 0
80726 741 -36 -38 0
80726 -742 37 0
80726 -742 38 0
80726 742 -37 -38 0
34683 1 0
80716 -1 0
75018 40 0
80716 -40 0
85650 41 0
80716 -41 0
72428 42 0
80716 -42 0
89062 43 0
80716 -43 0
79716 44 0
80716 -44 0
85098 45 0
80716 -45 0
86840 46 0
80716 -46 0
64864 47 0
80716 -47 0
82916 48 0
80716 -48 0
103744 49 0
80716 -49 0
79722 50 0
80716 -50 0
76976 51 0
80716 -51 0
66550 52 0
80716 -52 0
75032 53 0
80716 -53 0
86042 54 0
80716 -54 0
64274 55 0
80716 -55 0
80784 56 0
80716 -56 0
89614 57 0
80716 -57 0
88368 58 0
80716 -58 0
73176 59 0
80716 -59 0
93868 60 0
80716 -60 0
73826 61 0
80716 -61 0
75698 62 0
80716 -62 0
83822 63 0
80716 -63 0
88054 64 0
80716 -64 0
73066 65 0
80716 -65 0
76150 66 0
80716 -66 0
82632 67 0
80716 -67 0
77914 68 0
80716 -68 0
90116 69 0
80716 -69 0
74638 70 0
80716 -70 0
83598 71 0
80716 -71 0
76040 72 0
80716 -72 0
78570 73 0
80716 -73 0
89930 74 0
80716 -74 0
80264 75 0
80716 -75 0
80956 76 0
80716 -76 0
50538 2 0
80716 -2 0
73472 77 0
80716 -77 0
62812 78 0
80716 -78 0
85048 79 0
80716 -79 0
88414 80 0
80716 -80 0
85960 81 0
80716 -81 0
76314 82 0
80716 -82 0
87578 83 0
80716 -83 0
77094 84 0
80716 -84 0
72974 85 0
80716 -85 0
97094 86 0
80716 -86 0
92862 87 0
80716 -87 0
81126 88 0
80716 -88 0
79120 89 0
80716 -89 0
85112 90 0
80716 -90 0
83576 91 0
80716 -91 0
84648 92 0
80716 -92 0
86188 93 0
80716 -93 0
83948 94 0
80716 -94 0
78874 95 0
80716 -95 0
85056 96 0
80716 -96 0
75080 97 0
80716 -97 0
83758 98 0
80716 -98 0
71888 99 0
80716 -99 0
93720 100 0
80716 -100 0
75214 101 0
80716 -101 0
73948 102 0
80716 -102 0
74338 103 0
80716 -103 0
86652 104 0
80716 -104 0
82796 105 0
80716 -105 0
86294 106 0
80716 -106 0
85414 107 0
80716 -107 0
76626 108 0
80716 -108 0
83580 109 0
80716 -109 0
86370 110 0
80716 -110 0
81736 111 0
80716 -111 0
80820 112 0
80716 -112 0
52857 3 0
80716 -3 0
73298 113 0
80716 -113 0
69694 114 0
80716 -114 0
91986 115 0
80716 -115 0
83120 116 0
80716 -116 0
87764 117 0
80716 -117 0
101934 118 0
80716 -118 0
76216 119 0
80716 -119 0
67480 120 0
80716 -120 0
73726 121 0
80716 -121 0
72854 122 0
80716 -122 0
89668 123 0
80716 -123 0
110138 124 0
80716 -124 0
70852 125 0
80716 -125 0
95598 126 0
80716 -126 0
80378 127 0
80716 -127 0
82446 128 0
80716 -128 0
70308 129 0
80716 -129 0
75484 130 0
80716 -130 0
74130 131 0
80716 -131 0
76610 132 0
80716 -132 0
80830 133 0
80716 -133 0
71768 134 0
80716 -134 0
78670 135 0
80716 -135 0
86446 136 0
80716 -136 0
76078 137 0
80716 -137 0
76692 138 0
80716 -138 0
74222 139 0
80716 -139 0
79854 140 0
80716 -140 0
80032 141 0
80716 -141 0
88644 142 0
80716 -142 0
82564 143 0
80716 -143 0
84640 144 0
80716 -144 0
80474 145 0
80716 -145 0
86944 146 0
80716 -146 0
80324 147 0
80716 -147 0
59450 4 0
80716 -4 0
68190 148 0
80716 -148 0
73282 149 0
80716 -149 0
84290 150 0
80716 -150 0
82786 151 0
80716 -151 0
87474 152 0
80716 -152 0
86140 153 0
80716 -153 0
93486 154 0
80716 -154 0
89640 155 0
80716 -155 0
68602 156 0
80716 -156 0
77636 157 0
80716 -157 0
81664 158 0
80716 -158 0
80430 159 0
80716 -159 0
72618 160 0
80716 -160 0
86164 161 0
80716 -161 0
83414 162 0
80716 -162 0
83750 163 0
80716 -163 0
70930 164 0
80716 -164 0
85902 165 0
80716 -165 0
71456 166 0
80716 -166 0
73258 167 0
80716 -167 0
77764 168 0
80716 -168 0
85654 169 0
80716 -169 0
73566 170 0
80716 -170 0
82652 171 0
80716 -171 0
81038 172 0
80716 -172 0
80870 173 0
80716 -173 0
80876 174 0
80716 -174 0
82800 175 0
80716 -175 0
82634 176 0
80716 -176 0
80054 177 0
80716 -177 0
77918 178 0
80716 -178 0
83180 179 0
80716 -179 0
82468 180 0
80716 -180 0
80612 181 0
80716 -181 0
54211 5 0
80716 -5 0
103416 182 0
80716 -182 0
70024 183 0
80716 -183 0
95354 184 0
80716 -184 0
94324 185 0
80716 -185 0
70884 186 0
80716 -186 0
69768 187 0
80716 -187 0
75574 188 0
80716 -188 0
69682 189 0
80716 -189 0
66870 190 0
80716 -190 0
93384 191 0
80716 -191 0
74772 192 0
80716 -192 0
82472 193 0
80716 -193 0
89720 194 0
80716 -194 0
87196 195 0
80716 -195 0
67710 196 0
80716 -196 0
80488 197 0
80716 -197 0
78996 198 0
80716 -198 0
71822 199 0
80716 -199 0
80102 200 0
80716 -200 0
84668 201 0
80716 -201 0
88676 202 0
80716 -202 0
77180 203 0
80716 -203 0
68238 204 0
80716 -204 0
82702 205 0
80716 -205 0
80456 206 0
80716 -206 0
78726 207 0
80716 -207 0
88228 208 0
80716 -208 0
78956 209 0
80716 -209 0
81308 210 0
80716 -210 0
78950 211 0
80716 -211 0
77826 212 0
80716 -212 0
80068 213 0
80716 -213 0
80652 214 0
80716 -214 0
39976 6 0
80716 -6 0
82486 215 0
80716 -215 0
73526 216 0
80716 -216 0
82356 217 0
80716 -217 0
100176 218 0
80716 -218 0
92316 219 0
80716 -219 0
94486 220 0
80716 -220 0
78326 221 0
80716 -221 0
79672 222 0
80716 -222 0
62290 223 0
80716 -223 0
67094 224 0
80716 -224 0
75350 225 0
80716 -225 0
68244 226 0
80716 -226 0
93068 227 0
80716 -227 0
89944 228 0
80716 -228 0
86764 229 0
80716 -229 0
91698 230 0
80716 -230 0
76970 231 0
80716 -231 0
78046 232 0
80716 -232 0
82260 233 0
80716 -233 0
86750 234 0
80716 -234 0
78946 235 0
80716 -235 0
80166 236 0
80716 -236 0
82830 237 0
80716 -237 0
84846 238 0
80716 -238 0
87580 239 0
80716 -239 0
85832 240 0
80716 -240 0
78490 241 0
80716 -241 0
80054 242 0
80716 -242 0
76926 243 0
80716 -243 0
81210 244 0
80716 -244 0
77144 245 0
80716 -245 0
80876 246 0
80716 -246 0
64197 7 0
80716 -7 0
102856 247 0
80716 -247 0
81408 248 0
80716 -248 0
90408 249 0
80716 -249 0
75654 250 0
80716 -250 0
75930 251 0
80716 -251 0
80556 252 0
80716 -252 0
81548 253 0
80716 -253 0
94306 254 0
80716 -254 0
98216 255 0
80716 -255 0
87170 256 0
80716 -256 0
91300 257 0
80716 -257 0
79128 258 0
80716 -258 0
71342 259 0
80716 -259 0
82182 260 0
80716 -260 0
73404 261 0
80716 -261 0
81176 262 0
80716 -262 0
78838 263 0
80716 -263 0
78960 264 0
80716 -264 0
91856 265 0
80716 -265 0
75540 266 0
80716 -266 0
73566 267 0
80716 -267 0
73360 268 0
80716 -268 0
82532 269 0
80716 -269 0
73450 270 0
80716 -270 0
81330 271 0
80716 -271 0
80716 272 0
80716 -272 0
82560 273 0
80716 -273 0
84888 274 0
80716 -274 0
77476 275 0
80716 -275 0
81088 276 0
80716 -276 0
80668 277 0
80716 -277 0
38871 8 0
80716 -8 0
84700 278 0
80716 -278 0
76138 279 0
80716 -279 0
78872 280 0
80716 -280 0
90598 281 0
80716 -281 0
77706 282 0
80716 -282 0
73964 283 0
80716 -283 0
65666 284 0
80716 -284 0
70924 285 0
80716 -285 0
80652 286 0
80716 -286 0
87746 287 0
80716 -287 0
77840 288 0
80716 -288 0
71378 289 0
80716 -289 0
86108 290 0
80716 -290 0
91060 291 0
80716 -291 0
84546 292 0
80716 -292 0
90400 293 0
80716 -293 0
76696 294 0
80716 -294 0
72076 295 0
80716 -295 0
83546 296 0
80716 -296 0
79230 297 0
80716 -297 0
80172 298 0
80716 -298 0
76302 299 0
80716 -299 0
88550 300 0
80716 -300 0
75834 301 0
80716 -301 0
81918 302 0
80716 -302 0
78056 303 0
80716 -303 0
80788 304 0
80716 -304 0
86408 305 0
80716 -305 0
78696 306 0
80716 -306 0
80988 307 0
80716 -307 0
55167 9 0
80716 -9 0
74054 308 0
80716 -308 0
85806 309 0
80716 -309 0
79016 310 0
80716 -310 0
81040 311 0
80716 -311 0
73080 312 0
80716 -312 0
65272 313 0
80716 -313 0
99062 314 0
80716 -314 0
72734 315 0
80716 -315 0
73914 316 0
80716 -316 0
81708 317 0
80716 -317 0
90576 318 0
80716 -318 0
71520 319 0
80716 -319 0
78462 320 0
80716 -320 0
73428 321 0
80716 -321 0
76532 322 0
80716 -322 0
80798 323 0
80716 -323 0
85532 324 0
80716 -324 0
83010 325 0
80716 -325 0
82836 326 0
80716 -326 0
81698 327 0
80716 -327 0
83252 328 0
80716 -328 0
85816 329 0
80716 -329 0
76414 330 0
80716 -330 0
81116 331 0
80716 -331 0
79796 332 0
80716 -332 0
77124 333 0
80716 -333 0
84504 334 0
80716 -334 0
77696 335 0
80716 -335 0
80924 336 0
80716 -336 0
48062 10 0
80716 -10 0
71972 337 0
80716 -337 0
76602 338 0
80716 -338 0
72500 339 0
80716 -339 0
64806 340 0
80716 -340 0
87686 341 0
80716 -341 0
87208 342 0
80716 -342 0
76940 343 0
80716 -343 0
79214 344 0
80716 -344 0
80468 345 0
80716 -345 0
66302 346 0
80716 -346 0
74876 347 0
80716 -347 0
79708 348 0
80716 -348 0
74130 349 0
80716 -349 0
90566 350 0
80716 -350 0
83646 351 0
80716 -351 0
77654 352 0
80716 -352 0
92584 353 0
80716 -353 0
76714 354 0
80716 -354 0
84296 355 0
80716 -355 0
82686 356 0
80716 -356 0
82866 357 0
80716 -357 0
84910 358 0
80716 -358 0
84016 359 0
80716 -359 0
80124 360 0
80716 -360 0
76892 361 0
80716 -361 0
82432 362 0
80716 -362 0
79272 363 0
80716 -363 0
80732 364 0
80716 -364 0
46587 11 0
80716 -11 0
88714 365 0
80716 -365 0
90468 366 0
80716 -366 0
79220 367 0
80716 -367 0
88620 368 0
80716 -368 0
70396 369 0
80716 -369 0
91916 370 0
80716 -370 0
77260 371 0
80716 -371 0
90356 372 0
80716 -372 0
73976 373 0
80716 -373 0
79852 374 0
80716 -374 0
77572 375 0
80716 -375 0
79882 376 0
80716 -376 0
97286 377 0
80716 -377 0
75164 378 0
80716 -378 0
81094 379 0
80716 -379 0
86168 380 0
80716 -380 0
70400 381 0
80716 -381 0
84382 382 0
80716 -382 0
80910 383 0
80716 -383 0
81914 384 0
80716 -384 0
83958 385 0
80716 -385 0
83310 386 0
80716 -386 0
78060 387 0
80716 -387 0
81082 388 0
80716 -388 0
82350 389 0
80716 -389 0
75128 390 0
80716 -390 0
81068 391 0
80716 -391 0
68236 12 0
80716 -12 0
85386 392 0
80716 -392 0
90808 393 0
80716 -393 0
101632 394 0
80716 -394 0
76366 395 0
80716 -395 0
89648 396 0
80716 -396 0
74030 397 0
80716 -397 0
64482 398 0
80716 -398 0
72002 399 0
80716 -399 0
86160 400 0
80716 -400 0
70162 401 0
80716 -401 0
86968 402 0
80716 -402 0
83956 403 0
80716 -403 0
74464 404 0
80716 -404 0
83132 405 0
80716 -405 0
81194 406 0
80716 -406 0
79278 407 0
80716 -407 0
84120 408 0
80716 -408 0
79408 409 0
80716 -409 0
82776 410 0
80716 -410 0
79120 411 0
80716 -411 0
81018 412 0
80716 -412 0
81092 413 0
80716 -413 0
84068 414 0
80716 -414 0
77792 415 0
80716 -415 0
83620 416 0
80716 -416 0
80540 417 0
80716 -417 0
58941 13 0
80716 -13 0
68302 418 0
80716 -418 0
85626 419 0
80716 -419 0
78596 420 0
80716 -420 0
77462 421 0
80716 -421 0
95604 422 0
80716 -422 0
81324 423 0
80716 -423 0
82518 424 0
80716 -424 0
78496 425 0
80716 -425 0
86554 426 0
80716 -426 0
75508 427 0
80716 -427 0
79588 428 0
80716 -428 0
89900 429 0
80716 -429 0
73660 430 0
80716 -430 0
76316 431 0
80716 -431 0
83380 432 0
80716 -432 0
79588 433 0
80716 -433 0
81912 434 0
80716 -434 0
80856 435 0
80716 -435 0
76200 436 0
80716 -436 0
81094 437 0
80716 -437 0
77424 438 0
80716 -438 0
76452 439 0
80716 -439 0
86870 440 0
80716 -440 0
79576 441 0
80716 -441 0
80900 442 0
80716 -442 0
53298 14 0
80716 -14 0
75632 443 0
80716 -443 0
78066 444 0
80716 -444 0
65790 445 0
80716 -445 0
86230 446 0
80716 -446 0
91022 447 0
80716 -447 0
73792 448 0
80716 -448 0
72440 449 0
80716 -449 0
88130 450 0
80716 -450 0
69730 451 0
80716 -451 0
76882 452 0
80716 -452 0
91404 453 0
80716 -453 0
79006 454 0
80716 -454 0
81884 455 0
80716 -455 0
71222 456 0
80716 -456 0
85130 457 0
80716 -457 0
76674 458 0
80716 -458 0
84074 459 0
80716 -459 0
80652 460 0
80716 -460 0
77728 461 0
80716 -461 0
78250 462 0
80716 -462 0
75516 463 0
80716 -463 0
85116 464 0
80716 -464 0
76944 465 0
80716 -465 0
81004 466 0
80716 -466 0
52912 15 0
80716 -15 0
84320 467 0
80716 -467 0
68020 468 0
80716 -468 0
69134 469 0
80716 -469 0
85734 470 0
80716 -470 0
90710 471 0
80716 -471 0
85796 472 0
80716 -472 0
89498 473 0
80716 -473 0
79178 474 0
80716 -474 0
80678 475 0
80716 -475 0
84258 476 0
80716 -476 0
88370 477 0
80716 -477 0
78290 478 0
80716 -478 0
80572 479 0
80716 -479 0
81588 480 0
80716 -480 0
85204 481 0
80716 -481 0
86884 482 0
80716 -482 0
81122 483 0
80716 -483 0
77550 484 0
80716 -484 0
79120 485 0
80716 -485 0
78052 486 0
80716 -486 0
83096 487 0
80716 -487 0
74536 488 0
80716 -488 0
81116 489 0
80716 -489 0
58941 16 0
80716 -16 0
82486 490 0
80716 -490 0
76778 491 0
80716 -491 0
80360 492 0
80716 -492 0
85052 493 0
80716 -493 0
89456 494 0
80716 -494 0
84918 495 0
80716 -495 0
88076 496 0
80716 -496 0
88442 497 0
80716 -497 0
82110 498 0
80716 -498 0
78310 499 0
80716 -499 0
75910 500 0
80716 -500 0
76818 501 0
80716 -501 0
86198 502 0
80716 -502 0
79194 503 0
80716 -503 0
86408 504 0
80716 -504 0
79572 505 0
80716 -505 0
78866 506 0
80716 -506 0
76448 507 0
80716 -507 0
82788 508 0
80716 -508 0
82644 509 0
80716 -509 0
78908 510 0
80716 -510 0
80972 511 0
80716 -511 0
54332 17 0
80716 -17 0
71784 512 0
80716 -512 0
74908 513 0
80716 -513 0
81602 514 0
80716 -514 0
63292 515 0
80716 -515 0
94344 516 0
80716 -516 0
83322 517 0
80716 -517 0
80920 518 0
80716 -518 0
88814 519 0
80716 -519 0
77692 520 0
80716 -520 0
74158 521 0
80716 -521 0
91156 522 0
80716 -522 0
90906 523 0
80716 -523 0
76858 524 0
80716 -524 0
81926 525 0
80716 -525 0
75730 526 0
80716 -526 0
78126 527 0
80716 -527 0
80070 528 0
80716 -528 0
76176 529 0
80716 -529 0
82656 530 0
80716 -530 0
77044 531 0
80716 -531 0
80940 532 0
80716 -532 0
56815 18 0
80716 -18 0
84144 533 0
80716 -533 0
88406 534 0
80716 -534 0
77542 535 0
80716 -535 0
80932 536 0
80716 -536 0
83918 537 0
80716 -537 0
84708 538 0
80716 -538 0
71500 539 0
80716 -539 0
89862 540 0
80716 -540 0
83444 541 0
80716 -541 0
83688 542 0
80716 -542 0
88636 543 0
80716 -543 0
83232 544 0
80716 -544 0
87910 545 0
80716 -545 0
86408 546 0
80716 -546 0
83456 547 0
80716 -547 0
80646 548 0
80716 -548 0
78958 549 0
80716 -549 0
80242 550 0
80716 -550 0
80288 551 0
80716 -551 0
80652 552 0
80716 -552 0
77683 19 0
80716 -19 0
76098 553 0
80716 -553 0
79066 554 0
80716 -554 0
75546 555 0
80716 -555 0
92594 556 0
80716 -556 0
85458 557 0
80716 -557 0
78964 558 0
80716 -558 0
75966 559 0
80716 -559 0
76172 560 0
80716 -560 0
91218 561 0
80716 -561 0
83642 562 0
80716 -562 0
79056 563 0
80716 -563 0
77438 564 0
80716 -564 0
73710 565 0
80716 -565 0
78746 566 0
80716 -566 0
80578 567 0
80716 -567 0
83752 568 0
80716 -568 0
79664 569 0
80716 -569 0
80836 570 0
80716 -570 0
80780 571 0
80716 -571 0
65551 20 0
80716 -20 0
74528 572 0
80716 -572 0
73858 573 0
80716 -573 0
75302 574 0
80716 -574 0
86510 575 0
80716 -575 0
76268 576 0
80716 -576 0
81492 577 0
80716 -577 0
86272 578 0
80716 -578 0
70548 579 0
80716 -579 0
80892 580 0
80716 -580 0
76770 581 0
80716 -581 0
77072 582 0
80716 -582 0
83482 583 0
80716 -583 0
80312 584 0
80716 -584 0
82886 585 0
80716 -585 0
81860 586 0
80716 -586 0
77394 587 0
80716 -587 0
79048 588 0
80716 -588 0
80724 589 0
80716 -589 0
69138 21 0
80716 -21 0
80392 590 0
80716 -590 0
71940 591 0
80716 -591 0
76994 592 0
80716 -592 0
75142 593 0
80716 -593 0
79868 594 0
80716 -594 0
73852 595 0
80716 -595 0
77942 596 0
80716 -596 0
89700 597 0
80716 -597 0
72706 598 0
80716 -598 0
80134 599 0
80716 -599 0
73210 600 0
80716 -600 0
78266 601 0
80716 -601 0
77736 602 0
80716 -602 0
78994 603 0
80716 -603 0
84698 604 0
80716 -604 0
77408 605 0
80716 -605 0
81052 606 0
80716 -606 0
88376 22 0
80716 -22 0
81326 607 0
80716 -607 0
76984 608 0
80716 -608 0
76454 609 0
80716 -609 0
81184 610 0
80716 -610 0
83672 611 0
80716 -611 0
80006 612 0
80716 -612 0
78850 613 0
80716 -613 0
82104 614 0
80716 -614 0
71726 615 0
80716 -615 0
82998 616 0
80716 -616 0
78200 617 0
80716 -617 0
83336 618 0
80716 -618 0
82692 619 0
80716 -619 0
75268 620 0
80716 -620 0
81824 621 0
80716 -621 0
80556 622 0
80716 -622 0
64271 23 0
80716 -23 0
73864 623 0
80716 -623 0
73496 624 0
80716 -624 0
90652 625 0
80716 -625 0
84816 626 0
80716 -626 0
66572 627 0
80716 -627 0
80002 628 0
80716 -628 0
78476 629 0
80716 -629 0
86278 630 0
80716 -630 0
83106 631 0
80716 -631 0
85212 632 0
80716 -632 0
79402 633 0
80716 -633 0
78364 634 0
80716 -634 0
84992 635 0
80716 -635 0
79012 636 0
80716 -636 0
80828 637 0
80716 -637 0
74456 24 0
80716 -24 0
84856 638 0
80716 -638 0
79640 639 0
80716 -639 0
81360 640 0
80716 -640 0
80700 641 0
80716 -641 0
77596 642 0
80716 -642 0
75802 643 0
80716 -643 0
75564 644 0
80716 -644 0
78316 645 0
80716 -645 0
79376 646 0
80716 -646 0
84868 647 0
80716 -647 0
80682 648 0
80716 -648 0
76646 649 0
80716 -649 0
84852 650 0
80716 -650 0
80364 651 0
80716 -651 0
77091 25 0
80716 -25 0
93044 652 0
80716 -652 0
76296 653 0
80716 -653 0
72738 654 0
80716 -654 0
79748 655 0
80716 -655 0
79438 656 0
80716 -656 0
86064 657 0
80716 -657 0
82526 658 0
80716 -658 0
86940 659 0
80716 -659 0
77634 660 0
80716 -660 0
83910 661 0
80716 -661 0
85388 662 0
80716 -662 0
81376 663 0
80716 -663 0
80804 664 0
80716 -664 0
59525 26 0
80716 -26 0
88706 665 0
80716 -665 0
96136 666 0
80716 -666 0
81480 667 0
80716 -667 0
76478 668 0
80716 -668 0
73606 669 0
80716 -669 0
75744 670 0
80716 -670 0
78190 671 0
80716 -671 0
83946 672 0
80716 -672 0
78774 673 0
80716 -673 0
77878 674 0
80716 -674 0
83368 675 0
80716 -675 0
80476 676 0
80716 -676 0
88925 27 0
80716 -27 0
77440 677 0
80716 -677 0
82646 678 0
80716 -678 0
82706 679 0
80716 -679 0
80154 680 0
80716 -680 0
78798 681 0
80716 -681 0
74706 682 0
80716 -682 0
74850 683 0
80716 -683 0
82210 684 0
80716 -684 0
84498 685 0
80716 -685 0
78188 686 0
80716 -686 0
81116 687 0
80716 -687 0
71503 28 0
80716 -28 0
78252 688 0
80716 -688 0
78114 689 0
80716 -689 0
86954 690 0
80716 -690 0
81752 691 0
80716 -691 0
80814 692 0
80716 -692 0
76958 693 0
80716 -693 0
84494 694 0
80716 -694 0
83546 695 0
80716 -695 0
77416 696 0
80716 -696 0
81068 697 0
80716 -697 0
74819 29 0
80716 -29 0
82270 698 0
80716 -698 0
77312 699 0
80716 -699 0
81478 700 0
80716 -700 0
82788 701 0
80716 -701 0
83168 702 0
80716 -702 0
84944 703 0
80716 -703 0
78612 704 0
80716 -704 0
83824 705 0
80716 -705 0
80508 706 0
80716 -706 0
72212 30 0
80716 -30 0
82130 707 0
80716 -707 0
72616 708 0
80716 -708 0
82656 709 0
80716 -709 0
82080 710 0
80716 -710 0
82714 711 0
80716 -711 0
81084 712 0
80716 -712 0
82184 713 0
80716 -713 0
80660 714 0
80716 -714 0
83674 31 0
80716 -31 0
82150 715 0
80716 -715 0
76454 716 0
80716 -716 0
84776 717 0
80716 -717 0
81744 718 0
80716 -718 0
73470 719 0
80716 -719 0
82484 720 0
80716 -720 0
80468 721 0
80716 -721 0
73993 32 0
80716 -32 0
81840 722 0
80716 -722 0
79942 723 0
80716 -723 0
83704 724 0
80716 -724 0
83240 725 0
80716 -725 0
80356 726 0
80716 -726 0
80876 727 0
80716 -727 0
84968 33 0
80716 -33 0
79992 728 0
80716 -728 0
80006 729 0
80716 -729 0
78250 730 0
80716 -730 0
78420 731 0
80716 -731 0
80876 732 0
80716 -732 0
81504 34 0
80716 -34 0
80302 733 0
80716 -733 0
85874 734 0
80716 -734 0
78192 735 0
80716 -735 0
81036 736 0
80716 -736 0
74649 35 0
80716 -35 0
81912 737 0
80716 -737 0
79708 738 0
80716 -738 0
80724 739 0
80716 -739 0
78396 36 0
80716 -36 0
82712 740 0
80716 -740 0
80396 741 0
80716 -741 0
79760 37 0
80716 -37 0
81052 742 0
80716 -742 0
80468 38 0
80716 -38 0
