c
c Generated WCNF file
c
p wcnf 704 3405 78926
78926 38 0
78926 -39 1 0
78926 -39 2 0
78926 39 -1 -2 0
78926 -40 1 0
78926 -40 3 0
78926 40 -1 -3 0
78926 -41 1 0
78926 -41 4 0
78926 41 -1 -4 0
78926 -42 1 0
78926 -42 5 0
78926 42 -1 -5 0
78926 -43 1 0
78926 -43 6 0
78926 43 -1 -6 0
78926 -44 1 0
78926 -44 7 0
78926 44 -1 -7 0
78926 -45 1 0
78926 -45 8 0
78926 45 -1 -8 0
78926 -46 1 0
78926 -46 9 0
78926 46 -1 -9 0
78926 -47 1 0
78926 -47 10 0
78926 47 -1 -10 0
78926 -48 1 0
78926 -48 11 0
78926 48 -1 -11 0
78926 -49 1 0
78926 -49 12 0
78926 49 -1 -12 0
78926 -50 1 0
78926 -50 13 0
78926 50 -1 -13 0
78926 -51 1 0
78926 -51 14 0
78926 51 -1 -14 0
78926 -52 1 0
78926 -52 15 0
78926 52 -1 -15 0
78926 -53 1 0
78926 -53 16 0
78926 53 -1 -16 0
78926 -54 1 0
78926 -54 17 0
78926 54 -1 -17 0
78926 -55 1 0
78926 -55 18 0
78926 55 -1 -18 0
78926 -56 1 0
78926 -56 19 0
78926 56 -1 -19 0
78926 -57 1 0
78926 -57 20 0
78926 57 -1 -20 0
78926 -58 1 0
78926 -58 21 0
78926 58 -1 -21 0
78926 -59 1 0
78926 -59 22 0
78926 59 -1 -22 0
78926 -60 1 0
78926 -60 23 0
78926 60 -1 -23 0
78926 -61 1 0
78926 -61 24 0
78926 61 -1 -24 0
78926 -62 1 0
78926 -62 25 0
78926 62 -1 -25 0
78926 -63 1 0
78926 -63 26 0
78926 63 -1 -26 0
78926 -64 1 0
78926 -64 27 0
78926 64 -1 -27 0
78926 -65 1 0
78926 -65 28 0
78926 65 -1 -28 0
78926 -66 1 0
78926 -66 29 0
78926 66 -1 -29 0
78926 -67 1 0
78926 -67 30 0
78926 67 -1 -30 0
78926 -68 1 0
78926 -68 31 0
78926 68 -1 -31 0
78926 -69 1 0
78926 -69 32 0
78926 69 -1 -32 0
78926 -70 1 0
78926 -70 33 0
78926 70 -1 -33 0
78926 -71 1 0
78926 -71 34 0
78926 71 -1 -34 0
78926 -72 1 0
78926 -72 35 0
78926 72 -1 -35 0
78926 -73 1 0
78926 -73 36 0
78926 73 -1 -36 0
78926 -74 1 0
78926 -74 37 0
78926 74 -1 -37 0
78926 -75 2 0
78926 -75 3 0
78926 75 -2 -3 0
78926 -76 2 0
78926 -76 4 0
78926 76 -2 -4 0
78926 -77 2 0
78926 -77 5 0
78926 77 -2 -5 0
78926 -78 2 0
78926 -78 6 0
78926 78 -2 -6 0
78926 -79 2 0
78926 -79 7 0
78926 79 -2 -7 0
78926 -80 2 0
78926 -80 8 0
78926 80 -2 -8 0
78926 -81 2 0
78926 -81 9 0
78926 81 -2 -9 0
78926 -82 2 0
78926 -82 10 0
78926 82 -2 -10 0
78926 -83 2 0
78926 -83 11 0
78926 83 -2 -11 0
78926 -84 2 0
78926 -84 12 0
78926 84 -2 -12 0
78926 -85 2 0
78926 -85 13 0
78926 85 -2 -13 0
78926 -86 2 0
78926 -86 14 0
78926 86 -2 -14 0
78926 -87 2 0
78926 -87 15 0
78926 87 -2 -15 0
78926 -88 2 0
78926 -88 16 0
78926 88 -2 -16 0
78926 -89 2 0
78926 -89 17 0
78926 89 -2 -17 0
78926 -90 2 0
78926 -90 18 0
78926 90 -2 -18 0
78926 -91 2 0
78926 -91 19 0
78926 91 -2 -19 0
78926 -92 2 0
78926 -92 20 0
78926 92 -2 -20 0
78926 -93 2 0
78926 -93 21 0
78926 93 -2 -21 0
78926 -94 2 0
78926 -94 22 0
78926 94 -2 -22 0
78926 -95 2 0
78926 -95 23 0
78926 95 -2 -23 0
78926 -96 2 0
78926 -96 24 0
78926 96 -2 -24 0
78926 -97 2 0
78926 -97 25 0
78926 97 -2 -25 0
78926 -98 2 0
78926 -98 26 0
78926 98 -2 -26 0
78926 -99 2 0
78926 -99 27 0
78926 99 -2 -27 0
78926 -100 2 0
78926 -100 28 0
78926 100 -2 -28 0
78926 -101 2 0
78926 -101 29 0
78926 101 -2 -29 0
78926 -102 2 0
78926 -102 30 0
78926 102 -2 -30 0
78926 -103 2 0
78926 -103 31 0
78926 103 -2 -31 0
78926 -104 2 0
78926 -104 32 0
78926 104 -2 -32 0
78926 -105 2 0
78926 -105 33 0
78926 105 -2 -33 0
78926 -106 2 0
78926 -106 34 0
78926 106 -2 -34 0
78926 -107 2 0
78926 -107 35 0
78926 107 -2 -35 0
78926 -108 2 0
78926 -108 36 0
78926 108 -2 -36 0
78926 -109 2 0
78926 -109 37 0
78926 109 -2 -37 0
78926 -110 3 0
78926 -110 4 0
78926 110 -3 -4 0
78926 -111 3 0
78926 -111 5 0
78926 111 -3 -5 0
78926 -112 3 0
78926 -112 6 0
78926 112 -3 -6 0
78926 -113 3 0
78926 -113 7 0
78926 113 -3 -7 0
78926 -114 3 0
78926 -114 8 0
78926 114 -3 -8 0
78926 -115 3 0
78926 -115 9 0
78926 115 -3 -9 0
78926 -116 3 0
78926 -116 10 0
78926 116 -3 -10 0
78926 -117 3 0
78926 -117 11 0
78926 117 -3 -11 0
78926 -118 3 0
78926 -118 12 0
78926 118 -3 -12 0
78926 -119 3 0
78926 -119 13 0
78926 119 -3 -13 0
78926 -120 3 0
78926 -120 14 0
78926 120 -3 -14 0
78926 -121 3 0
78926 -121 15 0
78926 121 -3 -15 0
78926 -122 3 0
78926 -122 16 0
78926 122 -3 -16 0
78926 -123 3 0
78926 -123 17 0
78926 123 -3 -17 0
78926 -124 3 0
78926 -124 18 0
78926 124 -3 -18 0
78926 -125 3 0
78926 -125 19 0
78926 125 -3 -19 0
78926 -126 3 0
78926 -126 20 0
78926 126 -3 -20 0
78926 -127 3 0
78926 -127 21 0
78926 127 -3 -21 0
78926 -128 3 0
78926 -128 22 0
78926 128 -3 -22 0
78926 -129 3 0
78926 -129 23 0
78926 129 -3 -23 0
78926 -130 3 0
78926 -130 24 0
78926 130 -3 -24 0
78926 -131 3 0
78926 -131 25 0
78926 131 -3 -25 0
78926 -132 3 0
78926 -132 26 0
78926 132 -3 -26 0
78926 -133 3 0
78926 -133 27 0
78926 133 -3 -27 0
78926 -134 3 0
78926 -134 28 0
78926 134 -3 -28 0
78926 -135 3 0
78926 -135 29 0
78926 135 -3 -29 0
78926 -136 3 0
78926 -136 30 0
78926 136 -3 -30 0
78926 -137 3 0
78926 -137 31 0
78926 137 -3 -31 0
78926 -138 3 0
78926 -138 32 0
78926 138 -3 -32 0
78926 -139 3 0
78926 -139 33 0
78926 139 -3 -33 0
78926 -140 3 0
78926 -140 34 0
78926 140 -3 -34 0
78926 -141 3 0
78926 -141 35 0
78926 141 -3 -35 0
78926 -142 3 0
78926 -142 36 0
78926 142 -3 -36 0
78926 -143 3 0
78926 -143 37 0
78926 143 -3 -37 0
78926 -144 4 0
78926 -144 5 0
78926 144 -4 -5 0
78926 -145 4 0
78926 -145 6 0
78926 145 -4 -6 0
78926 -146 4 0
78926 -146 7 0
78926 146 -4 -7 0
78926 -147 4 0
78926 -147 8 0
78926 147 -4 -8 0
78926 -148 4 0
78926 -148 9 0
78926 148 -4 -9 0
78926 -149 4 0
78926 -149 10 0
78926 149 -4 -10 0
78926 -150 4 0
78926 -150 11 0
78926 150 -4 -11 0
78926 -151 4 0
78926 -151 12 0
78926 151 -4 -12 0
78926 -152 4 0
78926 -152 13 0
78926 152 -4 -13 0
78926 -153 4 0
78926 -153 14 0
78926 153 -4 -14 0
78926 -154 4 0
78926 -154 15 0
78926 154 -4 -15 0
78926 -155 4 0
78926 -155 16 0
78926 155 -4 -16 0
78926 -156 4 0
78926 -156 17 0
78926 156 -4 -17 0
78926 -157 4 0
78926 -157 18 0
78926 157 -4 -18 0
78926 -158 4 0
78926 -158 19 0
78926 158 -4 -19 0
78926 -159 4 0
78926 -159 20 0
78926 159 -4 -20 0
78926 -160 4 0
78926 -160 21 0
78926 160 -4 -21 0
78926 -161 4 0
78926 -161 22 0
78926 161 -4 -22 0
78926 -162 4 0
78926 -162 23 0
78926 162 -4 -23 0
78926 -163 4 0
78926 -163 24 0
78926 163 -4 -24 0
78926 -164 4 0
78926 -164 25 0
78926 164 -4 -25 0
78926 -165 4 0
78926 -165 26 0
78926 165 -4 -26 0
78926 -166 4 0
78926 -166 27 0
78926 166 -4 -27 0
78926 -167 4 0
78926 -167 28 0
78926 167 -4 -28 0
78926 -168 4 0
78926 -168 29 0
78926 168 -4 -29 0
78926 -169 4 0
78926 -169 30 0
78926 169 -4 -30 0
78926 -170 4 0
78926 -170 31 0
78926 170 -4 -31 0
78926 -171 4 0
78926 -171 32 0
78926 171 -4 -32 0
78926 -172 4 0
78926 -172 33 0
78926 172 -4 -33 0
78926 -173 4 0
78926 -173 34 0
78926 173 -4 -34 0
78926 -174 4 0
78926 -174 35 0
78926 174 -4 -35 0
78926 -175 4 0
78926 -175 36 0
78926 175 -4 -36 0
78926 -176 4 0
78926 -176 37 0
78926 176 -4 -37 0
78926 -177 5 0
78926 -177 6 0
78926 177 -5 -6 0
78926 -178 5 0
78926 -178 7 0
78926 178 -5 -7 0
78926 -179 5 0
78926 -179 8 0
78926 179 -5 -8 0
78926 -180 5 0
78926 -180 9 0
78926 180 -5 -9 0
78926 -181 5 0
78926 -181 10 0
78926 181 -5 -10 0
78926 -182 5 0
78926 -182 11 0
78926 182 -5 -11 0
78926 -183 5 0
78926 -183 12 0
78926 183 -5 -12 0
78926 -184 5 0
78926 -184 13 0
78926 184 -5 -13 0
78926 -185 5 0
78926 -185 14 0
78926 185 -5 -14 0
78926 -186 5 0
78926 -186 15 0
78926 186 -5 -15 0
78926 -187 5 0
78926 -187 16 0
78926 187 -5 -16 0
78926 -188 5 0
78926 -188 17 0
78926 188 -5 -17 0
78926 -189 5 0
78926 -189 18 0
78926 189 -5 -18 0
78926 -190 5 0
78926 -190 19 0
78926 190 -5 -19 0
78926 -191 5 0
78926 -191 20 0
78926 191 -5 -20 0
78926 -192 5 0
78926 -192 21 0
78926 192 -5 -21 0
78926 -193 5 0
78926 -193 22 0
78926 193 -5 -22 0
78926 -194 5 0
78926 -194 23 0
78926 194 -5 -23 0
78926 -195 5 0
78926 -195 24 0
78926 195 -5 -24 0
78926 -196 5 0
78926 -196 25 0
78926 196 -5 -25 0
78926 -197 5 0
78926 -197 26 0
78926 197 -5 -26 0
78926 -198 5 0
78926 -198 27 0
78926 198 -5 -27 0
78926 -199 5 0
78926 -199 28 0
78926 199 -5 -28 0
78926 -200 5 0
78926 -200 29 0
78926 200 -5 -29 0
78926 -201 5 0
78926 -201 30 0
78926 201 -5 -30 0
78926 -202 5 0
78926 -202 31 0
78926 202 -5 -31 0
78926 -203 5 0
78926 -203 32 0
78926 203 -5 -32 0
78926 -204 5 0
78926 -204 33 0
78926 204 -5 -33 0
78926 -205 5 0
78926 -205 34 0
78926 205 -5 -34 0
78926 -206 5 0
78926 -206 35 0
78926 206 -5 -35 0
78926 -207 5 0
78926 -207 36 0
78926 207 -5 -36 0
78926 -208 5 0
78926 -208 37 0
78926 208 -5 -37 0
78926 -209 6 0
78926 -209 7 0
78926 209 -6 -7 0
78926 -210 6 0
78926 -210 8 0
78926 210 -6 -8 0
78926 -211 6 0
78926 -211 9 0
78926 211 -6 -9 0
78926 -212 6 0
78926 -212 10 0
78926 212 -6 -10 0
78926 -213 6 0
78926 -213 11 0
78926 213 -6 -11 0
78926 -214 6 0
78926 -214 12 0
78926 214 -6 -12 0
78926 -215 6 0
78926 -215 13 0
78926 215 -6 -13 0
78926 -216 6 0
78926 -216 14 0
78926 216 -6 -14 0
78926 -217 6 0
78926 -217 15 0
78926 217 -6 -15 0
78926 -218 6 0
78926 -218 16 0
78926 218 -6 -16 0
78926 -219 6 0
78926 -219 17 0
78926 219 -6 -17 0
78926 -220 6 0
78926 -220 18 0
78926 220 -6 -18 0
78926 -221 6 0
78926 -221 19 0
78926 221 -6 -19 0
78926 -222 6 0
78926 -222 20 0
78926 222 -6 -20 0
78926 -223 6 0
78926 -223 21 0
78926 223 -6 -21 0
78926 -224 6 0
78926 -224 22 0
78926 224 -6 -22 0
78926 -225 6 0
78926 -225 23 0
78926 225 -6 -23 0
78926 -226 6 0
78926 -226 24 0
78926 226 -6 -24 0
78926 -227 6 0
78926 -227 25 0
78926 227 -6 -25 0
78926 -228 6 0
78926 -228 26 0
78926 228 -6 -26 0
78926 -229 6 0
78926 -229 27 0
78926 229 -6 -27 0
78926 -230 6 0
78926 -230 28 0
78926 230 -6 -28 0
78926 -231 6 0
78926 -231 29 0
78926 231 -6 -29 0
78926 -232 6 0
78926 -232 30 0
78926 232 -6 -30 0
78926 -233 6 0
78926 -233 31 0
78926 233 -6 -31 0
78926 -234 6 0
78926 -234 32 0
78926 234 -6 -32 0
78926 -235 6 0
78926 -235 33 0
78926 235 -6 -33 0
78926 -236 6 0
78926 -236 34 0
78926 236 -6 -34 0
78926 -237 6 0
78926 -237 35 0
78926 237 -6 -35 0
78926 -238 6 0
78926 -238 36 0
78926 238 -6 -36 0
78926 -239 6 0
78926 -239 37 0
78926 239 -6 -37 0
78926 -240 7 0
78926 -240 8 0
78926 240 -7 -8 0
78926 -241 7 0
78926 -241 9 0
78926 241 -7 -9 0
78926 -242 7 0
78926 -242 10 0
78926 242 -7 -10 0
78926 -243 7 0
78926 -243 11 0
78926 243 -7 -11 0
78926 -244 7 0
78926 -244 12 0
78926 244 -7 -12 0
78926 -245 7 0
78926 -245 13 0
78926 245 -7 -13 0
78926 -246 7 0
78926 -246 14 0
78926 246 -7 -14 0
78926 -247 7 0
78926 -247 15 0
78926 247 -7 -15 0
78926 -248 7 0
78926 -248 16 0
78926 248 -7 -16 0
78926 -249 7 0
78926 -249 17 0
78926 249 -7 -17 0
78926 -250 7 0
78926 -250 18 0
78926 250 -7 -18 0
78926 -251 7 0
78926 -251 19 0
78926 251 -7 -19 0
78926 -252 7 0
78926 -252 20 0
78926 252 -7 -20 0
78926 -253 7 0
78926 -253 21 0
78926 253 -7 -21 0
78926 -254 7 0
78926 -254 22 0
78926 254 -7 -22 0
78926 -255 7 0
78926 -255 23 0
78926 255 -7 -23 0
78926 -256 7 0
78926 -256 24 0
78926 256 -7 -24 0
78926 -257 7 0
78926 -257 25 0
78926 257 -7 -25 0
78926 -258 7 0
78926 -258 26 0
78926 258 -7 -26 0
78926 -259 7 0
78926 -259 27 0
78926 259 -7 -27 0
78926 -260 7 0
78926 -260 28 0
78926 260 -7 -28 0
78926 -261 7 0
78926 -261 29 0
78926 261 -7 -29 0
78926 -262 7 0
78926 -262 30 0
78926 262 -7 -30 0
78926 -263 7 0
78926 -263 31 0
78926 263 -7 -31 0
78926 -264 7 0
78926 -264 32 0
78926 264 -7 -32 0
78926 -265 7 0
78926 -265 33 0
78926 265 -7 -33 0
78926 -266 7 0
78926 -266 34 0
78926 266 -7 -34 0
78926 -267 7 0
78926 -267 35 0
78926 267 -7 -35 0
78926 -268 7 0
78926 -268 36 0
78926 268 -7 -36 0
78926 -269 7 0
78926 -269 37 0
78926 269 -7 -37 0
78926 -270 8 0
78926 -270 9 0
78926 270 -8 -9 0
78926 -271 8 0
78926 -271 10 0
78926 271 -8 -10 0
78926 -272 8 0
78926 -272 11 0
78926 272 -8 -11 0
78926 -273 8 0
78926 -273 12 0
78926 273 -8 -12 0
78926 -274 8 0
78926 -274 13 0
78926 274 -8 -13 0
78926 -275 8 0
78926 -275 14 0
78926 275 -8 -14 0
78926 -276 8 0
78926 -276 15 0
78926 276 -8 -15 0
78926 -277 8 0
78926 -277 16 0
78926 277 -8 -16 0
78926 -278 8 0
78926 -278 17 0
78926 278 -8 -17 0
78926 -279 8 0
78926 -279 18 0
78926 279 -8 -18 0
78926 -280 8 0
78926 -280 19 0
78926 280 -8 -19 0
78926 -281 8 0
78926 -281 20 0
78926 281 -8 -20 0
78926 -282 8 0
78926 -282 21 0
78926 282 -8 -21 0
78926 -283 8 0
78926 -283 22 0
78926 283 -8 -22 0
78926 -284 8 0
78926 -284 23 0
78926 284 -8 -23 0
78926 -285 8 0
78926 -285 24 0
78926 285 -8 -24 0
78926 -286 8 0
78926 -286 25 0
78926 286 -8 -25 0
78926 -287 8 0
78926 -287 26 0
78926 287 -8 -26 0
78926 -288 8 0
78926 -288 27 0
78926 288 -8 -27 0
78926 -289 8 0
78926 -289 28 0
78926 289 -8 -28 0
78926 -290 8 0
78926 -290 29 0
78926 290 -8 -29 0
78926 -291 8 0
78926 -291 30 0
78926 291 -8 -30 0
78926 -292 8 0
78926 -292 31 0
78926 292 -8 -31 0
78926 -293 8 0
78926 -293 32 0
78926 293 -8 -32 0
78926 -294 8 0
78926 -294 33 0
78926 294 -8 -33 0
78926 -295 8 0
78926 -295 34 0
78926 295 -8 -34 0
78926 -296 8 0
78926 -296 35 0
78926 296 -8 -35 0
78926 -297 8 0
78926 -297 36 0
78926 297 -8 -36 0
78926 -298 8 0
78926 -298 37 0
78926 298 -8 -37 0
78926 -299 9 0
78926 -299 10 0
78926 299 -9 -10 0
78926 -300 9 0
78926 -300 11 0
78926 300 -9 -11 0
78926 -301 9 0
78926 -301 12 0
78926 301 -9 -12 0
78926 -302 9 0
78926 -302 13 0
78926 302 -9 -13 0
78926 -303 9 0
78926 -303 14 0
78926 303 -9 -14 0
78926 -304 9 0
78926 -304 15 0
78926 304 -9 -15 0
78926 -305 9 0
78926 -305 16 0
78926 305 -9 -16 0
78926 -306 9 0
78926 -306 17 0
78926 306 -9 -17 0
78926 -307 9 0
78926 -307 18 0
78926 307 -9 -18 0
78926 -308 9 0
78926 -308 19 0
78926 308 -9 -19 0
78926 -309 9 0
78926 -309 20 0
78926 309 -9 -20 0
78926 -310 9 0
78926 -310 21 0
78926 310 -9 -21 0
78926 -311 9 0
78926 -311 22 0
78926 311 -9 -22 0
78926 -312 9 0
78926 -312 23 0
78926 312 -9 -23 0
78926 -313 9 0
78926 -313 24 0
78926 313 -9 -24 0
78926 -314 9 0
78926 -314 25 0
78926 314 -9 -25 0
78926 -315 9 0
78926 -315 26 0
78926 315 -9 -26 0
78926 -316 9 0
78926 -316 27 0
78926 316 -9 -27 0
78926 -317 9 0
78926 -317 28 0
78926 317 -9 -28 0
78926 -318 9 0
78926 -318 29 0
78926 318 -9 -29 0
78926 -319 9 0
78926 -319 30 0
78926 319 -9 -30 0
78926 -320 9 0
78926 -320 31 0
78926 320 -9 -31 0
78926 -321 9 0
78926 -321 32 0
78926 321 -9 -32 0
78926 -322 9 0
78926 -322 33 0
78926 322 -9 -33 0
78926 -323 9 0
78926 -323 34 0
78926 323 -9 -34 0
78926 -324 9 0
78926 -324 35 0
78926 324 -9 -35 0
78926 -325 9 0
78926 -325 36 0
78926 325 -9 -36 0
78926 -326 9 0
78926 -326 37 0
78926 326 -9 -37 0
78926 -327 10 0
78926 -327 11 0
78926 327 -10 -11 0
78926 -328 10 0
78926 -328 12 0
78926 328 -10 -12 0
78926 -329 10 0
78926 -329 13 0
78926 329 -10 -13 0
78926 -330 10 0
78926 -330 14 0
78926 330 -10 -14 0
78926 -331 10 0
78926 -331 15 0
78926 331 -10 -15 0
78926 -332 10 0
78926 -332 16 0
78926 332 -10 -16 0
78926 -333 10 0
78926 -333 17 0
78926 333 -10 -17 0
78926 -334 10 0
78926 -334 18 0
78926 334 -10 -18 0
78926 -335 10 0
78926 -335 19 0
78926 335 -10 -19 0
78926 -336 10 0
78926 -336 20 0
78926 336 -10 -20 0
78926 -337 10 0
78926 -337 21 0
78926 337 -10 -21 0
78926 -338 10 0
78926 -338 22 0
78926 338 -10 -22 0
78926 -339 10 0
78926 -339 23 0
78926 339 -10 -23 0
78926 -340 10 0
78926 -340 24 0
78926 340 -10 -24 0
78926 -341 10 0
78926 -341 25 0
78926 341 -10 -25 0
78926 -342 10 0
78926 -342 26 0
78926 342 -10 -26 0
78926 -343 10 0
78926 -343 27 0
78926 343 -10 -27 0
78926 -344 10 0
78926 -344 28 0
78926 344 -10 -28 0
78926 -345 10 0
78926 -345 29 0
78926 345 -10 -29 0
78926 -346 10 0
78926 -346 30 0
78926 346 -10 -30 0
78926 -347 10 0
78926 -347 31 0
78926 347 -10 -31 0
78926 -348 10 0
78926 -348 32 0
78926 348 -10 -32 0
78926 -349 10 0
78926 -349 33 0
78926 349 -10 -33 0
78926 -350 10 0
78926 -350 34 0
78926 350 -10 -34 0
78926 -351 10 0
78926 -351 35 0
78926 351 -10 -35 0
78926 -352 10 0
78926 -352 36 0
78926 352 -10 -36 0
78926 -353 10 0
78926 -353 37 0
78926 353 -10 -37 0
78926 -354 11 0
78926 -354 12 0
78926 354 -11 -12 0
78926 -355 11 0
78926 -355 13 0
78926 355 -11 -13 0
78926 -356 11 0
78926 -356 14 0
78926 356 -11 -14 0
78926 -357 11 0
78926 -357 15 0
78926 357 -11 -15 0
78926 -358 11 0
78926 -358 16 0
78926 358 -11 -16 0
78926 -359 11 0
78926 -359 17 0
78926 359 -11 -17 0
78926 -360 11 0
78926 -360 18 0
78926 360 -11 -18 0
78926 -361 11 0
78926 -361 19 0
78926 361 -11 -19 0
78926 -362 11 0
78926 -362 20 0
78926 362 -11 -20 0
78926 -363 11 0
78926 -363 21 0
78926 363 -11 -21 0
78926 -364 11 0
78926 -364 22 0
78926 364 -11 -22 0
78926 -365 11 0
78926 -365 23 0
78926 365 -11 -23 0
78926 -366 11 0
78926 -366 24 0
78926 366 -11 -24 0
78926 -367 11 0
78926 -367 25 0
78926 367 -11 -25 0
78926 -368 11 0
78926 -368 26 0
78926 368 -11 -26 0
78926 -369 11 0
78926 -369 27 0
78926 369 -11 -27 0
78926 -370 11 0
78926 -370 28 0
78926 370 -11 -28 0
78926 -371 11 0
78926 -371 29 0
78926 371 -11 -29 0
78926 -372 11 0
78926 -372 30 0
78926 372 -11 -30 0
78926 -373 11 0
78926 -373 31 0
78926 373 -11 -31 0
78926 -374 11 0
78926 -374 32 0
78926 374 -11 -32 0
78926 -375 11 0
78926 -375 33 0
78926 375 -11 -33 0
78926 -376 11 0
78926 -376 34 0
78926 376 -11 -34 0
78926 -377 11 0
78926 -377 35 0
78926 377 -11 -35 0
78926 -378 11 0
78926 -378 36 0
78926 378 -11 -36 0
78926 -379 11 0
78926 -379 37 0
78926 379 -11 -37 0
78926 -380 12 0
78926 -380 13 0
78926 380 -12 -13 0
78926 -381 12 0
78926 -381 14 0
78926 381 -12 -14 0
78926 -382 12 0
78926 -382 15 0
78926 382 -12 -15 0
78926 -383 12 0
78926 -383 16 0
78926 383 -12 -16 0
78926 -384 12 0
78926 -384 17 0
78926 384 -12 -17 0
78926 -385 12 0
78926 -385 18 0
78926 385 -12 -18 0
78926 -386 12 0
78926 -386 19 0
78926 386 -12 -19 0
78926 -387 12 0
78926 -387 20 0
78926 387 -12 -20 0
78926 -388 12 0
78926 -388 21 0
78926 388 -12 -21 0
78926 -389 12 0
78926 -389 22 0
78926 389 -12 -22 0
78926 -390 12 0
78926 -390 23 0
78926 390 -12 -23 0
78926 -391 12 0
78926 -391 24 0
78926 391 -12 -24 0
78926 -392 12 0
78926 -392 25 0
78926 392 -12 -25 0
78926 -393 12 0
78926 -393 26 0
78926 393 -12 -26 0
78926 -394 12 0
78926 -394 27 0
78926 394 -12 -27 0
78926 -395 12 0
78926 -395 28 0
78926 395 -12 -28 0
78926 -396 12 0
78926 -396 29 0
78926 396 -12 -29 0
78926 -397 12 0
78926 -397 30 0
78926 397 -12 -30 0
78926 -398 12 0
78926 -398 31 0
78926 398 -12 -31 0
78926 -399 12 0
78926 -399 32 0
78926 399 -12 -32 0
78926 -400 12 0
78926 -400 33 0
78926 400 -12 -33 0
78926 -401 12 0
78926 -401 34 0
78926 401 -12 -34 0
78926 -402 12 0
78926 -402 35 0
78926 402 -12 -35 0
78926 -403 12 0
78926 -403 36 0
78926 403 -12 -36 0
78926 -404 12 0
78926 -404 37 0
78926 404 -12 -37 0
78926 -405 13 0
78926 -405 14 0
78926 405 -13 -14 0
78926 -406 13 0
78926 -406 15 0
78926 406 -13 -15 0
78926 -407 13 0
78926 -407 16 0
78926 407 -13 -16 0
78926 -408 13 0
78926 -408 17 0
78926 408 -13 -17 0
78926 -409 13 0
78926 -409 18 0
78926 409 -13 -18 0
78926 -410 13 0
78926 -410 19 0
78926 410 -13 -19 0
78926 -411 13 0
78926 -411 20 0
78926 411 -13 -20 0
78926 -412 13 0
78926 -412 21 0
78926 412 -13 -21 0
78926 -413 13 0
78926 -413 22 0
78926 413 -13 -22 0
78926 -414 13 0
78926 -414 23 0
78926 414 -13 -23 0
78926 -415 13 0
78926 -415 24 0
78926 415 -13 -24 0
78926 -416 13 0
78926 -416 25 0
78926 416 -13 -25 0
78926 -417 13 0
78926 -417 26 0
78926 417 -13 -26 0
78926 -418 13 0
78926 -418 27 0
78926 418 -13 -27 0
78926 -419 13 0
78926 -419 28 0
78926 419 -13 -28 0
78926 -420 13 0
78926 -420 29 0
78926 420 -13 -29 0
78926 -421 13 0
78926 -421 30 0
78926 421 -13 -30 0
78926 -422 13 0
78926 -422 31 0
78926 422 -13 -31 0
78926 -423 13 0
78926 -423 32 0
78926 423 -13 -32 0
78926 -424 13 0
78926 -424 33 0
78926 424 -13 -33 0
78926 -425 13 0
78926 -425 34 0
78926 425 -13 -34 0
78926 -426 13 0
78926 -426 35 0
78926 426 -13 -35 0
78926 -427 13 0
78926 -427 36 0
78926 427 -13 -36 0
78926 -428 13 0
78926 -428 37 0
78926 428 -13 -37 0
78926 -429 14 0
78926 -429 15 0
78926 429 -14 -15 0
78926 -430 14 0
78926 -430 16 0
78926 430 -14 -16 0
78926 -431 14 0
78926 -431 17 0
78926 431 -14 -17 0
78926 -432 14 0
78926 -432 18 0
78926 432 -14 -18 0
78926 -433 14 0
78926 -433 19 0
78926 433 -14 -19 0
78926 -434 14 0
78926 -434 20 0
78926 434 -14 -20 0
78926 -435 14 0
78926 -435 21 0
78926 435 -14 -21 0
78926 -436 14 0
78926 -436 22 0
78926 436 -14 -22 0
78926 -437 14 0
78926 -437 23 0
78926 437 -14 -23 0
78926 -438 14 0
78926 -438 24 0
78926 438 -14 -24 0
78926 -439 14 0
78926 -439 25 0
78926 439 -14 -25 0
78926 -440 14 0
78926 -440 26 0
78926 440 -14 -26 0
78926 -441 14 0
78926 -441 27 0
78926 441 -14 -27 0
78926 -442 14 0
78926 -442 28 0
78926 442 -14 -28 0
78926 -443 14 0
78926 -443 29 0
78926 443 -14 -29 0
78926 -444 14 0
78926 -444 30 0
78926 444 -14 -30 0
78926 -445 14 0
78926 -445 31 0
78926 445 -14 -31 0
78926 -446 14 0
78926 -446 32 0
78926 446 -14 -32 0
78926 -447 14 0
78926 -447 33 0
78926 447 -14 -33 0
78926 -448 14 0
78926 -448 34 0
78926 448 -14 -34 0
78926 -449 14 0
78926 -449 35 0
78926 449 -14 -35 0
78926 -450 14 0
78926 -450 36 0
78926 450 -14 -36 0
78926 -451 14 0
78926 -451 37 0
78926 451 -14 -37 0
78926 -452 15 0
78926 -452 16 0
78926 452 -15 -16 0
78926 -453 15 0
78926 -453 17 0
78926 453 -15 -17 0
78926 -454 15 0
78926 -454 18 0
78926 454 -15 -18 0
78926 -455 15 0
78926 -455 19 0
78926 455 -15 -19 0
78926 -456 15 0
78926 -456 20 0
78926 456 -15 -20 0
78926 -457 15 0
78926 -457 21 0
78926 457 -15 -21 0
78926 -458 15 0
78926 -458 22 0
78926 458 -15 -22 0
78926 -459 15 0
78926 -459 23 0
78926 459 -15 -23 0
78926 -460 15 0
78926 -460 24 0
78926 460 -15 -24 0
78926 -461 15 0
78926 -461 25 0
78926 461 -15 -25 0
78926 -462 15 0
78926 -462 26 0
78926 462 -15 -26 0
78926 -463 15 0
78926 -463 27 0
78926 463 -15 -27 0
78926 -464 15 0
78926 -464 28 0
78926 464 -15 -28 0
78926 -465 15 0
78926 -465 29 0
78926 465 -15 -29 0
78926 -466 15 0
78926 -466 30 0
78926 466 -15 -30 0
78926 -467 15 0
78926 -467 31 0
78926 467 -15 -31 0
78926 -468 15 0
78926 -468 32 0
78926 468 -15 -32 0
78926 -469 15 0
78926 -469 33 0
78926 469 -15 -33 0
78926 -470 15 0
78926 -470 34 0
78926 470 -15 -34 0
78926 -471 15 0
78926 -471 35 0
78926 471 -15 -35 0
78926 -472 15 0
78926 -472 36 0
78926 472 -15 -36 0
78926 -473 15 0
78926 -473 37 0
78926 473 -15 -37 0
78926 -474 16 0
78926 -474 17 0
78926 474 -16 -17 0
78926 -475 16 0
78926 -475 18 0
78926 475 -16 -18 0
78926 -476 16 0
78926 -476 19 0
78926 476 -16 -19 0
78926 -477 16 0
78926 -477 20 0
78926 477 -16 -20 0
78926 -478 16 0
78926 -478 21 0
78926 478 -16 -21 0
78926 -479 16 0
78926 -479 22 0
78926 479 -16 -22 0
78926 -480 16 0
78926 -480 23 0
78926 480 -16 -23 0
78926 -481 16 0
78926 -481 24 0
78926 481 -16 -24 0
78926 -482 16 0
78926 -482 25 0
78926 482 -16 -25 0
78926 -483 16 0
78926 -483 26 0
78926 483 -16 -26 0
78926 -484 16 0
78926 -484 27 0
78926 484 -16 -27 0
78926 -485 16 0
78926 -485 28 0
78926 485 -16 -28 0
78926 -486 16 0
78926 -486 29 0
78926 486 -16 -29 0
78926 -487 16 0
78926 -487 30 0
78926 487 -16 -30 0
78926 -488 16 0
78926 -488 31 0
78926 488 -16 -31 0
78926 -489 16 0
78926 -489 32 0
78926 489 -16 -32 0
78926 -490 16 0
78926 -490 33 0
78926 490 -16 -33 0
78926 -491 16 0
78926 -491 34 0
78926 491 -16 -34 0
78926 -492 16 0
78926 -492 35 0
78926 492 -16 -35 0
78926 -493 16 0
78926 -493 36 0
78926 493 -16 -36 0
78926 -494 16 0
78926 -494 37 0
78926 494 -16 -37 0
78926 -495 17 0
78926 -495 18 0
78926 495 -17 -18 0
78926 -496 17 0
78926 -496 19 0
78926 496 -17 -19 0
78926 -497 17 0
78926 -497 20 0
78926 497 -17 -20 0
78926 -498 17 0
78926 -498 21 0
78926 498 -17 -21 0
78926 -499 17 0
78926 -499 22 0
78926 499 -17 -22 0
78926 -500 17 0
78926 -500 23 0
78926 500 -17 -23 0
78926 -501 17 0
78926 -501 24 0
78926 501 -17 -24 0
78926 -502 17 0
78926 -502 25 0
78926 502 -17 -25 0
78926 -503 17 0
78926 -503 26 0
78926 503 -17 -26 0
78926 -504 17 0
78926 -504 27 0
78926 504 -17 -27 0
78926 -505 17 0
78926 -505 28 0
78926 505 -17 -28 0
78926 -506 17 0
78926 -506 29 0
78926 506 -17 -29 0
78926 -507 17 0
78926 -507 30 0
78926 507 -17 -30 0
78926 -508 17 0
78926 -508 31 0
78926 508 -17 -31 0
78926 -509 17 0
78926 -509 32 0
78926 509 -17 -32 0
78926 -510 17 0
78926 -510 33 0
78926 510 -17 -33 0
78926 -511 17 0
78926 -511 34 0
78926 511 -17 -34 0
78926 -512 17 0
78926 -512 35 0
78926 512 -17 -35 0
78926 -513 17 0
78926 -513 36 0
78926 513 -17 -36 0
78926 -514 17 0
78926 -514 37 0
78926 514 -17 -37 0
78926 -515 18 0
78926 -515 19 0
78926 515 -18 -19 0
78926 -516 18 0
78926 -516 20 0
78926 516 -18 -20 0
78926 -517 18 0
78926 -517 21 0
78926 517 -18 -21 0
78926 -518 18 0
78926 -518 22 0
78926 518 -18 -22 0
78926 -519 18 0
78926 -519 23 0
78926 519 -18 -23 0
78926 -520 18 0
78926 -520 24 0
78926 520 -18 -24 0
78926 -521 18 0
78926 -521 25 0
78926 521 -18 -25 0
78926 -522 18 0
78926 -522 26 0
78926 522 -18 -26 0
78926 -523 18 0
78926 -523 27 0
78926 523 -18 -27 0
78926 -524 18 0
78926 -524 28 0
78926 524 -18 -28 0
78926 -525 18 0
78926 -525 29 0
78926 525 -18 -29 0
78926 -526 18 0
78926 -526 30 0
78926 526 -18 -30 0
78926 -527 18 0
78926 -527 31 0
78926 527 -18 -31 0
78926 -528 18 0
78926 -528 32 0
78926 528 -18 -32 0
78926 -529 18 0
78926 -529 33 0
78926 529 -18 -33 0
78926 -530 18 0
78926 -530 34 0
78926 530 -18 -34 0
78926 -531 18 0
78926 -531 35 0
78926 531 -18 -35 0
78926 -532 18 0
78926 -532 36 0
78926 532 -18 -36 0
78926 -533 18 0
78926 -533 37 0
78926 533 -18 -37 0
78926 -534 19 0
78926 -534 20 0
78926 534 -19 -20 0
78926 -535 19 0
78926 -535 21 0
78926 535 -19 -21 0
78926 -536 19 0
78926 -536 22 0
78926 536 -19 -22 0
78926 -537 19 0
78926 -537 23 0
78926 537 -19 -23 0
78926 -538 19 0
78926 -538 24 0
78926 538 -19 -24 0
78926 -539 19 0
78926 -539 25 0
78926 539 -19 -25 0
78926 -540 19 0
78926 -540 26 0
78926 540 -19 -26 0
78926 -541 19 0
78926 -541 27 0
78926 541 -19 -27 0
78926 -542 19 0
78926 -542 28 0
78926 542 -19 -28 0
78926 -543 19 0
78926 -543 29 0
78926 543 -19 -29 0
78926 -544 19 0
78926 -544 30 0
78926 544 -19 -30 0
78926 -545 19 0
78926 -545 31 0
78926 545 -19 -31 0
78926 -546 19 0
78926 -546 32 0
78926 546 -19 -32 0
78926 -547 19 0
78926 -547 33 0
78926 547 -19 -33 0
78926 -548 19 0
78926 -548 34 0
78926 548 -19 -34 0
78926 -549 19 0
78926 -549 35 0
78926 549 -19 -35 0
78926 -550 19 0
78926 -550 36 0
78926 550 -19 -36 0
78926 -551 19 0
78926 -551 37 0
78926 551 -19 -37 0
78926 -552 20 0
78926 -552 21 0
78926 552 -20 -21 0
78926 -553 20 0
78926 -553 22 0
78926 553 -20 -22 0
78926 -554 20 0
78926 -554 23 0
78926 554 -20 -23 0
78926 -555 20 0
78926 -555 24 0
78926 555 -20 -24 0
78926 -556 20 0
78926 -556 25 0
78926 556 -20 -25 0
78926 -557 20 0
78926 -557 26 0
78926 557 -20 -26 0
78926 -558 20 0
78926 -558 27 0
78926 558 -20 -27 0
78926 -559 20 0
78926 -559 28 0
78926 559 -20 -28 0
78926 -560 20 0
78926 -560 29 0
78926 560 -20 -29 0
78926 -561 20 0
78926 -561 30 0
78926 561 -20 -30 0
78926 -562 20 0
78926 -562 31 0
78926 562 -20 -31 0
78926 -563 20 0
78926 -563 32 0
78926 563 -20 -32 0
78926 -564 20 0
78926 -564 33 0
78926 564 -20 -33 0
78926 -565 20 0
78926 -565 34 0
78926 565 -20 -34 0
78926 -566 20 0
78926 -566 35 0
78926 566 -20 -35 0
78926 -567 20 0
78926 -567 36 0
78926 567 -20 -36 0
78926 -568 20 0
78926 -568 37 0
78926 568 -20 -37 0
78926 -569 21 0
78926 -569 22 0
78926 569 -21 -22 0
78926 -570 21 0
78926 -570 23 0
78926 570 -21 -23 0
78926 -571 21 0
78926 -571 24 0
78926 571 -21 -24 0
78926 -572 21 0
78926 -572 25 0
78926 572 -21 -25 0
78926 -573 21 0
78926 -573 26 0
78926 573 -21 -26 0
78926 -574 21 0
78926 -574 27 0
78926 574 -21 -27 0
78926 -575 21 0
78926 -575 28 0
78926 575 -21 -28 0
78926 -576 21 0
78926 -576 29 0
78926 576 -21 -29 0
78926 -577 21 0
78926 -577 30 0
78926 577 -21 -30 0
78926 -578 21 0
78926 -578 31 0
78926 578 -21 -31 0
78926 -579 21 0
78926 -579 32 0
78926 579 -21 -32 0
78926 -580 21 0
78926 -580 33 0
78926 580 -21 -33 0
78926 -581 21 0
78926 -581 34 0
78926 581 -21 -34 0
78926 -582 21 0
78926 -582 35 0
78926 582 -21 -35 0
78926 -583 21 0
78926 -583 36 0
78926 583 -21 -36 0
78926 -584 21 0
78926 -584 37 0
78926 584 -21 -37 0
78926 -585 22 0
78926 -585 23 0
78926 585 -22 -23 0
78926 -586 22 0
78926 -586 24 0
78926 586 -22 -24 0
78926 -587 22 0
78926 -587 25 0
78926 587 -22 -25 0
78926 -588 22 0
78926 -588 26 0
78926 588 -22 -26 0
78926 -589 22 0
78926 -589 27 0
78926 589 -22 -27 0
78926 -590 22 0
78926 -590 28 0
78926 590 -22 -28 0
78926 -591 22 0
78926 -591 29 0
78926 591 -22 -29 0
78926 -592 22 0
78926 -592 30 0
78926 592 -22 -30 0
78926 -593 22 0
78926 -593 31 0
78926 593 -22 -31 0
78926 -594 22 0
78926 -594 32 0
78926 594 -22 -32 0
78926 -595 22 0
78926 -595 33 0
78926 595 -22 -33 0
78926 -596 22 0
78926 -596 34 0
78926 596 -22 -34 0
78926 -597 22 0
78926 -597 35 0
78926 597 -22 -35 0
78926 -598 22 0
78926 -598 36 0
78926 598 -22 -36 0
78926 -599 22 0
78926 -599 37 0
78926 599 -22 -37 0
78926 -600 23 0
78926 -600 24 0
78926 600 -23 -24 0
78926 -601 23 0
78926 -601 25 0
78926 601 -23 -25 0
78926 -602 23 0
78926 -602 26 0
78926 602 -23 -26 0
78926 -603 23 0
78926 -603 27 0
78926 603 -23 -27 0
78926 -604 23 0
78926 -604 28 0
78926 604 -23 -28 0
78926 -605 23 0
78926 -605 29 0
78926 605 -23 -29 0
78926 -606 23 0
78926 -606 30 0
78926 606 -23 -30 0
78926 -607 23 0
78926 -607 31 0
78926 607 -23 -31 0
78926 -608 23 0
78926 -608 32 0
78926 608 -23 -32 0
78926 -609 23 0
78926 -609 33 0
78926 609 -23 -33 0
78926 -610 23 0
78926 -610 34 0
78926 610 -23 -34 0
78926 -611 23 0
78926 -611 35 0
78926 611 -23 -35 0
78926 -612 23 0
78926 -612 36 0
78926 612 -23 -36 0
78926 -613 23 0
78926 -613 37 0
78926 613 -23 -37 0
78926 -614 24 0
78926 -614 25 0
78926 614 -24 -25 0
78926 -615 24 0
78926 -615 26 0
78926 615 -24 -26 0
78926 -616 24 0
78926 -616 27 0
78926 616 -24 -27 0
78926 -617 24 0
78926 -617 28 0
78926 617 -24 -28 0
78926 -618 24 0
78926 -618 29 0
78926 618 -24 -29 0
78926 -619 24 0
78926 -619 30 0
78926 619 -24 -30 0
78926 -620 24 0
78926 -620 31 0
78926 620 -24 -31 0
78926 -621 24 0
78926 -621 32 0
78926 621 -24 -32 0
78926 -622 24 0
78926 -622 33 0
78926 622 -24 -33 0
78926 -623 24 0
78926 -623 34 0
78926 623 -24 -34 0
78926 -624 24 0
78926 -624 35 0
78926 624 -24 -35 0
78926 -625 24 0
78926 -625 36 0
78926 625 -24 -36 0
78926 -626 24 0
78926 -626 37 0
78926 626 -24 -37 0
78926 -627 25 0
78926 -627 26 0
78926 627 -25 -26 0
78926 -628 25 0
78926 -628 27 0
78926 628 -25 -27 0
78926 -629 25 0
78926 -629 28 0
78926 629 -25 -28 0
78926 -630 25 0
78926 -630 29 0
78926 630 -25 -29 0
78926 -631 25 0
78926 -631 30 0
78926 631 -25 -30 0
78926 -632 25 0
78926 -632 31 0
78926 632 -25 -31 0
78926 -633 25 0
78926 -633 32 0
78926 633 -25 -32 0
78926 -634 25 0
78926 -634 33 0
78926 634 -25 -33 0
78926 -635 25 0
78926 -635 34 0
78926 635 -25 -34 0
78926 -636 25 0
78926 -636 35 0
78926 636 -25 -35 0
78926 -637 25 0
78926 -637 36 0
78926 637 -25 -36 0
78926 -638 25 0
78926 -638 37 0
78926 638 -25 -37 0
78926 -639 26 0
78926 -639 27 0
78926 639 -26 -27 0
78926 -640 26 0
78926 -640 28 0
78926 640 -26 -28 0
78926 -641 26 0
78926 -641 29 0
78926 641 -26 -29 0
78926 -642 26 0
78926 -642 30 0
78926 642 -26 -30 0
78926 -643 26 0
78926 -643 31 0
78926 643 -26 -31 0
78926 -644 26 0
78926 -644 32 0
78926 644 -26 -32 0
78926 -645 26 0
78926 -645 33 0
78926 645 -26 -33 0
78926 -646 26 0
78926 -646 34 0
78926 646 -26 -34 0
78926 -647 26 0
78926 -647 35 0
78926 647 -26 -35 0
78926 -648 26 0
78926 -648 36 0
78926 648 -26 -36 0
78926 -649 26 0
78926 -649 37 0
78926 649 -26 -37 0
78926 -650 27 0
78926 -650 28 0
78926 650 -27 -28 0
78926 -651 27 0
78926 -651 29 0
78926 651 -27 -29 0
78926 -652 27 0
78926 -652 30 0
78926 652 -27 -30 0
78926 -653 27 0
78926 -653 31 0
78926 653 -27 -31 0
78926 -654 27 0
78926 -654 32 0
78926 654 -27 -32 0
78926 -655 27 0
78926 -655 33 0
78926 655 -27 -33 0
78926 -656 27 0
78926 -656 34 0
78926 656 -27 -34 0
78926 -657 27 0
78926 -657 35 0
78926 657 -27 -35 0
78926 -658 27 0
78926 -658 36 0
78926 658 -27 -36 0
78926 -659 27 0
78926 -659 37 0
78926 659 -27 -37 0
78926 -660 28 0
78926 -660 29 0
78926 660 -28 -29 0
78926 -661 28 0
78926 -661 30 0
78926 661 -28 -30 0
78926 -662 28 0
78926 -662 31 0
78926 662 -28 -31 0
78926 -663 28 0
78926 -663 32 0
78926 663 -28 -32 0
78926 -664 28 0
78926 -664 33 0
78926 664 -28 -33 0
78926 -665 28 0
78926 -665 34 0
78926 665 -28 -34 0
78926 -666 28 0
78926 -666 35 0
78926 666 -28 -35 0
78926 -667 28 0
78926 -667 36 0
78926 667 -28 -36 0
78926 -668 28 0
78926 -668 37 0
78926 668 -28 -37 0
78926 -669 29 0
78926 -669 30 0
78926 669 -29 -30 0
78926 -670 29 0
78926 -670 31 0
78926 670 -29 -31 0
78926 -671 29 0
78926 -671 32 0
78926 671 -29 -32 0
78926 -672 29 0
78926 -672 33 0
78926 672 -29 -33 0
78926 -673 29 0
78926 -673 34 0
78926 673 -29 -34 0
78926 -674 29 0
78926 -674 35 0
78926 674 -29 -35 0
78926 -675 29 0
78926 -675 36 0
78926 675 -29 -36 0
78926 -676 29 0
78926 -676 37 0
78926 676 -29 -37 0
78926 -677 30 0
78926 -677 31 0
78926 677 -30 -31 0
78926 -678 30 0
78926 -678 32 0
78926 678 -30 -32 0
78926 -679 30 0
78926 -679 33 0
78926 679 -30 -33 0
78926 -680 30 0
78926 -680 34 0
78926 680 -30 -34 0
78926 -681 30 0
78926 -681 35 0
78926 681 -30 -35 0
78926 -682 30 0
78926 -682 36 0
78926 682 -30 -36 0
78926 -683 30 0
78926 -683 37 0
78926 683 -30 -37 0
78926 -684 31 0
78926 -684 32 0
78926 684 -31 -32 0
78926 -685 31 0
78926 -685 33 0
78926 685 -31 -33 0
78926 -686 31 0
78926 -686 34 0
78926 686 -31 -34 0
78926 -687 31 0
78926 -687 35 0
78926 687 -31 -35 0
78926 -688 31 0
78926 -688 36 0
78926 688 -31 -36 0
78926 -689 31 0
78926 -689 37 0
78926 689 -31 -37 0
78926 -690 32 0
78926 -690 33 0
78926 690 -32 -33 0
78926 -691 32 0
78926 -691 34 0
78926 691 -32 -34 0
78926 -692 32 0
78926 -692 35 0
78926 692 -32 -35 0
78926 -693 32 0
78926 -693 36 0
78926 693 -32 -36 0
78926 -694 32 0
78926 -694 37 0
78926 694 -32 -37 0
78926 -695 33 0
78926 -695 34 0
78926 695 -33 -34 0
78926 -696 33 0
78926 -696 35 0
78926 696 -33 -35 0
78926 -697 33 0
78926 -697 36 0
78926 697 -33 -36 0
78926 -698 33 0
78926 -698 37 0
78926 698 -33 -37 0
78926 -699 34 0
78926 -699 35 0
78926 699 -34 -35 0
78926 -700 34 0
78926 -700 36 0
78926 700 -34 -36 0
78926 -701 34 0
78926 -701 37 0
78926 701 -34 -37 0
78926 -702 35 0
78926 -702 36 0
78926 702 -35 -36 0
78926 -703 35 0
78926 -703 37 0
78926 703 -35 -37 0
78926 -704 36 0
78926 -704 37 0
78926 704 -36 -37 0
40457 1 0
78916 -1 0
80158 39 0
78916 -39 0
86422 40 0
78916 -40 0
76488 41 0
78916 -41 0
103682 42 0
78916 -42 0
77684 43 0
78916 -43 0
94372 44 0
78916 -44 0
80868 45 0
78916 -45 0
73660 46 0
78916 -46 0
76214 47 0
78916 -47 0
72882 48 0
78916 -48 0
80806 49 0
78916 -49 0
77620 50 0
78916 -50 0
72482 51 0
78916 -51 0
85312 52 0
78916 -52 0
81658 53 0
78916 -53 0
80770 54 0
78916 -54 0
65956 55 0
78916 -55 0
83432 56 0
78916 -56 0
88730 57 0
78916 -57 0
83254 58 0
78916 -58 0
79614 59 0
78916 -59 0
77716 60 0
78916 -60 0
75942 61 0
78916 -61 0
83662 62 0
78916 -62 0
85820 63 0
78916 -63 0
85672 64 0
78916 -64 0
77616 65 0
78916 -65 0
74820 66 0
78916 -66 0
90238 67 0
78916 -67 0
79366 68 0
78916 -68 0
82568 69 0
78916 -69 0
75612 70 0
78916 -70 0
82186 71 0
78916 -71 0
78294 72 0
78916 -72 0
81900 73 0
78916 -73 0
78446 74 0
78916 -74 0
58833 2 0
78916 -2 0
81192 75 0
78916 -75 0
79340 76 0
78916 -76 0
64076 77 0
78916 -77 0
75026 78 0
78916 -78 0
69252 79 0
78916 -79 0
85958 80 0
78916 -80 0
69642 81 0
78916 -81 0
72280 82 0
78916 -82 0
74664 83 0
78916 -83 0
80948 84 0
78916 -84 0
81822 85 0
78916 -85 0
68350 86 0
78916 -86 0
88492 87 0
78916 -87 0
92958 88 0
78916 -88 0
79808 89 0
78916 -89 0
80806 90 0
78916 -90 0
70196 91 0
78916 -91 0
76618 92 0
78916 -92 0
79716 93 0
78916 -93 0
86084 94 0
78916 -94 0
84382 95 0
78916 -95 0
80354 96 0
78916 -96 0
75868 97 0
78916 -97 0
80106 98 0
78916 -98 0
72736 99 0
78916 -99 0
75410 100 0
78916 -100 0
71576 101 0
78916 -101 0
75488 102 0
78916 -102 0
87006 103 0
78916 -103 0
74286 104 0
78916 -104 0
80196 105 0
78916 -105 0
80130 106 0
78916 -106 0
83914 107 0
78916 -107 0
76580 108 0
78916 -108 0
79126 109 0
78916 -109 0
51168 3 0
78916 -3 0
83372 110 0
78916 -110 0
88016 111 0
78916 -111 0
93544 112 0
78916 -112 0
66730 113 0
78916 -113 0
80318 114 0
78916 -114 0
82034 115 0
78916 -115 0
69140 116 0
78916 -116 0
82198 117 0
78916 -117 0
71652 118 0
78916 -118 0
79518 119 0
78916 -119 0
80372 120 0
78916 -120 0
70112 121 0
78916 -121 0
75422 122 0
78916 -122 0
77132 123 0
78916 -123 0
76442 124 0
78916 -124 0
76722 125 0
78916 -125 0
71650 126 0
78916 -126 0
65050 127 0
78916 -127 0
79952 128 0
78916 -128 0
84010 129 0
78916 -129 0
71904 130 0
78916 -130 0
76016 131 0
78916 -131 0
80284 132 0
78916 -132 0
78356 133 0
78916 -133 0
84434 134 0
78916 -134 0
79124 135 0
78916 -135 0
86596 136 0
78916 -136 0
80146 137 0
78916 -137 0
82698 138 0
78916 -138 0
79608 139 0
78916 -139 0
78550 140 0
78916 -140 0
75134 141 0
78916 -141 0
79772 142 0
78916 -142 0
78546 143 0
78916 -143 0
53729 4 0
78916 -4 0
72868 144 0
78916 -144 0
75512 145 0
78916 -145 0
70636 146 0
78916 -146 0
97354 147 0
78916 -147 0
73486 148 0
78916 -148 0
89482 149 0
78916 -149 0
78970 150 0
78916 -150 0
74194 151 0
78916 -151 0
74910 152 0
78916 -152 0
82432 153 0
78916 -153 0
83936 154 0
78916 -154 0
79662 155 0
78916 -155 0
87432 156 0
78916 -156 0
79162 157 0
78916 -157 0
75538 158 0
78916 -158 0
82174 159 0
78916 -159 0
85088 160 0
78916 -160 0
72924 161 0
78916 -161 0
69884 162 0
78916 -162 0
78192 163 0
78916 -163 0
81096 164 0
78916 -164 0
79382 165 0
78916 -165 0
82552 166 0
78916 -166 0
82602 167 0
78916 -167 0
78190 168 0
78916 -168 0
78376 169 0
78916 -169 0
77206 170 0
78916 -170 0
76394 171 0
78916 -171 0
82330 172 0
78916 -172 0
77632 173 0
78916 -173 0
76872 174 0
78916 -174 0
78942 175 0
78916 -175 0
78956 176 0
78916 -176 0
59616 5 0
78916 -5 0
68092 177 0
78916 -177 0
73336 178 0
78916 -178 0
93282 179 0
78916 -179 0
82606 180 0
78916 -180 0
82206 181 0
78916 -181 0
68996 182 0
78916 -182 0
78082 183 0
78916 -183 0
79718 184 0
78916 -184 0
92514 185 0
78916 -185 0
87326 186 0
78916 -186 0
87640 187 0
78916 -187 0
98808 188 0
78916 -188 0
90376 189 0
78916 -189 0
70010 190 0
78916 -190 0
82694 191 0
78916 -191 0
85816 192 0
78916 -192 0
75620 193 0
78916 -193 0
79010 194 0
78916 -194 0
80682 195 0
78916 -195 0
82532 196 0
78916 -196 0
78046 197 0
78916 -197 0
81526 198 0
78916 -198 0
82980 199 0
78916 -199 0
69542 200 0
78916 -200 0
72342 201 0
78916 -201 0
79314 202 0
78916 -202 0
78906 203 0
78916 -203 0
85382 204 0
78916 -204 0
75672 205 0
78916 -205 0
74412 206 0
78916 -206 0
76360 207 0
78916 -207 0
78986 208 0
78916 -208 0
41104 6 0
78916 -6 0
76096 209 0
78916 -209 0
73512 210 0
78916 -210 0
68622 211 0
78916 -211 0
98622 212 0
78916 -212 0
74778 213 0
78916 -213 0
100332 214 0
78916 -214 0
88618 215 0
78916 -215 0
87160 216 0
78916 -216 0
80514 217 0
78916 -217 0
82270 218 0
78916 -218 0
92022 219 0
78916 -219 0
87708 220 0
78916 -220 0
80056 221 0
78916 -221 0
80612 222 0
78916 -222 0
88396 223 0
78916 -223 0
93012 224 0
78916 -224 0
66776 225 0
78916 -225 0
77430 226 0
78916 -226 0
86212 227 0
78916 -227 0
73456 228 0
78916 -228 0
76680 229 0
78916 -229 0
78898 230 0
78916 -230 0
86624 231 0
78916 -231 0
72254 232 0
78916 -232 0
64342 233 0
78916 -233 0
75568 234 0
78916 -234 0
77650 235 0
78916 -235 0
76774 236 0
78916 -236 0
82306 237 0
78916 -237 0
79228 238 0
78916 -238 0
79396 239 0
78916 -239 0
53765 7 0
78916 -7 0
85878 240 0
78916 -240 0
84376 241 0
78916 -241 0
81442 242 0
78916 -242 0
69072 243 0
78916 -243 0
65348 244 0
78916 -244 0
71602 245 0
78916 -245 0
84434 246 0
78916 -246 0
80906 247 0
78916 -247 0
92200 248 0
78916 -248 0
76152 249 0
78916 -249 0
77660 250 0
78916 -250 0
72136 251 0
78916 -251 0
67956 252 0
78916 -252 0
67284 253 0
78916 -253 0
66292 254 0
78916 -254 0
78932 255 0
78916 -255 0
72962 256 0
78916 -256 0
77648 257 0
78916 -257 0
74222 258 0
78916 -258 0
78898 259 0
78916 -259 0
88664 260 0
78916 -260 0
77352 261 0
78916 -261 0
74298 262 0
78916 -262 0
77574 263 0
78916 -263 0
80558 264 0
78916 -264 0
83376 265 0
78916 -265 0
72978 266 0
78916 -266 0
75818 267 0
78916 -267 0
76348 268 0
78916 -268 0
79166 269 0
78916 -269 0
36958 8 0
78916 -8 0
94386 270 0
78916 -270 0
73434 271 0
78916 -271 0
80440 272 0
78916 -272 0
70266 273 0
78916 -273 0
73808 274 0
78916 -274 0
82160 275 0
78916 -275 0
68130 276 0
78916 -276 0
85816 277 0
78916 -277 0
67266 278 0
78916 -278 0
64338 279 0
78916 -279 0
79518 280 0
78916 -280 0
71514 281 0
78916 -281 0
70512 282 0
78916 -282 0
98562 283 0
78916 -283 0
80174 284 0
78916 -284 0
86240 285 0
78916 -285 0
77224 286 0
78916 -286 0
80602 287 0
78916 -287 0
70788 288 0
78916 -288 0
77176 289 0
78916 -289 0
90646 290 0
78916 -290 0
74280 291 0
78916 -291 0
80506 292 0
78916 -292 0
78514 293 0
78916 -293 0
78138 294 0
78916 -294 0
81956 295 0
78916 -295 0
85632 296 0
78916 -296 0
80752 297 0
78916 -297 0
79326 298 0
78916 -298 0
73312 9 0
78916 -9 0
84132 299 0
78916 -299 0
82800 300 0
78916 -300 0
91348 301 0
78916 -301 0
71910 302 0
78916 -302 0
76400 303 0
78916 -303 0
72702 304 0
78916 -304 0
74784 305 0
78916 -305 0
86430 306 0
78916 -306 0
98172 307 0
78916 -307 0
68718 308 0
78916 -308 0
75944 309 0
78916 -309 0
78860 310 0
78916 -310 0
73056 311 0
78916 -311 0
68890 312 0
78916 -312 0
67520 313 0
78916 -313 0
80338 314 0
78916 -314 0
82692 315 0
78916 -315 0
78932 316 0
78916 -316 0
77094 317 0
78916 -317 0
67608 318 0
78916 -318 0
85370 319 0
78916 -319 0
78584 320 0
78916 -320 0
73564 321 0
78916 -321 0
72978 322 0
78916 -322 0
78004 323 0
78916 -323 0
80772 324 0
78916 -324 0
74896 325 0
78916 -325 0
78586 326 0
78916 -326 0
54972 10 0
78916 -10 0
74190 327 0
78916 -327 0
77382 328 0
78916 -328 0
74438 329 0
78916 -329 0
67536 330 0
78916 -330 0
78704 331 0
78916 -331 0
76434 332 0
78916 -332 0
69194 333 0
78916 -333 0
68998 334 0
78916 -334 0
81464 335 0
78916 -335 0
73482 336 0
78916 -336 0
61036 337 0
78916 -337 0
74824 338 0
78916 -338 0
81152 339 0
78916 -339 0
75746 340 0
78916 -340 0
75804 341 0
78916 -341 0
90232 342 0
78916 -342 0
81842 343 0
78916 -343 0
79400 344 0
78916 -344 0
75048 345 0
78916 -345 0
93260 346 0
78916 -346 0
88544 347 0
78916 -347 0
80112 348 0
78916 -348 0
75104 349 0
78916 -349 0
83238 350 0
78916 -350 0
81414 351 0
78916 -351 0
80982 352 0
78916 -352 0
78456 353 0
78916 -353 0
51974 11 0
78916 -11 0
79192 354 0
78916 -354 0
76296 355 0
78916 -355 0
88562 356 0
78916 -356 0
85356 357 0
78916 -357 0
99648 358 0
78916 -358 0
85584 359 0
78916 -359 0
81312 360 0
78916 -360 0
88384 361 0
78916 -361 0
74852 362 0
78916 -362 0
76238 363 0
78916 -363 0
76324 364 0
78916 -364 0
78726 365 0
78916 -365 0
80308 366 0
78916 -366 0
92734 367 0
78916 -367 0
77448 368 0
78916 -368 0
76748 369 0
78916 -369 0
94632 370 0
78916 -370 0
78962 371 0
78916 -371 0
80454 372 0
78916 -372 0
67782 373 0
78916 -373 0
76780 374 0
78916 -374 0
83742 375 0
78916 -375 0
78028 376 0
78916 -376 0
79616 377 0
78916 -377 0
82310 378 0
78916 -378 0
79176 379 0
78916 -379 0
51572 12 0
78916 -12 0
72876 380 0
78916 -380 0
82592 381 0
78916 -381 0
79764 382 0
78916 -382 0
88746 383 0
78916 -383 0
74242 384 0
78916 -384 0
72268 385 0
78916 -385 0
71772 386 0
78916 -386 0
80120 387 0
78916 -387 0
77058 388 0
78916 -388 0
76028 389 0
78916 -389 0
89840 390 0
78916 -390 0
84036 391 0
78916 -391 0
77174 392 0
78916 -392 0
86282 393 0
78916 -393 0
86144 394 0
78916 -394 0
77006 395 0
78916 -395 0
78656 396 0
78916 -396 0
77246 397 0
78916 -397 0
90414 398 0
78916 -398 0
86246 399 0
78916 -399 0
84022 400 0
78916 -400 0
79976 401 0
78916 -401 0
75716 402 0
78916 -402 0
80608 403 0
78916 -403 0
78906 404 0
78916 -404 0
70605 13 0
78916 -13 0
75660 405 0
78916 -405 0
71794 406 0
78916 -406 0
89790 407 0
78916 -407 0
77190 408 0
78916 -408 0
73352 409 0
78916 -409 0
70170 410 0
78916 -410 0
76306 411 0
78916 -411 0
82242 412 0
78916 -412 0
69574 413 0
78916 -413 0
75828 414 0
78916 -414 0
71110 415 0
78916 -415 0
72150 416 0
78916 -416 0
79278 417 0
78916 -417 0
76250 418 0
78916 -418 0
76104 419 0
78916 -419 0
73014 420 0
78916 -420 0
81354 421 0
78916 -421 0
84122 422 0
78916 -422 0
77814 423 0
78916 -423 0
72646 424 0
78916 -424 0
79164 425 0
78916 -425 0
79900 426 0
78916 -426 0
75010 427 0
78916 -427 0
78596 428 0
78916 -428 0
61478 14 0
78916 -14 0
77020 429 0
78916 -429 0
79064 430 0
78916 -430 0
70928 431 0
78916 -431 0
75364 432 0
78916 -432 0
87590 433 0
78916 -433 0
76962 434 0
78916 -434 0
76244 435 0
78916 -435 0
72996 436 0
78916 -436 0
83094 437 0
78916 -437 0
76928 438 0
78916 -438 0
73836 439 0
78916 -439 0
82986 440 0
78916 -440 0
77656 441 0
78916 -441 0
71980 442 0
78916 -442 0
79832 443 0
78916 -443 0
82460 444 0
78916 -444 0
87406 445 0
78916 -445 0
78614 446 0
78916 -446 0
75518 447 0
78916 -447 0
80748 448 0
78916 -448 0
80600 449 0
78916 -449 0
77868 450 0
78916 -450 0
78726 451 0
78916 -451 0
47537 15 0
78916 -15 0
74386 452 0
78916 -452 0
73022 453 0
78916 -453 0
81170 454 0
78916 -454 0
76362 455 0
78916 -455 0
68078 456 0
78916 -456 0
72892 457 0
78916 -457 0
76964 458 0
78916 -458 0
84190 459 0
78916 -459 0
75072 460 0
78916 -460 0
77222 461 0
78916 -461 0
86990 462 0
78916 -462 0
82060 463 0
78916 -463 0
78208 464 0
78916 -464 0
87876 465 0
78916 -465 0
81096 466 0
78916 -466 0
81224 467 0
78916 -467 0
87102 468 0
78916 -468 0
77396 469 0
78916 -469 0
80354 470 0
78916 -470 0
74370 471 0
78916 -471 0
79832 472 0
78916 -472 0
78506 473 0
78916 -473 0
57781 16 0
78916 -16 0
80598 474 0
78916 -474 0
83496 475 0
78916 -475 0
87184 476 0
78916 -476 0
81728 477 0
78916 -477 0
69866 478 0
78916 -478 0
80238 479 0
78916 -479 0
73948 480 0
78916 -480 0
82908 481 0
78916 -481 0
78574 482 0
78916 -482 0
77734 483 0
78916 -483 0
80906 484 0
78916 -484 0
76592 485 0
78916 -485 0
77824 486 0
78916 -486 0
87522 487 0
78916 -487 0
70786 488 0
78916 -488 0
77042 489 0
78916 -489 0
72446 490 0
78916 -490 0
80954 491 0
78916 -491 0
78410 492 0
78916 -492 0
80264 493 0
78916 -493 0
78476 494 0
78916 -494 0
57200 17 0
78916 -17 0
75434 495 0
78916 -495 0
81224 496 0
78916 -496 0
77474 497 0
78916 -497 0
70990 498 0
78916 -498 0
81454 499 0
78916 -499 0
88370 500 0
78916 -500 0
86688 501 0
78916 -501 0
81292 502 0
78916 -502 0
83286 503 0
78916 -503 0
70234 504 0
78916 -504 0
78406 505 0
78916 -505 0
81188 506 0
78916 -506 0
79880 507 0
78916 -507 0
83462 508 0
78916 -508 0
78278 509 0
78916 -509 0
77308 510 0
78916 -510 0
82522 511 0
78916 -511 0
83502 512 0
78916 -512 0
79974 513 0
78916 -513 0
78956 514 0
78916 -514 0
44560 18 0
78916 -18 0
77590 515 0
78916 -515 0
89092 516 0
78916 -516 0
84454 517 0
78916 -517 0
90038 518 0
78916 -518 0
75234 519 0
78916 -519 0
86142 520 0
78916 -520 0
73428 521 0
78916 -521 0
77504 522 0
78916 -522 0
85068 523 0
78916 -523 0
75800 524 0
78916 -524 0
89610 525 0
78916 -525 0
77470 526 0
78916 -526 0
80622 527 0
78916 -527 0
83066 528 0
78916 -528 0
80262 529 0
78916 -529 0
81724 530 0
78916 -530 0
80860 531 0
78916 -531 0
83742 532 0
78916 -532 0
79196 533 0
78916 -533 0
69114 19 0
78916 -19 0
87232 534 0
78916 -534 0
92466 535 0
78916 -535 0
86636 536 0
78916 -536 0
80034 537 0
78916 -537 0
73006 538 0
78916 -538 0
80366 539 0
78916 -539 0
86338 540 0
78916 -540 0
86348 541 0
78916 -541 0
69588 542 0
78916 -542 0
71292 543 0
78916 -543 0
78474 544 0
78916 -544 0
86632 545 0
78916 -545 0
79908 546 0
78916 -546 0
78574 547 0
78916 -547 0
80222 548 0
78916 -548 0
81506 549 0
78916 -549 0
78396 550 0
78916 -550 0
78976 551 0
78916 -551 0
68493 20 0
78916 -20 0
60080 552 0
78916 -552 0
70388 553 0
78916 -553 0
81204 554 0
78916 -554 0
67982 555 0
78916 -555 0
71110 556 0
78916 -556 0
78788 557 0
78916 -557 0
72922 558 0
78916 -558 0
82748 559 0
78916 -559 0
80330 560 0
78916 -560 0
80492 561 0
78916 -561 0
84384 562 0
78916 -562 0
77362 563 0
78916 -563 0
79010 564 0
78916 -564 0
76822 565 0
78916 -565 0
77382 566 0
78916 -566 0
75316 567 0
78916 -567 0
78736 568 0
78916 -568 0
67245 21 0
78916 -21 0
71746 569 0
78916 -569 0
79418 570 0
78916 -570 0
75744 571 0
78916 -571 0
77002 572 0
78916 -572 0
80396 573 0
78916 -573 0
72788 574 0
78916 -574 0
89066 575 0
78916 -575 0
76714 576 0
78916 -576 0
86612 577 0
78916 -577 0
79116 578 0
78916 -578 0
77056 579 0
78916 -579 0
78400 580 0
78916 -580 0
77816 581 0
78916 -581 0
78284 582 0
78916 -582 0
77730 583 0
78916 -583 0
78646 584 0
78916 -584 0
77777 22 0
78916 -22 0
80698 585 0
78916 -585 0
70588 586 0
78916 -586 0
71778 587 0
78916 -587 0
76976 588 0
78916 -588 0
80490 589 0
78916 -589 0
85144 590 0
78916 -590 0
68472 591 0
78916 -591 0
81520 592 0
78916 -592 0
83850 593 0
78916 -593 0
79914 594 0
78916 -594 0
78448 595 0
78916 -595 0
74412 596 0
78916 -596 0
71976 597 0
78916 -597 0
73900 598 0
78916 -598 0
78476 599 0
78916 -599 0
66974 23 0
78916 -23 0
75100 600 0
78916 -600 0
80064 601 0
78916 -601 0
75006 602 0
78916 -602 0
82172 603 0
78916 -603 0
79472 604 0
78916 -604 0
81288 605 0
78916 -605 0
79094 606 0
78916 -606 0
69982 607 0
78916 -607 0
74498 608 0
78916 -608 0
75590 609 0
78916 -609 0
76960 610 0
78916 -610 0
80492 611 0
78916 -611 0
78020 612 0
78916 -612 0
79026 613 0
78916 -613 0
78417 24 0
78916 -24 0
71646 614 0
78916 -614 0
80900 615 0
78916 -615 0
83644 616 0
78916 -616 0
73376 617 0
78916 -617 0
74174 618 0
78916 -618 0
84102 619 0
78916 -619 0
85520 620 0
78916 -620 0
80292 621 0
78916 -621 0
74630 622 0
78916 -622 0
76768 623 0
78916 -623 0
76152 624 0
78916 -624 0
74560 625 0
78916 -625 0
78466 626 0
78916 -626 0
76205 25 0
78916 -25 0
73854 627 0
78916 -627 0
77166 628 0
78916 -628 0
71808 629 0
78916 -629 0
77562 630 0
78916 -630 0
76442 631 0
78916 -631 0
89588 632 0
78916 -632 0
80008 633 0
78916 -633 0
76098 634 0
78916 -634 0
77450 635 0
78916 -635 0
76502 636 0
78916 -636 0
73944 637 0
78916 -637 0
78676 638 0
78916 -638 0
75944 26 0
78916 -26 0
70464 639 0
78916 -639 0
82960 640 0
78916 -640 0
78078 641 0
78916 -641 0
71870 642 0
78916 -642 0
71956 643 0
78916 -643 0
74432 644 0
78916 -644 0
79010 645 0
78916 -645 0
75088 646 0
78916 -646 0
79072 647 0
78916 -647 0
75944 648 0
78916 -648 0
79206 649 0
78916 -649 0
75885 27 0
78916 -27 0
86636 650 0
78916 -650 0
75176 651 0
78916 -651 0
75638 652 0
78916 -652 0
76890 653 0
78916 -653 0
69528 654 0
78916 -654 0
79014 655 0
78916 -655 0
78050 656 0
78916 -656 0
83150 657 0
78916 -657 0
75520 658 0
78916 -658 0
79116 659 0
78916 -659 0
70442 28 0
78916 -28 0
79680 660 0
78916 -660 0
78258 661 0
78916 -661 0
87430 662 0
78916 -662 0
82762 663 0
78916 -663 0
73046 664 0
78916 -664 0
81374 665 0
78916 -665 0
79014 666 0
78916 -666 0
77272 667 0
78916 -667 0
78636 668 0
78916 -668 0
93248 29 0
78916 -29 0
83814 669 0
78916 -669 0
82038 670 0
78916 -670 0
74774 671 0
78916 -671 0
75404 672 0
78916 -672 0
77828 673 0
78916 -673 0
78684 674 0
78916 -674 0
74298 675 0
78916 -675 0
78526 676 0
78916 -676 0
69266 30 0
78916 -30 0
77936 677 0
78916 -677 0
79428 678 0
78916 -678 0
83130 679 0
78916 -679 0
75706 680 0
78916 -680 0
78158 681 0
78916 -681 0
77048 682 0
78916 -682 0
79416 683 0
78916 -683 0
63673 31 0
78916 -31 0
75590 684 0
78916 -684 0
78236 685 0
78916 -685 0
77568 686 0
78916 -686 0
80372 687 0
78916 -687 0
81592 688 0
78916 -688 0
79196 689 0
78916 -689 0
79703 32 0
78916 -32 0
77908 690 0
78916 -690 0
78968 691 0
78916 -691 0
83864 692 0
78916 -692 0
77642 693 0
78916 -693 0
79106 694 0
78916 -694 0
80537 33 0
78916 -33 0
80246 695 0
78916 -695 0
79950 696 0
78916 -696 0
77162 697 0
78916 -697 0
78566 698 0
78916 -698 0
80529 34 0
78916 -34 0
77190 699 0
78916 -699 0
76960 700 0
78916 -700 0
79016 701 0
78916 -701 0
77581 35 0
78916 -35 0
77616 702 0
78916 -702 0
78636 703 0
78916 -703 0
85693 36 0
78916 -36 0
78776 704 0
78916 -704 0
79431 37 0
78916 -37 0
