c
c Generated WCNF file
c
p wcnf 631 3046 69508
69508 36 0
69508 -37 1 0
69508 -37 2 0
69508 37 -1 -2 0
69508 -38 1 0
69508 -38 3 0
69508 38 -1 -3 0
69508 -39 1 0
69508 -39 4 0
69508 39 -1 -4 0
69508 -40 1 0
69508 -40 5 0
69508 40 -1 -5 0
69508 -41 1 0
69508 -41 6 0
69508 41 -1 -6 0
69508 -42 1 0
69508 -42 7 0
69508 42 -1 -7 0
69508 -43 1 0
69508 -43 8 0
69508 43 -1 -8 0
69508 -44 1 0
69508 -44 9 0
69508 44 -1 -9 0
69508 -45 1 0
69508 -45 10 0
69508 45 -1 -10 0
69508 -46 1 0
69508 -46 11 0
69508 46 -1 -11 0
69508 -47 1 0
69508 -47 12 0
69508 47 -1 -12 0
69508 -48 1 0
69508 -48 13 0
69508 48 -1 -13 0
69508 -49 1 0
69508 -49 14 0
69508 49 -1 -14 0
69508 -50 1 0
69508 -50 15 0
69508 50 -1 -15 0
69508 -51 1 0
69508 -51 16 0
69508 51 -1 -16 0
69508 -52 1 0
69508 -52 17 0
69508 52 -1 -17 0
69508 -53 1 0
69508 -53 18 0
69508 53 -1 -18 0
69508 -54 1 0
69508 -54 19 0
69508 54 -1 -19 0
69508 -55 1 0
69508 -55 20 0
69508 55 -1 -20 0
69508 -56 1 0
69508 -56 21 0
69508 56 -1 -21 0
69508 -57 1 0
69508 -57 22 0
69508 57 -1 -22 0
69508 -58 1 0
69508 -58 23 0
69508 58 -1 -23 0
69508 -59 1 0
69508 -59 24 0
69508 59 -1 -24 0
69508 -60 1 0
69508 -60 25 0
69508 60 -1 -25 0
69508 -61 1 0
69508 -61 26 0
69508 61 -1 -26 0
69508 -62 1 0
69508 -62 27 0
69508 62 -1 -27 0
69508 -63 1 0
69508 -63 28 0
69508 63 -1 -28 0
69508 -64 1 0
69508 -64 29 0
69508 64 -1 -29 0
69508 -65 1 0
69508 -65 30 0
69508 65 -1 -30 0
69508 -66 1 0
69508 -66 31 0
69508 66 -1 -31 0
69508 -67 1 0
69508 -67 32 0
69508 67 -1 -32 0
69508 -68 1 0
69508 -68 33 0
69508 68 -1 -33 0
69508 -69 1 0
69508 -69 34 0
69508 69 -1 -34 0
69508 -70 1 0
69508 -70 35 0
69508 70 -1 -35 0
69508 -71 2 0
69508 -71 3 0
69508 71 -2 -3 0
69508 -72 2 0
69508 -72 4 0
69508 72 -2 -4 0
69508 -73 2 0
69508 -73 5 0
69508 73 -2 -5 0
69508 -74 2 0
69508 -74 6 0
69508 74 -2 -6 0
69508 -75 2 0
69508 -75 7 0
69508 75 -2 -7 0
69508 -76 2 0
69508 -76 8 0
69508 76 -2 -8 0
69508 -77 2 0
69508 -77 9 0
69508 77 -2 -9 0
69508 -78 2 0
69508 -78 10 0
69508 78 -2 -10 0
69508 -79 2 0
69508 -79 11 0
69508 79 -2 -11 0
69508 -80 2 0
69508 -80 12 0
69508 80 -2 -12 0
69508 -81 2 0
69508 -81 13 0
69508 81 -2 -13 0
69508 -82 2 0
69508 -82 14 0
69508 82 -2 -14 0
69508 -83 2 0
69508 -83 15 0
69508 83 -2 -15 0
69508 -84 2 0
69508 -84 16 0
69508 84 -2 -16 0
69508 -85 2 0
69508 -85 17 0
69508 85 -2 -17 0
69508 -86 2 0
69508 -86 18 0
69508 86 -2 -18 0
69508 -87 2 0
69508 -87 19 0
69508 87 -2 -19 0
69508 -88 2 0
69508 -88 20 0
69508 88 -2 -20 0
69508 -89 2 0
69508 -89 21 0
69508 89 -2 -21 0
69508 -90 2 0
69508 -90 22 0
69508 90 -2 -22 0
69508 -91 2 0
69508 -91 23 0
69508 91 -2 -23 0
69508 -92 2 0
69508 -92 24 0
69508 92 -2 -24 0
69508 -93 2 0
69508 -93 25 0
69508 93 -2 -25 0
69508 -94 2 0
69508 -94 26 0
69508 94 -2 -26 0
69508 -95 2 0
69508 -95 27 0
69508 95 -2 -27 0
69508 -96 2 0
69508 -96 28 0
69508 96 -2 -28 0
69508 -97 2 0
69508 -97 29 0
69508 97 -2 -29 0
69508 -98 2 0
69508 -98 30 0
69508 98 -2 -30 0
69508 -99 2 0
69508 -99 31 0
69508 99 -2 -31 0
69508 -100 2 0
69508 -100 32 0
69508 100 -2 -32 0
69508 -101 2 0
69508 -101 33 0
69508 101 -2 -33 0
69508 -102 2 0
69508 -102 34 0
69508 102 -2 -34 0
69508 -103 2 0
69508 -103 35 0
69508 103 -2 -35 0
69508 -104 3 0
69508 -104 4 0
69508 104 -3 -4 0
69508 -105 3 0
69508 -105 5 0
69508 105 -3 -5 0
69508 -106 3 0
69508 -106 6 0
69508 106 -3 -6 0
69508 -107 3 0
69508 -107 7 0
69508 107 -3 -7 0
69508 -108 3 0
69508 -108 8 0
69508 108 -3 -8 0
69508 -109 3 0
69508 -109 9 0
69508 109 -3 -9 0
69508 -110 3 0
69508 -110 10 0
69508 110 -3 -10 0
69508 -111 3 0
69508 -111 11 0
69508 111 -3 -11 0
69508 -112 3 0
69508 -112 12 0
69508 112 -3 -12 0
69508 -113 3 0
69508 -113 13 0
69508 113 -3 -13 0
69508 -114 3 0
69508 -114 14 0
69508 114 -3 -14 0
69508 -115 3 0
69508 -115 15 0
69508 115 -3 -15 0
69508 -116 3 0
69508 -116 16 0
69508 116 -3 -16 0
69508 -117 3 0
69508 -117 17 0
69508 117 -3 -17 0
69508 -118 3 0
69508 -118 18 0
69508 118 -3 -18 0
69508 -119 3 0
69508 -119 19 0
69508 119 -3 -19 0
69508 -120 3 0
69508 -120 20 0
69508 120 -3 -20 0
69508 -121 3 0
69508 -121 21 0
69508 121 -3 -21 0
69508 -122 3 0
69508 -122 22 0
69508 122 -3 -22 0
69508 -123 3 0
69508 -123 23 0
69508 123 -3 -23 0
69508 -124 3 0
69508 -124 24 0
69508 124 -3 -24 0
69508 -125 3 0
69508 -125 25 0
69508 125 -3 -25 0
69508 -126 3 0
69508 -126 26 0
69508 126 -3 -26 0
69508 -127 3 0
69508 -127 27 0
69508 127 -3 -27 0
69508 -128 3 0
69508 -128 28 0
69508 128 -3 -28 0
69508 -129 3 0
69508 -129 29 0
69508 129 -3 -29 0
69508 -130 3 0
69508 -130 30 0
69508 130 -3 -30 0
69508 -131 3 0
69508 -131 31 0
69508 131 -3 -31 0
69508 -132 3 0
69508 -132 32 0
69508 132 -3 -32 0
69508 -133 3 0
69508 -133 33 0
69508 133 -3 -33 0
69508 -134 3 0
69508 -134 34 0
69508 134 -3 -34 0
69508 -135 3 0
69508 -135 35 0
69508 135 -3 -35 0
69508 -136 4 0
69508 -136 5 0
69508 136 -4 -5 0
69508 -137 4 0
69508 -137 6 0
69508 137 -4 -6 0
69508 -138 4 0
69508 -138 7 0
69508 138 -4 -7 0
69508 -139 4 0
69508 -139 8 0
69508 139 -4 -8 0
69508 -140 4 0
69508 -140 9 0
69508 140 -4 -9 0
69508 -141 4 0
69508 -141 10 0
69508 141 -4 -10 0
69508 -142 4 0
69508 -142 11 0
69508 142 -4 -11 0
69508 -143 4 0
69508 -143 12 0
69508 143 -4 -12 0
69508 -144 4 0
69508 -144 13 0
69508 144 -4 -13 0
69508 -145 4 0
69508 -145 14 0
69508 145 -4 -14 0
69508 -146 4 0
69508 -146 15 0
69508 146 -4 -15 0
69508 -147 4 0
69508 -147 16 0
69508 147 -4 -16 0
69508 -148 4 0
69508 -148 17 0
69508 148 -4 -17 0
69508 -149 4 0
69508 -149 18 0
69508 149 -4 -18 0
69508 -150 4 0
69508 -150 19 0
69508 150 -4 -19 0
69508 -151 4 0
69508 -151 20 0
69508 151 -4 -20 0
69508 -152 4 0
69508 -152 21 0
69508 152 -4 -21 0
69508 -153 4 0
69508 -153 22 0
69508 153 -4 -22 0
69508 -154 4 0
69508 -154 23 0
69508 154 -4 -23 0
69508 -155 4 0
69508 -155 24 0
69508 155 -4 -24 0
69508 -156 4 0
69508 -156 25 0
69508 156 -4 -25 0
69508 -157 4 0
69508 -157 26 0
69508 157 -4 -26 0
69508 -158 4 0
69508 -158 27 0
69508 158 -4 -27 0
69508 -159 4 0
69508 -159 28 0
69508 159 -4 -28 0
69508 -160 4 0
69508 -160 29 0
69508 160 -4 -29 0
69508 -161 4 0
69508 -161 30 0
69508 161 -4 -30 0
69508 -162 4 0
69508 -162 31 0
69508 162 -4 -31 0
69508 -163 4 0
69508 -163 32 0
69508 163 -4 -32 0
69508 -164 4 0
69508 -164 33 0
69508 164 -4 -33 0
69508 -165 4 0
69508 -165 34 0
69508 165 -4 -34 0
69508 -166 4 0
69508 -166 35 0
69508 166 -4 -35 0
69508 -167 5 0
69508 -167 6 0
69508 167 -5 -6 0
69508 -168 5 0
69508 -168 7 0
69508 168 -5 -7 0
69508 -169 5 0
69508 -169 8 0
69508 169 -5 -8 0
69508 -170 5 0
69508 -170 9 0
69508 170 -5 -9 0
69508 -171 5 0
69508 -171 10 0
69508 171 -5 -10 0
69508 -172 5 0
69508 -172 11 0
69508 172 -5 -11 0
69508 -173 5 0
69508 -173 12 0
69508 173 -5 -12 0
69508 -174 5 0
69508 -174 13 0
69508 174 -5 -13 0
69508 -175 5 0
69508 -175 14 0
69508 175 -5 -14 0
69508 -176 5 0
69508 -176 15 0
69508 176 -5 -15 0
69508 -177 5 0
69508 -177 16 0
69508 177 -5 -16 0
69508 -178 5 0
69508 -178 17 0
69508 178 -5 -17 0
69508 -179 5 0
69508 -179 18 0
69508 179 -5 -18 0
69508 -180 5 0
69508 -180 19 0
69508 180 -5 -19 0
69508 -181 5 0
69508 -181 20 0
69508 181 -5 -20 0
69508 -182 5 0
69508 -182 21 0
69508 182 -5 -21 0
69508 -183 5 0
69508 -183 22 0
69508 183 -5 -22 0
69508 -184 5 0
69508 -184 23 0
69508 184 -5 -23 0
69508 -185 5 0
69508 -185 24 0
69508 185 -5 -24 0
69508 -186 5 0
69508 -186 25 0
69508 186 -5 -25 0
69508 -187 5 0
69508 -187 26 0
69508 187 -5 -26 0
69508 -188 5 0
69508 -188 27 0
69508 188 -5 -27 0
69508 -189 5 0
69508 -189 28 0
69508 189 -5 -28 0
69508 -190 5 0
69508 -190 29 0
69508 190 -5 -29 0
69508 -191 5 0
69508 -191 30 0
69508 191 -5 -30 0
69508 -192 5 0
69508 -192 31 0
69508 192 -5 -31 0
69508 -193 5 0
69508 -193 32 0
69508 193 -5 -32 0
69508 -194 5 0
69508 -194 33 0
69508 194 -5 -33 0
69508 -195 5 0
69508 -195 34 0
69508 195 -5 -34 0
69508 -196 5 0
69508 -196 35 0
69508 196 -5 -35 0
69508 -197 6 0
69508 -197 7 0
69508 197 -6 -7 0
69508 -198 6 0
69508 -198 8 0
69508 198 -6 -8 0
69508 -199 6 0
69508 -199 9 0
69508 199 -6 -9 0
69508 -200 6 0
69508 -200 10 0
69508 200 -6 -10 0
69508 -201 6 0
69508 -201 11 0
69508 201 -6 -11 0
69508 -202 6 0
69508 -202 12 0
69508 202 -6 -12 0
69508 -203 6 0
69508 -203 13 0
69508 203 -6 -13 0
69508 -204 6 0
69508 -204 14 0
69508 204 -6 -14 0
69508 -205 6 0
69508 -205 15 0
69508 205 -6 -15 0
69508 -206 6 0
69508 -206 16 0
69508 206 -6 -16 0
69508 -207 6 0
69508 -207 17 0
69508 207 -6 -17 0
69508 -208 6 0
69508 -208 18 0
69508 208 -6 -18 0
69508 -209 6 0
69508 -209 19 0
69508 209 -6 -19 0
69508 -210 6 0
69508 -210 20 0
69508 210 -6 -20 0
69508 -211 6 0
69508 -211 21 0
69508 211 -6 -21 0
69508 -212 6 0
69508 -212 22 0
69508 212 -6 -22 0
69508 -213 6 0
69508 -213 23 0
69508 213 -6 -23 0
69508 -214 6 0
69508 -214 24 0
69508 214 -6 -24 0
69508 -215 6 0
69508 -215 25 0
69508 215 -6 -25 0
69508 -216 6 0
69508 -216 26 0
69508 216 -6 -26 0
69508 -217 6 0
69508 -217 27 0
69508 217 -6 -27 0
69508 -218 6 0
69508 -218 28 0
69508 218 -6 -28 0
69508 -219 6 0
69508 -219 29 0
69508 219 -6 -29 0
69508 -220 6 0
69508 -220 30 0
69508 220 -6 -30 0
69508 -221 6 0
69508 -221 31 0
69508 221 -6 -31 0
69508 -222 6 0
69508 -222 32 0
69508 222 -6 -32 0
69508 -223 6 0
69508 -223 33 0
69508 223 -6 -33 0
69508 -224 6 0
69508 -224 34 0
69508 224 -6 -34 0
69508 -225 6 0
69508 -225 35 0
69508 225 -6 -35 0
69508 -226 7 0
69508 -226 8 0
69508 226 -7 -8 0
69508 -227 7 0
69508 -227 9 0
69508 227 -7 -9 0
69508 -228 7 0
69508 -228 10 0
69508 228 -7 -10 0
69508 -229 7 0
69508 -229 11 0
69508 229 -7 -11 0
69508 -230 7 0
69508 -230 12 0
69508 230 -7 -12 0
69508 -231 7 0
69508 -231 13 0
69508 231 -7 -13 0
69508 -232 7 0
69508 -232 14 0
69508 232 -7 -14 0
69508 -233 7 0
69508 -233 15 0
69508 233 -7 -15 0
69508 -234 7 0
69508 -234 16 0
69508 234 -7 -16 0
69508 -235 7 0
69508 -235 17 0
69508 235 -7 -17 0
69508 -236 7 0
69508 -236 18 0
69508 236 -7 -18 0
69508 -237 7 0
69508 -237 19 0
69508 237 -7 -19 0
69508 -238 7 0
69508 -238 20 0
69508 238 -7 -20 0
69508 -239 7 0
69508 -239 21 0
69508 239 -7 -21 0
69508 -240 7 0
69508 -240 22 0
69508 240 -7 -22 0
69508 -241 7 0
69508 -241 23 0
69508 241 -7 -23 0
69508 -242 7 0
69508 -242 24 0
69508 242 -7 -24 0
69508 -243 7 0
69508 -243 25 0
69508 243 -7 -25 0
69508 -244 7 0
69508 -244 26 0
69508 244 -7 -26 0
69508 -245 7 0
69508 -245 27 0
69508 245 -7 -27 0
69508 -246 7 0
69508 -246 28 0
69508 246 -7 -28 0
69508 -247 7 0
69508 -247 29 0
69508 247 -7 -29 0
69508 -248 7 0
69508 -248 30 0
69508 248 -7 -30 0
69508 -249 7 0
69508 -249 31 0
69508 249 -7 -31 0
69508 -250 7 0
69508 -250 32 0
69508 250 -7 -32 0
69508 -251 7 0
69508 -251 33 0
69508 251 -7 -33 0
69508 -252 7 0
69508 -252 34 0
69508 252 -7 -34 0
69508 -253 7 0
69508 -253 35 0
69508 253 -7 -35 0
69508 -254 8 0
69508 -254 9 0
69508 254 -8 -9 0
69508 -255 8 0
69508 -255 10 0
69508 255 -8 -10 0
69508 -256 8 0
69508 -256 11 0
69508 256 -8 -11 0
69508 -257 8 0
69508 -257 12 0
69508 257 -8 -12 0
69508 -258 8 0
69508 -258 13 0
69508 258 -8 -13 0
69508 -259 8 0
69508 -259 14 0
69508 259 -8 -14 0
69508 -260 8 0
69508 -260 15 0
69508 260 -8 -15 0
69508 -261 8 0
69508 -261 16 0
69508 261 -8 -16 0
69508 -262 8 0
69508 -262 17 0
69508 262 -8 -17 0
69508 -263 8 0
69508 -263 18 0
69508 263 -8 -18 0
69508 -264 8 0
69508 -264 19 0
69508 264 -8 -19 0
69508 -265 8 0
69508 -265 20 0
69508 265 -8 -20 0
69508 -266 8 0
69508 -266 21 0
69508 266 -8 -21 0
69508 -267 8 0
69508 -267 22 0
69508 267 -8 -22 0
69508 -268 8 0
69508 -268 23 0
69508 268 -8 -23 0
69508 -269 8 0
69508 -269 24 0
69508 269 -8 -24 0
69508 -270 8 0
69508 -270 25 0
69508 270 -8 -25 0
69508 -271 8 0
69508 -271 26 0
69508 271 -8 -26 0
69508 -272 8 0
69508 -272 27 0
69508 272 -8 -27 0
69508 -273 8 0
69508 -273 28 0
69508 273 -8 -28 0
69508 -274 8 0
69508 -274 29 0
69508 274 -8 -29 0
69508 -275 8 0
69508 -275 30 0
69508 275 -8 -30 0
69508 -276 8 0
69508 -276 31 0
69508 276 -8 -31 0
69508 -277 8 0
69508 -277 32 0
69508 277 -8 -32 0
69508 -278 8 0
69508 -278 33 0
69508 278 -8 -33 0
69508 -279 8 0
69508 -279 34 0
69508 279 -8 -34 0
69508 -280 8 0
69508 -280 35 0
69508 280 -8 -35 0
69508 -281 9 0
69508 -281 10 0
69508 281 -9 -10 0
69508 -282 9 0
69508 -282 11 0
69508 282 -9 -11 0
69508 -283 9 0
69508 -283 12 0
69508 283 -9 -12 0
69508 -284 9 0
69508 -284 13 0
69508 284 -9 -13 0
69508 -285 9 0
69508 -285 14 0
69508 285 -9 -14 0
69508 -286 9 0
69508 -286 15 0
69508 286 -9 -15 0
69508 -287 9 0
69508 -287 16 0
69508 287 -9 -16 0
69508 -288 9 0
69508 -288 17 0
69508 288 -9 -17 0
69508 -289 9 0
69508 -289 18 0
69508 289 -9 -18 0
69508 -290 9 0
69508 -290 19 0
69508 290 -9 -19 0
69508 -291 9 0
69508 -291 20 0
69508 291 -9 -20 0
69508 -292 9 0
69508 -292 21 0
69508 292 -9 -21 0
69508 -293 9 0
69508 -293 22 0
69508 293 -9 -22 0
69508 -294 9 0
69508 -294 23 0
69508 294 -9 -23 0
69508 -295 9 0
69508 -295 24 0
69508 295 -9 -24 0
69508 -296 9 0
69508 -296 25 0
69508 296 -9 -25 0
69508 -297 9 0
69508 -297 26 0
69508 297 -9 -26 0
69508 -298 9 0
69508 -298 27 0
69508 298 -9 -27 0
69508 -299 9 0
69508 -299 28 0
69508 299 -9 -28 0
69508 -300 9 0
69508 -300 29 0
69508 300 -9 -29 0
69508 -301 9 0
69508 -301 30 0
69508 301 -9 -30 0
69508 -302 9 0
69508 -302 31 0
69508 302 -9 -31 0
69508 -303 9 0
69508 -303 32 0
69508 303 -9 -32 0
69508 -304 9 0
69508 -304 33 0
69508 304 -9 -33 0
69508 -305 9 0
69508 -305 34 0
69508 305 -9 -34 0
69508 -306 9 0
69508 -306 35 0
69508 306 -9 -35 0
69508 -307 10 0
69508 -307 11 0
69508 307 -10 -11 0
69508 -308 10 0
69508 -308 12 0
69508 308 -10 -12 0
69508 -309 10 0
69508 -309 13 0
69508 309 -10 -13 0
69508 -310 10 0
69508 -310 14 0
69508 310 -10 -14 0
69508 -311 10 0
69508 -311 15 0
69508 311 -10 -15 0
69508 -312 10 0
69508 -312 16 0
69508 312 -10 -16 0
69508 -313 10 0
69508 -313 17 0
69508 313 -10 -17 0
69508 -314 10 0
69508 -314 18 0
69508 314 -10 -18 0
69508 -315 10 0
69508 -315 19 0
69508 315 -10 -19 0
69508 -316 10 0
69508 -316 20 0
69508 316 -10 -20 0
69508 -317 10 0
69508 -317 21 0
69508 317 -10 -21 0
69508 -318 10 0
69508 -318 22 0
69508 318 -10 -22 0
69508 -319 10 0
69508 -319 23 0
69508 319 -10 -23 0
69508 -320 10 0
69508 -320 24 0
69508 320 -10 -24 0
69508 -321 10 0
69508 -321 25 0
69508 321 -10 -25 0
69508 -322 10 0
69508 -322 26 0
69508 322 -10 -26 0
69508 -323 10 0
69508 -323 27 0
69508 323 -10 -27 0
69508 -324 10 0
69508 -324 28 0
69508 324 -10 -28 0
69508 -325 10 0
69508 -325 29 0
69508 325 -10 -29 0
69508 -326 10 0
69508 -326 30 0
69508 326 -10 -30 0
69508 -327 10 0
69508 -327 31 0
69508 327 -10 -31 0
69508 -328 10 0
69508 -328 32 0
69508 328 -10 -32 0
69508 -329 10 0
69508 -329 33 0
69508 329 -10 -33 0
69508 -330 10 0
69508 -330 34 0
69508 330 -10 -34 0
69508 -331 10 0
69508 -331 35 0
69508 331 -10 -35 0
69508 -332 11 0
69508 -332 12 0
69508 332 -11 -12 0
69508 -333 11 0
69508 -333 13 0
69508 333 -11 -13 0
69508 -334 11 0
69508 -334 14 0
69508 334 -11 -14 0
69508 -335 11 0
69508 -335 15 0
69508 335 -11 -15 0
69508 -336 11 0
69508 -336 16 0
69508 336 -11 -16 0
69508 -337 11 0
69508 -337 17 0
69508 337 -11 -17 0
69508 -338 11 0
69508 -338 18 0
69508 338 -11 -18 0
69508 -339 11 0
69508 -339 19 0
69508 339 -11 -19 0
69508 -340 11 0
69508 -340 20 0
69508 340 -11 -20 0
69508 -341 11 0
69508 -341 21 0
69508 341 -11 -21 0
69508 -342 11 0
69508 -342 22 0
69508 342 -11 -22 0
69508 -343 11 0
69508 -343 23 0
69508 343 -11 -23 0
69508 -344 11 0
69508 -344 24 0
69508 344 -11 -24 0
69508 -345 11 0
69508 -345 25 0
69508 345 -11 -25 0
69508 -346 11 0
69508 -346 26 0
69508 346 -11 -26 0
69508 -347 11 0
69508 -347 27 0
69508 347 -11 -27 0
69508 -348 11 0
69508 -348 28 0
69508 348 -11 -28 0
69508 -349 11 0
69508 -349 29 0
69508 349 -11 -29 0
69508 -350 11 0
69508 -350 30 0
69508 350 -11 -30 0
69508 -351 11 0
69508 -351 31 0
69508 351 -11 -31 0
69508 -352 11 0
69508 -352 32 0
69508 352 -11 -32 0
69508 -353 11 0
69508 -353 33 0
69508 353 -11 -33 0
69508 -354 11 0
69508 -354 34 0
69508 354 -11 -34 0
69508 -355 11 0
69508 -355 35 0
69508 355 -11 -35 0
69508 -356 12 0
69508 -356 13 0
69508 356 -12 -13 0
69508 -357 12 0
69508 -357 14 0
69508 357 -12 -14 0
69508 -358 12 0
69508 -358 15 0
69508 358 -12 -15 0
69508 -359 12 0
69508 -359 16 0
69508 359 -12 -16 0
69508 -360 12 0
69508 -360 17 0
69508 360 -12 -17 0
69508 -361 12 0
69508 -361 18 0
69508 361 -12 -18 0
69508 -362 12 0
69508 -362 19 0
69508 362 -12 -19 0
69508 -363 12 0
69508 -363 20 0
69508 363 -12 -20 0
69508 -364 12 0
69508 -364 21 0
69508 364 -12 -21 0
69508 -365 12 0
69508 -365 22 0
69508 365 -12 -22 0
69508 -366 12 0
69508 -366 23 0
69508 366 -12 -23 0
69508 -367 12 0
69508 -367 24 0
69508 367 -12 -24 0
69508 -368 12 0
69508 -368 25 0
69508 368 -12 -25 0
69508 -369 12 0
69508 -369 26 0
69508 369 -12 -26 0
69508 -370 12 0
69508 -370 27 0
69508 370 -12 -27 0
69508 -371 12 0
69508 -371 28 0
69508 371 -12 -28 0
69508 -372 12 0
69508 -372 29 0
69508 372 -12 -29 0
69508 -373 12 0
69508 -373 30 0
69508 373 -12 -30 0
69508 -374 12 0
69508 -374 31 0
69508 374 -12 -31 0
69508 -375 12 0
69508 -375 32 0
69508 375 -12 -32 0
69508 -376 12 0
69508 -376 33 0
69508 376 -12 -33 0
69508 -377 12 0
69508 -377 34 0
69508 377 -12 -34 0
69508 -378 12 0
69508 -378 35 0
69508 378 -12 -35 0
69508 -379 13 0
69508 -379 14 0
69508 379 -13 -14 0
69508 -380 13 0
69508 -380 15 0
69508 380 -13 -15 0
69508 -381 13 0
69508 -381 16 0
69508 381 -13 -16 0
69508 -382 13 0
69508 -382 17 0
69508 382 -13 -17 0
69508 -383 13 0
69508 -383 18 0
69508 383 -13 -18 0
69508 -384 13 0
69508 -384 19 0
69508 384 -13 -19 0
69508 -385 13 0
69508 -385 20 0
69508 385 -13 -20 0
69508 -386 13 0
69508 -386 21 0
69508 386 -13 -21 0
69508 -387 13 0
69508 -387 22 0
69508 387 -13 -22 0
69508 -388 13 0
69508 -388 23 0
69508 388 -13 -23 0
69508 -389 13 0
69508 -389 24 0
69508 389 -13 -24 0
69508 -390 13 0
69508 -390 25 0
69508 390 -13 -25 0
69508 -391 13 0
69508 -391 26 0
69508 391 -13 -26 0
69508 -392 13 0
69508 -392 27 0
69508 392 -13 -27 0
69508 -393 13 0
69508 -393 28 0
69508 393 -13 -28 0
69508 -394 13 0
69508 -394 29 0
69508 394 -13 -29 0
69508 -395 13 0
69508 -395 30 0
69508 395 -13 -30 0
69508 -396 13 0
69508 -396 31 0
69508 396 -13 -31 0
69508 -397 13 0
69508 -397 32 0
69508 397 -13 -32 0
69508 -398 13 0
69508 -398 33 0
69508 398 -13 -33 0
69508 -399 13 0
69508 -399 34 0
69508 399 -13 -34 0
69508 -400 13 0
69508 -400 35 0
69508 400 -13 -35 0
69508 -401 14 0
69508 -401 15 0
69508 401 -14 -15 0
69508 -402 14 0
69508 -402 16 0
69508 402 -14 -16 0
69508 -403 14 0
69508 -403 17 0
69508 403 -14 -17 0
69508 -404 14 0
69508 -404 18 0
69508 404 -14 -18 0
69508 -405 14 0
69508 -405 19 0
69508 405 -14 -19 0
69508 -406 14 0
69508 -406 20 0
69508 406 -14 -20 0
69508 -407 14 0
69508 -407 21 0
69508 407 -14 -21 0
69508 -408 14 0
69508 -408 22 0
69508 408 -14 -22 0
69508 -409 14 0
69508 -409 23 0
69508 409 -14 -23 0
69508 -410 14 0
69508 -410 24 0
69508 410 -14 -24 0
69508 -411 14 0
69508 -411 25 0
69508 411 -14 -25 0
69508 -412 14 0
69508 -412 26 0
69508 412 -14 -26 0
69508 -413 14 0
69508 -413 27 0
69508 413 -14 -27 0
69508 -414 14 0
69508 -414 28 0
69508 414 -14 -28 0
69508 -415 14 0
69508 -415 29 0
69508 415 -14 -29 0
69508 -416 14 0
69508 -416 30 0
69508 416 -14 -30 0
69508 -417 14 0
69508 -417 31 0
69508 417 -14 -31 0
69508 -418 14 0
69508 -418 32 0
69508 418 -14 -32 0
69508 -419 14 0
69508 -419 33 0
69508 419 -14 -33 0
69508 -420 14 0
69508 -420 34 0
69508 420 -14 -34 0
69508 -421 14 0
69508 -421 35 0
69508 421 -14 -35 0
69508 -422 15 0
69508 -422 16 0
69508 422 -15 -16 0
69508 -423 15 0
69508 -423 17 0
69508 423 -15 -17 0
69508 -424 15 0
69508 -424 18 0
69508 424 -15 -18 0
69508 -425 15 0
69508 -425 19 0
69508 425 -15 -19 0
69508 -426 15 0
69508 -426 20 0
69508 426 -15 -20 0
69508 -427 15 0
69508 -427 21 0
69508 427 -15 -21 0
69508 -428 15 0
69508 -428 22 0
69508 428 -15 -22 0
69508 -429 15 0
69508 -429 23 0
69508 429 -15 -23 0
69508 -430 15 0
69508 -430 24 0
69508 430 -15 -24 0
69508 -431 15 0
69508 -431 25 0
69508 431 -15 -25 0
69508 -432 15 0
69508 -432 26 0
69508 432 -15 -26 0
69508 -433 15 0
69508 -433 27 0
69508 433 -15 -27 0
69508 -434 15 0
69508 -434 28 0
69508 434 -15 -28 0
69508 -435 15 0
69508 -435 29 0
69508 435 -15 -29 0
69508 -436 15 0
69508 -436 30 0
69508 436 -15 -30 0
69508 -437 15 0
69508 -437 31 0
69508 437 -15 -31 0
69508 -438 15 0
69508 -438 32 0
69508 438 -15 -32 0
69508 -439 15 0
69508 -439 33 0
69508 439 -15 -33 0
69508 -440 15 0
69508 -440 34 0
69508 440 -15 -34 0
69508 -441 15 0
69508 -441 35 0
69508 441 -15 -35 0
69508 -442 16 0
69508 -442 17 0
69508 442 -16 -17 0
69508 -443 16 0
69508 -443 18 0
69508 443 -16 -18 0
69508 -444 16 0
69508 -444 19 0
69508 444 -16 -19 0
69508 -445 16 0
69508 -445 20 0
69508 445 -16 -20 0
69508 -446 16 0
69508 -446 21 0
69508 446 -16 -21 0
69508 -447 16 0
69508 -447 22 0
69508 447 -16 -22 0
69508 -448 16 0
69508 -448 23 0
69508 448 -16 -23 0
69508 -449 16 0
69508 -449 24 0
69508 449 -16 -24 0
69508 -450 16 0
69508 -450 25 0
69508 450 -16 -25 0
69508 -451 16 0
69508 -451 26 0
69508 451 -16 -26 0
69508 -452 16 0
69508 -452 27 0
69508 452 -16 -27 0
69508 -453 16 0
69508 -453 28 0
69508 453 -16 -28 0
69508 -454 16 0
69508 -454 29 0
69508 454 -16 -29 0
69508 -455 16 0
69508 -455 30 0
69508 455 -16 -30 0
69508 -456 16 0
69508 -456 31 0
69508 456 -16 -31 0
69508 -457 16 0
69508 -457 32 0
69508 457 -16 -32 0
69508 -458 16 0
69508 -458 33 0
69508 458 -16 -33 0
69508 -459 16 0
69508 -459 34 0
69508 459 -16 -34 0
69508 -460 16 0
69508 -460 35 0
69508 460 -16 -35 0
69508 -461 17 0
69508 -461 18 0
69508 461 -17 -18 0
69508 -462 17 0
69508 -462 19 0
69508 462 -17 -19 0
69508 -463 17 0
69508 -463 20 0
69508 463 -17 -20 0
69508 -464 17 0
69508 -464 21 0
69508 464 -17 -21 0
69508 -465 17 0
69508 -465 22 0
69508 465 -17 -22 0
69508 -466 17 0
69508 -466 23 0
69508 466 -17 -23 0
69508 -467 17 0
69508 -467 24 0
69508 467 -17 -24 0
69508 -468 17 0
69508 -468 25 0
69508 468 -17 -25 0
69508 -469 17 0
69508 -469 26 0
69508 469 -17 -26 0
69508 -470 17 0
69508 -470 27 0
69508 470 -17 -27 0
69508 -471 17 0
69508 -471 28 0
69508 471 -17 -28 0
69508 -472 17 0
69508 -472 29 0
69508 472 -17 -29 0
69508 -473 17 0
69508 -473 30 0
69508 473 -17 -30 0
69508 -474 17 0
69508 -474 31 0
69508 474 -17 -31 0
69508 -475 17 0
69508 -475 32 0
69508 475 -17 -32 0
69508 -476 17 0
69508 -476 33 0
69508 476 -17 -33 0
69508 -477 17 0
69508 -477 34 0
69508 477 -17 -34 0
69508 -478 17 0
69508 -478 35 0
69508 478 -17 -35 0
69508 -479 18 0
69508 -479 19 0
69508 479 -18 -19 0
69508 -480 18 0
69508 -480 20 0
69508 480 -18 -20 0
69508 -481 18 0
69508 -481 21 0
69508 481 -18 -21 0
69508 -482 18 0
69508 -482 22 0
69508 482 -18 -22 0
69508 -483 18 0
69508 -483 23 0
69508 483 -18 -23 0
69508 -484 18 0
69508 -484 24 0
69508 484 -18 -24 0
69508 -485 18 0
69508 -485 25 0
69508 485 -18 -25 0
69508 -486 18 0
69508 -486 26 0
69508 486 -18 -26 0
69508 -487 18 0
69508 -487 27 0
69508 487 -18 -27 0
69508 -488 18 0
69508 -488 28 0
69508 488 -18 -28 0
69508 -489 18 0
69508 -489 29 0
69508 489 -18 -29 0
69508 -490 18 0
69508 -490 30 0
69508 490 -18 -30 0
69508 -491 18 0
69508 -491 31 0
69508 491 -18 -31 0
69508 -492 18 0
69508 -492 32 0
69508 492 -18 -32 0
69508 -493 18 0
69508 -493 33 0
69508 493 -18 -33 0
69508 -494 18 0
69508 -494 34 0
69508 494 -18 -34 0
69508 -495 18 0
69508 -495 35 0
69508 495 -18 -35 0
69508 -496 19 0
69508 -496 20 0
69508 496 -19 -20 0
69508 -497 19 0
69508 -497 21 0
69508 497 -19 -21 0
69508 -498 19 0
69508 -498 22 0
69508 498 -19 -22 0
69508 -499 19 0
69508 -499 23 0
69508 499 -19 -23 0
69508 -500 19 0
69508 -500 24 0
69508 500 -19 -24 0
69508 -501 19 0
69508 -501 25 0
69508 501 -19 -25 0
69508 -502 19 0
69508 -502 26 0
69508 502 -19 -26 0
69508 -503 19 0
69508 -503 27 0
69508 503 -19 -27 0
69508 -504 19 0
69508 -504 28 0
69508 504 -19 -28 0
69508 -505 19 0
69508 -505 29 0
69508 505 -19 -29 0
69508 -506 19 0
69508 -506 30 0
69508 506 -19 -30 0
69508 -507 19 0
69508 -507 31 0
69508 507 -19 -31 0
69508 -508 19 0
69508 -508 32 0
69508 508 -19 -32 0
69508 -509 19 0
69508 -509 33 0
69508 509 -19 -33 0
69508 -510 19 0
69508 -510 34 0
69508 510 -19 -34 0
69508 -511 19 0
69508 -511 35 0
69508 511 -19 -35 0
69508 -512 20 0
69508 -512 21 0
69508 512 -20 -21 0
69508 -513 20 0
69508 -513 22 0
69508 513 -20 -22 0
69508 -514 20 0
69508 -514 23 0
69508 514 -20 -23 0
69508 -515 20 0
69508 -515 24 0
69508 515 -20 -24 0
69508 -516 20 0
69508 -516 25 0
69508 516 -20 -25 0
69508 -517 20 0
69508 -517 26 0
69508 517 -20 -26 0
69508 -518 20 0
69508 -518 27 0
69508 518 -20 -27 0
69508 -519 20 0
69508 -519 28 0
69508 519 -20 -28 0
69508 -520 20 0
69508 -520 29 0
69508 520 -20 -29 0
69508 -521 20 0
69508 -521 30 0
69508 521 -20 -30 0
69508 -522 20 0
69508 -522 31 0
69508 522 -20 -31 0
69508 -523 20 0
69508 -523 32 0
69508 523 -20 -32 0
69508 -524 20 0
69508 -524 33 0
69508 524 -20 -33 0
69508 -525 20 0
69508 -525 34 0
69508 525 -20 -34 0
69508 -526 20 0
69508 -526 35 0
69508 526 -20 -35 0
69508 -527 21 0
69508 -527 22 0
69508 527 -21 -22 0
69508 -528 21 0
69508 -528 23 0
69508 528 -21 -23 0
69508 -529 21 0
69508 -529 24 0
69508 529 -21 -24 0
69508 -530 21 0
69508 -530 25 0
69508 530 -21 -25 0
69508 -531 21 0
69508 -531 26 0
69508 531 -21 -26 0
69508 -532 21 0
69508 -532 27 0
69508 532 -21 -27 0
69508 -533 21 0
69508 -533 28 0
69508 533 -21 -28 0
69508 -534 21 0
69508 -534 29 0
69508 534 -21 -29 0
69508 -535 21 0
69508 -535 30 0
69508 535 -21 -30 0
69508 -536 21 0
69508 -536 31 0
69508 536 -21 -31 0
69508 -537 21 0
69508 -537 32 0
69508 537 -21 -32 0
69508 -538 21 0
69508 -538 33 0
69508 538 -21 -33 0
69508 -539 21 0
69508 -539 34 0
69508 539 -21 -34 0
69508 -540 21 0
69508 -540 35 0
69508 540 -21 -35 0
69508 -541 22 0
69508 -541 23 0
69508 541 -22 -23 0
69508 -542 22 0
69508 -542 24 0
69508 542 -22 -24 0
69508 -543 22 0
69508 -543 25 0
69508 543 -22 -25 0
69508 -544 22 0
69508 -544 26 0
69508 544 -22 -26 0
69508 -545 22 0
69508 -545 27 0
69508 545 -22 -27 0
69508 -546 22 0
69508 -546 28 0
69508 546 -22 -28 0
69508 -547 22 0
69508 -547 29 0
69508 547 -22 -29 0
69508 -548 22 0
69508 -548 30 0
69508 548 -22 -30 0
69508 -549 22 0
69508 -549 31 0
69508 549 -22 -31 0
69508 -550 22 0
69508 -550 32 0
69508 550 -22 -32 0
69508 -551 22 0
69508 -551 33 0
69508 551 -22 -33 0
69508 -552 22 0
69508 -552 34 0
69508 552 -22 -34 0
69508 -553 22 0
69508 -553 35 0
69508 553 -22 -35 0
69508 -554 23 0
69508 -554 24 0
69508 554 -23 -24 0
69508 -555 23 0
69508 -555 25 0
69508 555 -23 -25 0
69508 -556 23 0
69508 -556 26 0
69508 556 -23 -26 0
69508 -557 23 0
69508 -557 27 0
69508 557 -23 -27 0
69508 -558 23 0
69508 -558 28 0
69508 558 -23 -28 0
69508 -559 23 0
69508 -559 29 0
69508 559 -23 -29 0
69508 -560 23 0
69508 -560 30 0
69508 560 -23 -30 0
69508 -561 23 0
69508 -561 31 0
69508 561 -23 -31 0
69508 -562 23 0
69508 -562 32 0
69508 562 -23 -32 0
69508 -563 23 0
69508 -563 33 0
69508 563 -23 -33 0
69508 -564 23 0
69508 -564 34 0
69508 564 -23 -34 0
69508 -565 23 0
69508 -565 35 0
69508 565 -23 -35 0
69508 -566 24 0
69508 -566 25 0
69508 566 -24 -25 0
69508 -567 24 0
69508 -567 26 0
69508 567 -24 -26 0
69508 -568 24 0
69508 -568 27 0
69508 568 -24 -27 0
69508 -569 24 0
69508 -569 28 0
69508 569 -24 -28 0
69508 -570 24 0
69508 -570 29 0
69508 570 -24 -29 0
69508 -571 24 0
69508 -571 30 0
69508 571 -24 -30 0
69508 -572 24 0
69508 -572 31 0
69508 572 -24 -31 0
69508 -573 24 0
69508 -573 32 0
69508 573 -24 -32 0
69508 -574 24 0
69508 -574 33 0
69508 574 -24 -33 0
69508 -575 24 0
69508 -575 34 0
69508 575 -24 -34 0
69508 -576 24 0
69508 -576 35 0
69508 576 -24 -35 0
69508 -577 25 0
69508 -577 26 0
69508 577 -25 -26 0
69508 -578 25 0
69508 -578 27 0
69508 578 -25 -27 0
69508 -579 25 0
69508 -579 28 0
69508 579 -25 -28 0
69508 -580 25 0
69508 -580 29 0
69508 580 -25 -29 0
69508 -581 25 0
69508 -581 30 0
69508 581 -25 -30 0
69508 -582 25 0
69508 -582 31 0
69508 582 -25 -31 0
69508 -583 25 0
69508 -583 32 0
69508 583 -25 -32 0
69508 -584 25 0
69508 -584 33 0
69508 584 -25 -33 0
69508 -585 25 0
69508 -585 34 0
69508 585 -25 -34 0
69508 -586 25 0
69508 -586 35 0
69508 586 -25 -35 0
69508 -587 26 0
69508 -587 27 0
69508 587 -26 -27 0
69508 -588 26 0
69508 -588 28 0
69508 588 -26 -28 0
69508 -589 26 0
69508 -589 29 0
69508 589 -26 -29 0
69508 -590 26 0
69508 -590 30 0
69508 590 -26 -30 0
69508 -591 26 0
69508 -591 31 0
69508 591 -26 -31 0
69508 -592 26 0
69508 -592 32 0
69508 592 -26 -32 0
69508 -593 26 0
69508 -593 33 0
69508 593 -26 -33 0
69508 -594 26 0
69508 -594 34 0
69508 594 -26 -34 0
69508 -595 26 0
69508 -595 35 0
69508 595 -26 -35 0
69508 -596 27 0
69508 -596 28 0
69508 596 -27 -28 0
69508 -597 27 0
69508 -597 29 0
69508 597 -27 -29 0
69508 -598 27 0
69508 -598 30 0
69508 598 -27 -30 0
69508 -599 27 0
69508 -599 31 0
69508 599 -27 -31 0
69508 -600 27 0
69508 -600 32 0
69508 600 -27 -32 0
69508 -601 27 0
69508 -601 33 0
69508 601 -27 -33 0
69508 -602 27 0
69508 -602 34 0
69508 602 -27 -34 0
69508 -603 27 0
69508 -603 35 0
69508 603 -27 -35 0
69508 -604 28 0
69508 -604 29 0
69508 604 -28 -29 0
69508 -605 28 0
69508 -605 30 0
69508 605 -28 -30 0
69508 -606 28 0
69508 -606 31 0
69508 606 -28 -31 0
69508 -607 28 0
69508 -607 32 0
69508 607 -28 -32 0
69508 -608 28 0
69508 -608 33 0
69508 608 -28 -33 0
69508 -609 28 0
69508 -609 34 0
69508 609 -28 -34 0
69508 -610 28 0
69508 -610 35 0
69508 610 -28 -35 0
69508 -611 29 0
69508 -611 30 0
69508 611 -29 -30 0
69508 -612 29 0
69508 -612 31 0
69508 612 -29 -31 0
69508 -613 29 0
69508 -613 32 0
69508 613 -29 -32 0
69508 -614 29 0
69508 -614 33 0
69508 614 -29 -33 0
69508 -615 29 0
69508 -615 34 0
69508 615 -29 -34 0
69508 -616 29 0
69508 -616 35 0
69508 616 -29 -35 0
69508 -617 30 0
69508 -617 31 0
69508 617 -30 -31 0
69508 -618 30 0
69508 -618 32 0
69508 618 -30 -32 0
69508 -619 30 0
69508 -619 33 0
69508 619 -30 -33 0
69508 -620 30 0
69508 -620 34 0
69508 620 -30 -34 0
69508 -621 30 0
69508 -621 35 0
69508 621 -30 -35 0
69508 -622 31 0
69508 -622 32 0
69508 622 -31 -32 0
69508 -623 31 0
69508 -623 33 0
69508 623 -31 -33 0
69508 -624 31 0
69508 -624 34 0
69508 624 -31 -34 0
69508 -625 31 0
69508 -625 35 0
69508 625 -31 -35 0
69508 -626 32 0
69508 -626 33 0
69508 626 -32 -33 0
69508 -627 32 0
69508 -627 34 0
69508 627 -32 -34 0
69508 -628 32 0
69508 -628 35 0
69508 628 -32 -35 0
69508 -629 33 0
69508 -629 34 0
69508 629 -33 -34 0
69508 -630 33 0
69508 -630 35 0
69508 630 -33 -35 0
69508 -631 34 0
69508 -631 35 0
69508 631 -34 -35 0
26150 1 0
69498 -1 0
73576 37 0
69498 -37 0
67128 38 0
69498 -38 0
50798 39 0
69498 -39 0
72988 40 0
69498 -40 0
62076 41 0
69498 -41 0
43006 42 0
69498 -42 0
87188 43 0
69498 -43 0
68906 44 0
69498 -44 0
78880 45 0
69498 -45 0
69472 46 0
69498 -46 0
58500 47 0
69498 -47 0
70384 48 0
69498 -48 0
80968 49 0
69498 -49 0
78124 50 0
69498 -50 0
63806 51 0
69498 -51 0
70952 52 0
69498 -52 0
67352 53 0
69498 -53 0
62800 54 0
69498 -54 0
65534 55 0
69498 -55 0
69256 56 0
69498 -56 0
72938 57 0
69498 -57 0
71506 58 0
69498 -58 0
69168 59 0
69498 -59 0
72188 60 0
69498 -60 0
68600 61 0
69498 -61 0
70074 62 0
69498 -62 0
69122 63 0
69498 -63 0
66520 64 0
69498 -64 0
70952 65 0
69498 -65 0
71468 66 0
69498 -66 0
70512 67 0
69498 -67 0
68788 68 0
69498 -68 0
70168 69 0
69498 -69 0
69708 70 0
69498 -70 0
34504 2 0
69498 -2 0
70094 71 0
69498 -71 0
64012 72 0
69498 -72 0
63496 73 0
69498 -73 0
63520 74 0
69498 -74 0
65144 75 0
69498 -75 0
73648 76 0
69498 -76 0
62638 77 0
69498 -77 0
68698 78 0
69498 -78 0
66132 79 0
69498 -79 0
77542 80 0
69498 -80 0
68024 81 0
69498 -81 0
76652 82 0
69498 -82 0
68886 83 0
69498 -83 0
72026 84 0
69498 -84 0
65908 85 0
69498 -85 0
70576 86 0
69498 -86 0
65986 87 0
69498 -87 0
60588 88 0
69498 -88 0
76734 89 0
69498 -89 0
68078 90 0
69498 -90 0
69120 91 0
69498 -91 0
70124 92 0
69498 -92 0
63318 93 0
69498 -93 0
62842 94 0
69498 -94 0
71590 95 0
69498 -95 0
66904 96 0
69498 -96 0
68438 97 0
69498 -97 0
68814 98 0
69498 -98 0
67584 99 0
69498 -99 0
66758 100 0
69498 -100 0
67112 101 0
69498 -101 0
68362 102 0
69498 -102 0
68938 103 0
69498 -103 0
52435 3 0
69498 -3 0
70914 104 0
69498 -104 0
64116 105 0
69498 -105 0
79348 106 0
69498 -106 0
77922 107 0
69498 -107 0
79566 108 0
69498 -108 0
75202 109 0
69498 -109 0
66990 110 0
69498 -110 0
75964 111 0
69498 -111 0
62582 112 0
69498 -112 0
60606 113 0
69498 -113 0
60998 114 0
69498 -114 0
82802 115 0
69498 -115 0
69362 116 0
69498 -116 0
79994 117 0
69498 -117 0
66726 118 0
69498 -118 0
70960 119 0
69498 -119 0
62324 120 0
69498 -120 0
74668 121 0
69498 -121 0
74348 122 0
69498 -122 0
82594 123 0
69498 -123 0
66322 124 0
69498 -124 0
62968 125 0
69498 -125 0
71380 126 0
69498 -126 0
66092 127 0
69498 -127 0
68194 128 0
69498 -128 0
67800 129 0
69498 -129 0
66052 130 0
69498 -130 0
72534 131 0
69498 -131 0
67674 132 0
69498 -132 0
70644 133 0
69498 -133 0
69678 134 0
69498 -134 0
69526 135 0
69498 -135 0
43143 4 0
69498 -4 0
65598 136 0
69498 -136 0
59216 137 0
69498 -137 0
60186 138 0
69498 -138 0
79404 139 0
69498 -139 0
61834 140 0
69498 -140 0
72094 141 0
69498 -141 0
77442 142 0
69498 -142 0
61768 143 0
69498 -143 0
64764 144 0
69498 -144 0
74600 145 0
69498 -145 0
68584 146 0
69498 -146 0
69754 147 0
69498 -147 0
84438 148 0
69498 -148 0
77954 149 0
69498 -149 0
63124 150 0
69498 -150 0
74218 151 0
69498 -151 0
67172 152 0
69498 -152 0
70178 153 0
69498 -153 0
76812 154 0
69498 -154 0
64210 155 0
69498 -155 0
70266 156 0
69498 -156 0
74302 157 0
69498 -157 0
71762 158 0
69498 -158 0
70614 159 0
69498 -159 0
63734 160 0
69498 -160 0
69120 161 0
69498 -161 0
74954 162 0
69498 -162 0
65178 163 0
69498 -163 0
66632 164 0
69498 -164 0
69840 165 0
69498 -165 0
69204 166 0
69498 -166 0
46270 5 0
69498 -5 0
56896 167 0
69498 -167 0
71136 168 0
69498 -168 0
67676 169 0
69498 -169 0
73088 170 0
69498 -170 0
64508 171 0
69498 -171 0
70890 172 0
69498 -172 0
65096 173 0
69498 -173 0
45452 174 0
69498 -174 0
65246 175 0
69498 -175 0
66642 176 0
69498 -176 0
64358 177 0
69498 -177 0
64402 178 0
69498 -178 0
79468 179 0
69498 -179 0
54282 180 0
69498 -180 0
62966 181 0
69498 -181 0
64356 182 0
69498 -182 0
73598 183 0
69498 -183 0
61224 184 0
69498 -184 0
79728 185 0
69498 -185 0
77058 186 0
69498 -186 0
58648 187 0
69498 -187 0
61276 188 0
69498 -188 0
68346 189 0
69498 -189 0
73504 190 0
69498 -190 0
67400 191 0
69498 -191 0
71206 192 0
69498 -192 0
73776 193 0
69498 -193 0
72552 194 0
69498 -194 0
70700 195 0
69498 -195 0
70184 196 0
69498 -196 0
25182 6 0
69498 -6 0
74628 197 0
69498 -197 0
63960 198 0
69498 -198 0
65562 199 0
69498 -199 0
65422 200 0
69498 -200 0
57416 201 0
69498 -201 0
73054 202 0
69498 -202 0
59422 203 0
69498 -203 0
76600 204 0
69498 -204 0
59544 205 0
69498 -205 0
60358 206 0
69498 -206 0
66812 207 0
69498 -207 0
75704 208 0
69498 -208 0
63086 209 0
69498 -209 0
72692 210 0
69498 -210 0
72766 211 0
69498 -211 0
80702 212 0
69498 -212 0
62406 213 0
69498 -213 0
72712 214 0
69498 -214 0
74866 215 0
69498 -215 0
58706 216 0
69498 -216 0
58686 217 0
69498 -217 0
64612 218 0
69498 -218 0
78142 219 0
69498 -219 0
68004 220 0
69498 -220 0
70712 221 0
69498 -221 0
73206 222 0
69498 -222 0
68990 223 0
69498 -223 0
70380 224 0
69498 -224 0
69848 225 0
69498 -225 0
33154 7 0
69498 -7 0
85082 226 0
69498 -226 0
58934 227 0
69498 -227 0
70892 228 0
69498 -228 0
93520 229 0
69498 -229 0
76030 230 0
69498 -230 0
76112 231 0
69498 -231 0
71756 232 0
69498 -232 0
76462 233 0
69498 -233 0
79410 234 0
69498 -234 0
72022 235 0
69498 -235 0
61466 236 0
69498 -236 0
70178 237 0
69498 -237 0
70776 238 0
69498 -238 0
63806 239 0
69498 -239 0
63322 240 0
69498 -240 0
66934 241 0
69498 -241 0
72260 242 0
69498 -242 0
72106 243 0
69498 -243 0
58202 244 0
69498 -244 0
73376 245 0
69498 -245 0
66302 246 0
69498 -246 0
71870 247 0
69498 -247 0
70498 248 0
69498 -248 0
64360 249 0
69498 -249 0
76010 250 0
69498 -250 0
71178 251 0
69498 -251 0
69566 252 0
69498 -252 0
69974 253 0
69498 -253 0
46833 8 0
69498 -8 0
75166 254 0
69498 -254 0
66440 255 0
69498 -255 0
68628 256 0
69498 -256 0
62282 257 0
69498 -257 0
68774 258 0
69498 -258 0
74722 259 0
69498 -259 0
53408 260 0
69498 -260 0
62706 261 0
69498 -261 0
63586 262 0
69498 -262 0
75068 263 0
69498 -263 0
69212 264 0
69498 -264 0
65752 265 0
69498 -265 0
71206 266 0
69498 -266 0
68504 267 0
69498 -267 0
68794 268 0
69498 -268 0
81002 269 0
69498 -269 0
67556 270 0
69498 -270 0
76654 271 0
69498 -271 0
72742 272 0
69498 -272 0
69076 273 0
69498 -273 0
68106 274 0
69498 -274 0
75170 275 0
69498 -275 0
65278 276 0
69498 -276 0
69068 277 0
69498 -277 0
73328 278 0
69498 -278 0
68952 279 0
69498 -279 0
69596 280 0
69498 -280 0
41841 9 0
69498 -9 0
77584 281 0
69498 -281 0
70444 282 0
69498 -282 0
76232 283 0
69498 -283 0
78346 284 0
69498 -284 0
74552 285 0
69498 -285 0
71258 286 0
69498 -286 0
79956 287 0
69498 -287 0
84952 288 0
69498 -288 0
66442 289 0
69498 -289 0
67960 290 0
69498 -290 0
76010 291 0
69498 -291 0
60782 292 0
69498 -292 0
65042 293 0
69498 -293 0
74656 294 0
69498 -294 0
62908 295 0
69498 -295 0
69646 296 0
69498 -296 0
65628 297 0
69498 -297 0
74838 298 0
69498 -298 0
70418 299 0
69498 -299 0
65304 300 0
69498 -300 0
71196 301 0
69498 -301 0
71156 302 0
69498 -302 0
68100 303 0
69498 -303 0
64638 304 0
69498 -304 0
69452 305 0
69498 -305 0
69176 306 0
69498 -306 0
57531 10 0
69498 -10 0
71742 307 0
69498 -307 0
68848 308 0
69498 -308 0
65506 309 0
69498 -309 0
53400 310 0
69498 -310 0
66386 311 0
69498 -311 0
65146 312 0
69498 -312 0
65752 313 0
69498 -313 0
80840 314 0
69498 -314 0
61798 315 0
69498 -315 0
61018 316 0
69498 -316 0
66208 317 0
69498 -317 0
69224 318 0
69498 -318 0
63634 319 0
69498 -319 0
70370 320 0
69498 -320 0
62910 321 0
69498 -321 0
74280 322 0
69498 -322 0
67762 323 0
69498 -323 0
63450 324 0
69498 -324 0
75492 325 0
69498 -325 0
67986 326 0
69498 -326 0
65558 327 0
69498 -327 0
72550 328 0
69498 -328 0
73100 329 0
69498 -329 0
69248 330 0
69498 -330 0
69764 331 0
69498 -331 0
43036 11 0
69498 -11 0
70602 332 0
69498 -332 0
73244 333 0
69498 -333 0
74448 334 0
69498 -334 0
60034 335 0
69498 -335 0
64108 336 0
69498 -336 0
61324 337 0
69498 -337 0
66572 338 0
69498 -338 0
59262 339 0
69498 -339 0
66530 340 0
69498 -340 0
76600 341 0
69498 -341 0
68866 342 0
69498 -342 0
66154 343 0
69498 -343 0
63650 344 0
69498 -344 0
65788 345 0
69498 -345 0
74336 346 0
69498 -346 0
64962 347 0
69498 -347 0
73264 348 0
69498 -348 0
71904 349 0
69498 -349 0
72596 350 0
69498 -350 0
70500 351 0
69498 -351 0
67620 352 0
69498 -352 0
68024 353 0
69498 -353 0
69492 354 0
69498 -354 0
69344 355 0
69498 -355 0
53322 12 0
69498 -12 0
88546 356 0
69498 -356 0
66872 357 0
69498 -357 0
68250 358 0
69498 -358 0
60412 359 0
69498 -359 0
62606 360 0
69498 -360 0
70432 361 0
69498 -361 0
71590 362 0
69498 -362 0
59804 363 0
69498 -363 0
62470 364 0
69498 -364 0
72686 365 0
69498 -365 0
67690 366 0
69498 -366 0
80780 367 0
69498 -367 0
66540 368 0
69498 -368 0
72820 369 0
69498 -369 0
70318 370 0
69498 -370 0
69710 371 0
69498 -371 0
65592 372 0
69498 -372 0
71790 373 0
69498 -373 0
69012 374 0
69498 -374 0
69874 375 0
69498 -375 0
73018 376 0
69498 -376 0
69704 377 0
69498 -377 0
69820 378 0
69498 -378 0
40759 13 0
69498 -13 0
68208 379 0
69498 -379 0
70778 380 0
69498 -380 0
69556 381 0
69498 -381 0
76446 382 0
69498 -382 0
78902 383 0
69498 -383 0
57766 384 0
69498 -384 0
75724 385 0
69498 -385 0
76418 386 0
69498 -386 0
73744 387 0
69498 -387 0
75060 388 0
69498 -388 0
66596 389 0
69498 -389 0
75654 390 0
69498 -390 0
69932 391 0
69498 -391 0
60752 392 0
69498 -392 0
66116 393 0
69498 -393 0
74444 394 0
69498 -394 0
66640 395 0
69498 -395 0
73322 396 0
69498 -396 0
69798 397 0
69498 -397 0
70974 398 0
69498 -398 0
70434 399 0
69498 -399 0
69778 400 0
69498 -400 0
81599 14 0
69498 -14 0
74944 401 0
69498 -401 0
63744 402 0
69498 -402 0
68074 403 0
69498 -403 0
66750 404 0
69498 -404 0
78350 405 0
69498 -405 0
70372 406 0
69498 -406 0
67026 407 0
69498 -407 0
74480 408 0
69498 -408 0
68052 409 0
69498 -409 0
70548 410 0
69498 -410 0
67596 411 0
69498 -411 0
68424 412 0
69498 -412 0
68098 413 0
69498 -413 0
68236 414 0
69498 -414 0
72412 415 0
69498 -415 0
64548 416 0
69498 -416 0
68178 417 0
69498 -417 0
71984 418 0
69498 -418 0
72200 419 0
69498 -419 0
69484 420 0
69498 -420 0
69736 421 0
69498 -421 0
41552 15 0
69498 -15 0
58958 422 0
69498 -422 0
73316 423 0
69498 -423 0
67670 424 0
69498 -424 0
61006 425 0
69498 -425 0
66874 426 0
69498 -426 0
84002 427 0
69498 -427 0
67350 428 0
69498 -428 0
66172 429 0
69498 -429 0
67552 430 0
69498 -430 0
64982 431 0
69498 -431 0
76986 432 0
69498 -432 0
65678 433 0
69498 -433 0
69260 434 0
69498 -434 0
74858 435 0
69498 -435 0
71146 436 0
69498 -436 0
66100 437 0
69498 -437 0
69986 438 0
69498 -438 0
72580 439 0
69498 -439 0
69062 440 0
69498 -440 0
69582 441 0
69498 -441 0
59683 16 0
69498 -16 0
62692 442 0
69498 -442 0
75974 443 0
69498 -443 0
73572 444 0
69498 -444 0
70770 445 0
69498 -445 0
79406 446 0
69498 -446 0
80590 447 0
69498 -447 0
62746 448 0
69498 -448 0
78054 449 0
69498 -449 0
72162 450 0
69498 -450 0
72362 451 0
69498 -451 0
69780 452 0
69498 -452 0
70936 453 0
69498 -453 0
69474 454 0
69498 -454 0
67866 455 0
69498 -455 0
66938 456 0
69498 -456 0
70636 457 0
69498 -457 0
74252 458 0
69498 -458 0
69276 459 0
69498 -459 0
69736 460 0
69498 -460 0
52290 17 0
69498 -17 0
65276 461 0
69498 -461 0
69694 462 0
69498 -462 0
64648 463 0
69498 -463 0
57410 464 0
69498 -464 0
69476 465 0
69498 -465 0
54534 466 0
69498 -466 0
84922 467 0
69498 -467 0
76322 468 0
69498 -468 0
63648 469 0
69498 -469 0
67934 470 0
69498 -470 0
69944 471 0
69498 -471 0
72788 472 0
69498 -472 0
73140 473 0
69498 -473 0
65760 474 0
69498 -474 0
75018 475 0
69498 -475 0
72774 476 0
69498 -476 0
70002 477 0
69498 -477 0
70114 478 0
69498 -478 0
49746 18 0
69498 -18 0
78210 479 0
69498 -479 0
72972 480 0
69498 -480 0
71442 481 0
69498 -481 0
65458 482 0
69498 -482 0
76326 483 0
69498 -483 0
64620 484 0
69498 -484 0
68350 485 0
69498 -485 0
66360 486 0
69498 -486 0
65188 487 0
69498 -487 0
67610 488 0
69498 -488 0
74748 489 0
69498 -489 0
68446 490 0
69498 -490 0
68894 491 0
69498 -491 0
69798 492 0
69498 -492 0
65896 493 0
69498 -493 0
69184 494 0
69498 -494 0
69204 495 0
69498 -495 0
38974 19 0
69498 -19 0
52204 496 0
69498 -496 0
65276 497 0
69498 -497 0
58434 498 0
69498 -498 0
68326 499 0
69498 -499 0
72980 500 0
69498 -500 0
66578 501 0
69498 -501 0
77890 502 0
69498 -502 0
65372 503 0
69498 -503 0
69334 504 0
69498 -504 0
73090 505 0
69498 -505 0
77594 506 0
69498 -506 0
67800 507 0
69498 -507 0
72340 508 0
69498 -508 0
73234 509 0
69498 -509 0
70244 510 0
69498 -510 0
70128 511 0
69498 -511 0
57180 20 0
69498 -20 0
69992 512 0
69498 -512 0
64898 513 0
69498 -513 0
68128 514 0
69498 -514 0
74212 515 0
69498 -515 0
60946 516 0
69498 -516 0
72976 517 0
69498 -517 0
69918 518 0
69498 -518 0
69684 519 0
69498 -519 0
67284 520 0
69498 -520 0
70898 521 0
69498 -521 0
67678 522 0
69498 -522 0
70832 523 0
69498 -523 0
73966 524 0
69498 -524 0
69522 525 0
69498 -525 0
69890 526 0
69498 -526 0
55018 21 0
69498 -21 0
63832 527 0
69498 -527 0
60726 528 0
69498 -528 0
80920 529 0
69498 -529 0
78272 530 0
69498 -530 0
62804 531 0
69498 -531 0
71428 532 0
69498 -532 0
70400 533 0
69498 -533 0
69040 534 0
69498 -534 0
75556 535 0
69498 -535 0
70218 536 0
69498 -536 0
74428 537 0
69498 -537 0
67334 538 0
69498 -538 0
70788 539 0
69498 -539 0
70016 540 0
69498 -540 0
55782 22 0
69498 -22 0
73090 541 0
69498 -541 0
69054 542 0
69498 -542 0
65638 543 0
69498 -543 0
77602 544 0
69498 -544 0
75044 545 0
69498 -545 0
72538 546 0
69498 -546 0
69370 547 0
69498 -547 0
78586 548 0
69498 -548 0
65172 549 0
69498 -549 0
70068 550 0
69498 -550 0
69136 551 0
69498 -551 0
69064 552 0
69498 -552 0
69484 553 0
69498 -553 0
56706 23 0
69498 -23 0
79470 554 0
69498 -554 0
77100 555 0
69498 -555 0
58726 556 0
69498 -556 0
66648 557 0
69498 -557 0
67742 558 0
69498 -558 0
74010 559 0
69498 -559 0
69740 560 0
69498 -560 0
66800 561 0
69498 -561 0
76078 562 0
69498 -562 0
72132 563 0
69498 -563 0
70216 564 0
69498 -564 0
70156 565 0
69498 -565 0
58690 24 0
69498 -24 0
64018 566 0
69498 -566 0
74566 567 0
69498 -567 0
69120 568 0
69498 -568 0
71812 569 0
69498 -569 0
67446 570 0
69498 -570 0
62158 571 0
69498 -571 0
75800 572 0
69498 -572 0
63910 573 0
69498 -573 0
64176 574 0
69498 -574 0
69286 575 0
69498 -575 0
68798 576 0
69498 -576 0
67139 25 0
69498 -25 0
80118 577 0
69498 -577 0
73932 578 0
69498 -578 0
68880 579 0
69498 -579 0
66198 580 0
69498 -580 0
69932 581 0
69498 -581 0
67236 582 0
69498 -582 0
64408 583 0
69498 -583 0
70188 584 0
69498 -584 0
68058 585 0
69498 -585 0
68938 586 0
69498 -586 0
54273 26 0
69498 -26 0
62830 587 0
69498 -587 0
65866 588 0
69498 -588 0
74160 589 0
69498 -589 0
64192 590 0
69498 -590 0
71474 591 0
69498 -591 0
74904 592 0
69498 -592 0
67058 593 0
69498 -593 0
70508 594 0
69498 -594 0
69848 595 0
69498 -595 0
56211 27 0
69498 -27 0
65596 596 0
69498 -596 0
77786 597 0
69498 -597 0
66610 598 0
69498 -598 0
72224 599 0
69498 -599 0
72932 600 0
69498 -600 0
70472 601 0
69498 -601 0
70672 602 0
69498 -602 0
69988 603 0
69498 -603 0
63033 28 0
69498 -28 0
73730 604 0
69498 -604 0
67740 605 0
69498 -605 0
68230 606 0
69498 -606 0
70494 607 0
69498 -607 0
69818 608 0
69498 -608 0
69336 609 0
69498 -609 0
69484 610 0
69498 -610 0
71869 29 0
69498 -29 0
67928 611 0
69498 -611 0
72186 612 0
69498 -612 0
63836 613 0
69498 -613 0
68326 614 0
69498 -614 0
68916 615 0
69498 -615 0
69008 616 0
69498 -616 0
70848 30 0
69498 -30 0
74648 617 0
69498 -617 0
66844 618 0
69498 -618 0
67934 619 0
69498 -619 0
69550 620 0
69498 -620 0
69190 621 0
69498 -621 0
64860 31 0
69498 -31 0
72184 622 0
69498 -622 0
71990 623 0
69498 -623 0
68914 624 0
69498 -624 0
69666 625 0
69498 -625 0
69440 32 0
69498 -32 0
67128 626 0
69498 -626 0
68678 627 0
69498 -627 0
68798 628 0
69498 -628 0
65695 33 0
69498 -33 0
69336 629 0
69498 -629 0
69036 630 0
69498 -630 0
69951 34 0
69498 -34 0
69372 631 0
69498 -631 0
69715 35 0
69498 -35 0
