c
c Generated WCNF file
c
p wcnf 821 3981 83800
83800 41 0
83800 -42 1 0
83800 -42 2 0
83800 42 -1 -2 0
83800 -43 1 0
83800 -43 3 0
83800 43 -1 -3 0
83800 -44 1 0
83800 -44 4 0
83800 44 -1 -4 0
83800 -45 1 0
83800 -45 5 0
83800 45 -1 -5 0
83800 -46 1 0
83800 -46 6 0
83800 46 -1 -6 0
83800 -47 1 0
83800 -47 7 0
83800 47 -1 -7 0
83800 -48 1 0
83800 -48 8 0
83800 48 -1 -8 0
83800 -49 1 0
83800 -49 9 0
83800 49 -1 -9 0
83800 -50 1 0
83800 -50 10 0
83800 50 -1 -10 0
83800 -51 1 0
83800 -51 11 0
83800 51 -1 -11 0
83800 -52 1 0
83800 -52 12 0
83800 52 -1 -12 0
83800 -53 1 0
83800 -53 13 0
83800 53 -1 -13 0
83800 -54 1 0
83800 -54 14 0
83800 54 -1 -14 0
83800 -55 1 0
83800 -55 15 0
83800 55 -1 -15 0
83800 -56 1 0
83800 -56 16 0
83800 56 -1 -16 0
83800 -57 1 0
83800 -57 17 0
83800 57 -1 -17 0
83800 -58 1 0
83800 -58 18 0
83800 58 -1 -18 0
83800 -59 1 0
83800 -59 19 0
83800 59 -1 -19 0
83800 -60 1 0
83800 -60 20 0
83800 60 -1 -20 0
83800 -61 1 0
83800 -61 21 0
83800 61 -1 -21 0
83800 -62 1 0
83800 -62 22 0
83800 62 -1 -22 0
83800 -63 1 0
83800 -63 23 0
83800 63 -1 -23 0
83800 -64 1 0
83800 -64 24 0
83800 64 -1 -24 0
83800 -65 1 0
83800 -65 25 0
83800 65 -1 -25 0
83800 -66 1 0
83800 -66 26 0
83800 66 -1 -26 0
83800 -67 1 0
83800 -67 27 0
83800 67 -1 -27 0
83800 -68 1 0
83800 -68 28 0
83800 68 -1 -28 0
83800 -69 1 0
83800 -69 29 0
83800 69 -1 -29 0
83800 -70 1 0
83800 -70 30 0
83800 70 -1 -30 0
83800 -71 1 0
83800 -71 31 0
83800 71 -1 -31 0
83800 -72 1 0
83800 -72 32 0
83800 72 -1 -32 0
83800 -73 1 0
83800 -73 33 0
83800 73 -1 -33 0
83800 -74 1 0
83800 -74 34 0
83800 74 -1 -34 0
83800 -75 1 0
83800 -75 35 0
83800 75 -1 -35 0
83800 -76 1 0
83800 -76 36 0
83800 76 -1 -36 0
83800 -77 1 0
83800 -77 37 0
83800 77 -1 -37 0
83800 -78 1 0
83800 -78 38 0
83800 78 -1 -38 0
83800 -79 1 0
83800 -79 39 0
83800 79 -1 -39 0
83800 -80 1 0
83800 -80 40 0
83800 80 -1 -40 0
83800 -81 2 0
83800 -81 3 0
83800 81 -2 -3 0
83800 -82 2 0
83800 -82 4 0
83800 82 -2 -4 0
83800 -83 2 0
83800 -83 5 0
83800 83 -2 -5 0
83800 -84 2 0
83800 -84 6 0
83800 84 -2 -6 0
83800 -85 2 0
83800 -85 7 0
83800 85 -2 -7 0
83800 -86 2 0
83800 -86 8 0
83800 86 -2 -8 0
83800 -87 2 0
83800 -87 9 0
83800 87 -2 -9 0
83800 -88 2 0
83800 -88 10 0
83800 88 -2 -10 0
83800 -89 2 0
83800 -89 11 0
83800 89 -2 -11 0
83800 -90 2 0
83800 -90 12 0
83800 90 -2 -12 0
83800 -91 2 0
83800 -91 13 0
83800 91 -2 -13 0
83800 -92 2 0
83800 -92 14 0
83800 92 -2 -14 0
83800 -93 2 0
83800 -93 15 0
83800 93 -2 -15 0
83800 -94 2 0
83800 -94 16 0
83800 94 -2 -16 0
83800 -95 2 0
83800 -95 17 0
83800 95 -2 -17 0
83800 -96 2 0
83800 -96 18 0
83800 96 -2 -18 0
83800 -97 2 0
83800 -97 19 0
83800 97 -2 -19 0
83800 -98 2 0
83800 -98 20 0
83800 98 -2 -20 0
83800 -99 2 0
83800 -99 21 0
83800 99 -2 -21 0
83800 -100 2 0
83800 -100 22 0
83800 100 -2 -22 0
83800 -101 2 0
83800 -101 23 0
83800 101 -2 -23 0
83800 -102 2 0
83800 -102 24 0
83800 102 -2 -24 0
83800 -103 2 0
83800 -103 25 0
83800 103 -2 -25 0
83800 -104 2 0
83800 -104 26 0
83800 104 -2 -26 0
83800 -105 2 0
83800 -105 27 0
83800 105 -2 -27 0
83800 -106 2 0
83800 -106 28 0
83800 106 -2 -28 0
83800 -107 2 0
83800 -107 29 0
83800 107 -2 -29 0
83800 -108 2 0
83800 -108 30 0
83800 108 -2 -30 0
83800 -109 2 0
83800 -109 31 0
83800 109 -2 -31 0
83800 -110 2 0
83800 -110 32 0
83800 110 -2 -32 0
83800 -111 2 0
83800 -111 33 0
83800 111 -2 -33 0
83800 -112 2 0
83800 -112 34 0
83800 112 -2 -34 0
83800 -113 2 0
83800 -113 35 0
83800 113 -2 -35 0
83800 -114 2 0
83800 -114 36 0
83800 114 -2 -36 0
83800 -115 2 0
83800 -115 37 0
83800 115 -2 -37 0
83800 -116 2 0
83800 -116 38 0
83800 116 -2 -38 0
83800 -117 2 0
83800 -117 39 0
83800 117 -2 -39 0
83800 -118 2 0
83800 -118 40 0
83800 118 -2 -40 0
83800 -119 3 0
83800 -119 4 0
83800 119 -3 -4 0
83800 -120 3 0
83800 -120 5 0
83800 120 -3 -5 0
83800 -121 3 0
83800 -121 6 0
83800 121 -3 -6 0
83800 -122 3 0
83800 -122 7 0
83800 122 -3 -7 0
83800 -123 3 0
83800 -123 8 0
83800 123 -3 -8 0
83800 -124 3 0
83800 -124 9 0
83800 124 -3 -9 0
83800 -125 3 0
83800 -125 10 0
83800 125 -3 -10 0
83800 -126 3 0
83800 -126 11 0
83800 126 -3 -11 0
83800 -127 3 0
83800 -127 12 0
83800 127 -3 -12 0
83800 -128 3 0
83800 -128 13 0
83800 128 -3 -13 0
83800 -129 3 0
83800 -129 14 0
83800 129 -3 -14 0
83800 -130 3 0
83800 -130 15 0
83800 130 -3 -15 0
83800 -131 3 0
83800 -131 16 0
83800 131 -3 -16 0
83800 -132 3 0
83800 -132 17 0
83800 132 -3 -17 0
83800 -133 3 0
83800 -133 18 0
83800 133 -3 -18 0
83800 -134 3 0
83800 -134 19 0
83800 134 -3 -19 0
83800 -135 3 0
83800 -135 20 0
83800 135 -3 -20 0
83800 -136 3 0
83800 -136 21 0
83800 136 -3 -21 0
83800 -137 3 0
83800 -137 22 0
83800 137 -3 -22 0
83800 -138 3 0
83800 -138 23 0
83800 138 -3 -23 0
83800 -139 3 0
83800 -139 24 0
83800 139 -3 -24 0
83800 -140 3 0
83800 -140 25 0
83800 140 -3 -25 0
83800 -141 3 0
83800 -141 26 0
83800 141 -3 -26 0
83800 -142 3 0
83800 -142 27 0
83800 142 -3 -27 0
83800 -143 3 0
83800 -143 28 0
83800 143 -3 -28 0
83800 -144 3 0
83800 -144 29 0
83800 144 -3 -29 0
83800 -145 3 0
83800 -145 30 0
83800 145 -3 -30 0
83800 -146 3 0
83800 -146 31 0
83800 146 -3 -31 0
83800 -147 3 0
83800 -147 32 0
83800 147 -3 -32 0
83800 -148 3 0
83800 -148 33 0
83800 148 -3 -33 0
83800 -149 3 0
83800 -149 34 0
83800 149 -3 -34 0
83800 -150 3 0
83800 -150 35 0
83800 150 -3 -35 0
83800 -151 3 0
83800 -151 36 0
83800 151 -3 -36 0
83800 -152 3 0
83800 -152 37 0
83800 152 -3 -37 0
83800 -153 3 0
83800 -153 38 0
83800 153 -3 -38 0
83800 -154 3 0
83800 -154 39 0
83800 154 -3 -39 0
83800 -155 3 0
83800 -155 40 0
83800 155 -3 -40 0
83800 -156 4 0
83800 -156 5 0
83800 156 -4 -5 0
83800 -157 4 0
83800 -157 6 0
83800 157 -4 -6 0
83800 -158 4 0
83800 -158 7 0
83800 158 -4 -7 0
83800 -159 4 0
83800 -159 8 0
83800 159 -4 -8 0
83800 -160 4 0
83800 -160 9 0
83800 160 -4 -9 0
83800 -161 4 0
83800 -161 10 0
83800 161 -4 -10 0
83800 -162 4 0
83800 -162 11 0
83800 162 -4 -11 0
83800 -163 4 0
83800 -163 12 0
83800 163 -4 -12 0
83800 -164 4 0
83800 -164 13 0
83800 164 -4 -13 0
83800 -165 4 0
83800 -165 14 0
83800 165 -4 -14 0
83800 -166 4 0
83800 -166 15 0
83800 166 -4 -15 0
83800 -167 4 0
83800 -167 16 0
83800 167 -4 -16 0
83800 -168 4 0
83800 -168 17 0
83800 168 -4 -17 0
83800 -169 4 0
83800 -169 18 0
83800 169 -4 -18 0
83800 -170 4 0
83800 -170 19 0
83800 170 -4 -19 0
83800 -171 4 0
83800 -171 20 0
83800 171 -4 -20 0
83800 -172 4 0
83800 -172 21 0
83800 172 -4 -21 0
83800 -173 4 0
83800 -173 22 0
83800 173 -4 -22 0
83800 -174 4 0
83800 -174 23 0
83800 174 -4 -23 0
83800 -175 4 0
83800 -175 24 0
83800 175 -4 -24 0
83800 -176 4 0
83800 -176 25 0
83800 176 -4 -25 0
83800 -177 4 0
83800 -177 26 0
83800 177 -4 -26 0
83800 -178 4 0
83800 -178 27 0
83800 178 -4 -27 0
83800 -179 4 0
83800 -179 28 0
83800 179 -4 -28 0
83800 -180 4 0
83800 -180 29 0
83800 180 -4 -29 0
83800 -181 4 0
83800 -181 30 0
83800 181 -4 -30 0
83800 -182 4 0
83800 -182 31 0
83800 182 -4 -31 0
83800 -183 4 0
83800 -183 32 0
83800 183 -4 -32 0
83800 -184 4 0
83800 -184 33 0
83800 184 -4 -33 0
83800 -185 4 0
83800 -185 34 0
83800 185 -4 -34 0
83800 -186 4 0
83800 -186 35 0
83800 186 -4 -35 0
83800 -187 4 0
83800 -187 36 0
83800 187 -4 -36 0
83800 -188 4 0
83800 -188 37 0
83800 188 -4 -37 0
83800 -189 4 0
83800 -189 38 0
83800 189 -4 -38 0
83800 -190 4 0
83800 -190 39 0
83800 190 -4 -39 0
83800 -191 4 0
83800 -191 40 0
83800 191 -4 -40 0
83800 -192 5 0
83800 -192 6 0
83800 192 -5 -6 0
83800 -193 5 0
83800 -193 7 0
83800 193 -5 -7 0
83800 -194 5 0
83800 -194 8 0
83800 194 -5 -8 0
83800 -195 5 0
83800 -195 9 0
83800 195 -5 -9 0
83800 -196 5 0
83800 -196 10 0
83800 196 -5 -10 0
83800 -197 5 0
83800 -197 11 0
83800 197 -5 -11 0
83800 -198 5 0
83800 -198 12 0
83800 198 -5 -12 0
83800 -199 5 0
83800 -199 13 0
83800 199 -5 -13 0
83800 -200 5 0
83800 -200 14 0
83800 200 -5 -14 0
83800 -201 5 0
83800 -201 15 0
83800 201 -5 -15 0
83800 -202 5 0
83800 -202 16 0
83800 202 -5 -16 0
83800 -203 5 0
83800 -203 17 0
83800 203 -5 -17 0
83800 -204 5 0
83800 -204 18 0
83800 204 -5 -18 0
83800 -205 5 0
83800 -205 19 0
83800 205 -5 -19 0
83800 -206 5 0
83800 -206 20 0
83800 206 -5 -20 0
83800 -207 5 0
83800 -207 21 0
83800 207 -5 -21 0
83800 -208 5 0
83800 -208 22 0
83800 208 -5 -22 0
83800 -209 5 0
83800 -209 23 0
83800 209 -5 -23 0
83800 -210 5 0
83800 -210 24 0
83800 210 -5 -24 0
83800 -211 5 0
83800 -211 25 0
83800 211 -5 -25 0
83800 -212 5 0
83800 -212 26 0
83800 212 -5 -26 0
83800 -213 5 0
83800 -213 27 0
83800 213 -5 -27 0
83800 -214 5 0
83800 -214 28 0
83800 214 -5 -28 0
83800 -215 5 0
83800 -215 29 0
83800 215 -5 -29 0
83800 -216 5 0
83800 -216 30 0
83800 216 -5 -30 0
83800 -217 5 0
83800 -217 31 0
83800 217 -5 -31 0
83800 -218 5 0
83800 -218 32 0
83800 218 -5 -32 0
83800 -219 5 0
83800 -219 33 0
83800 219 -5 -33 0
83800 -220 5 0
83800 -220 34 0
83800 220 -5 -34 0
83800 -221 5 0
83800 -221 35 0
83800 221 -5 -35 0
83800 -222 5 0
83800 -222 36 0
83800 222 -5 -36 0
83800 -223 5 0
83800 -223 37 0
83800 223 -5 -37 0
83800 -224 5 0
83800 -224 38 0
83800 224 -5 -38 0
83800 -225 5 0
83800 -225 39 0
83800 225 -5 -39 0
83800 -226 5 0
83800 -226 40 0
83800 226 -5 -40 0
83800 -227 6 0
83800 -227 7 0
83800 227 -6 -7 0
83800 -228 6 0
83800 -228 8 0
83800 228 -6 -8 0
83800 -229 6 0
83800 -229 9 0
83800 229 -6 -9 0
83800 -230 6 0
83800 -230 10 0
83800 230 -6 -10 0
83800 -231 6 0
83800 -231 11 0
83800 231 -6 -11 0
83800 -232 6 0
83800 -232 12 0
83800 232 -6 -12 0
83800 -233 6 0
83800 -233 13 0
83800 233 -6 -13 0
83800 -234 6 0
83800 -234 14 0
83800 234 -6 -14 0
83800 -235 6 0
83800 -235 15 0
83800 235 -6 -15 0
83800 -236 6 0
83800 -236 16 0
83800 236 -6 -16 0
83800 -237 6 0
83800 -237 17 0
83800 237 -6 -17 0
83800 -238 6 0
83800 -238 18 0
83800 238 -6 -18 0
83800 -239 6 0
83800 -239 19 0
83800 239 -6 -19 0
83800 -240 6 0
83800 -240 20 0
83800 240 -6 -20 0
83800 -241 6 0
83800 -241 21 0
83800 241 -6 -21 0
83800 -242 6 0
83800 -242 22 0
83800 242 -6 -22 0
83800 -243 6 0
83800 -243 23 0
83800 243 -6 -23 0
83800 -244 6 0
83800 -244 24 0
83800 244 -6 -24 0
83800 -245 6 0
83800 -245 25 0
83800 245 -6 -25 0
83800 -246 6 0
83800 -246 26 0
83800 246 -6 -26 0
83800 -247 6 0
83800 -247 27 0
83800 247 -6 -27 0
83800 -248 6 0
83800 -248 28 0
83800 248 -6 -28 0
83800 -249 6 0
83800 -249 29 0
83800 249 -6 -29 0
83800 -250 6 0
83800 -250 30 0
83800 250 -6 -30 0
83800 -251 6 0
83800 -251 31 0
83800 251 -6 -31 0
83800 -252 6 0
83800 -252 32 0
83800 252 -6 -32 0
83800 -253 6 0
83800 -253 33 0
83800 253 -6 -33 0
83800 -254 6 0
83800 -254 34 0
83800 254 -6 -34 0
83800 -255 6 0
83800 -255 35 0
83800 255 -6 -35 0
83800 -256 6 0
83800 -256 36 0
83800 256 -6 -36 0
83800 -257 6 0
83800 -257 37 0
83800 257 -6 -37 0
83800 -258 6 0
83800 -258 38 0
83800 258 -6 -38 0
83800 -259 6 0
83800 -259 39 0
83800 259 -6 -39 0
83800 -260 6 0
83800 -260 40 0
83800 260 -6 -40 0
83800 -261 7 0
83800 -261 8 0
83800 261 -7 -8 0
83800 -262 7 0
83800 -262 9 0
83800 262 -7 -9 0
83800 -263 7 0
83800 -263 10 0
83800 263 -7 -10 0
83800 -264 7 0
83800 -264 11 0
83800 264 -7 -11 0
83800 -265 7 0
83800 -265 12 0
83800 265 -7 -12 0
83800 -266 7 0
83800 -266 13 0
83800 266 -7 -13 0
83800 -267 7 0
83800 -267 14 0
83800 267 -7 -14 0
83800 -268 7 0
83800 -268 15 0
83800 268 -7 -15 0
83800 -269 7 0
83800 -269 16 0
83800 269 -7 -16 0
83800 -270 7 0
83800 -270 17 0
83800 270 -7 -17 0
83800 -271 7 0
83800 -271 18 0
83800 271 -7 -18 0
83800 -272 7 0
83800 -272 19 0
83800 272 -7 -19 0
83800 -273 7 0
83800 -273 20 0
83800 273 -7 -20 0
83800 -274 7 0
83800 -274 21 0
83800 274 -7 -21 0
83800 -275 7 0
83800 -275 22 0
83800 275 -7 -22 0
83800 -276 7 0
83800 -276 23 0
83800 276 -7 -23 0
83800 -277 7 0
83800 -277 24 0
83800 277 -7 -24 0
83800 -278 7 0
83800 -278 25 0
83800 278 -7 -25 0
83800 -279 7 0
83800 -279 26 0
83800 279 -7 -26 0
83800 -280 7 0
83800 -280 27 0
83800 280 -7 -27 0
83800 -281 7 0
83800 -281 28 0
83800 281 -7 -28 0
83800 -282 7 0
83800 -282 29 0
83800 282 -7 -29 0
83800 -283 7 0
83800 -283 30 0
83800 283 -7 -30 0
83800 -284 7 0
83800 -284 31 0
83800 284 -7 -31 0
83800 -285 7 0
83800 -285 32 0
83800 285 -7 -32 0
83800 -286 7 0
83800 -286 33 0
83800 286 -7 -33 0
83800 -287 7 0
83800 -287 34 0
83800 287 -7 -34 0
83800 -288 7 0
83800 -288 35 0
83800 288 -7 -35 0
83800 -289 7 0
83800 -289 36 0
83800 289 -7 -36 0
83800 -290 7 0
83800 -290 37 0
83800 290 -7 -37 0
83800 -291 7 0
83800 -291 38 0
83800 291 -7 -38 0
83800 -292 7 0
83800 -292 39 0
83800 292 -7 -39 0
83800 -293 7 0
83800 -293 40 0
83800 293 -7 -40 0
83800 -294 8 0
83800 -294 9 0
83800 294 -8 -9 0
83800 -295 8 0
83800 -295 10 0
83800 295 -8 -10 0
83800 -296 8 0
83800 -296 11 0
83800 296 -8 -11 0
83800 -297 8 0
83800 -297 12 0
83800 297 -8 -12 0
83800 -298 8 0
83800 -298 13 0
83800 298 -8 -13 0
83800 -299 8 0
83800 -299 14 0
83800 299 -8 -14 0
83800 -300 8 0
83800 -300 15 0
83800 300 -8 -15 0
83800 -301 8 0
83800 -301 16 0
83800 301 -8 -16 0
83800 -302 8 0
83800 -302 17 0
83800 302 -8 -17 0
83800 -303 8 0
83800 -303 18 0
83800 303 -8 -18 0
83800 -304 8 0
83800 -304 19 0
83800 304 -8 -19 0
83800 -305 8 0
83800 -305 20 0
83800 305 -8 -20 0
83800 -306 8 0
83800 -306 21 0
83800 306 -8 -21 0
83800 -307 8 0
83800 -307 22 0
83800 307 -8 -22 0
83800 -308 8 0
83800 -308 23 0
83800 308 -8 -23 0
83800 -309 8 0
83800 -309 24 0
83800 309 -8 -24 0
83800 -310 8 0
83800 -310 25 0
83800 310 -8 -25 0
83800 -311 8 0
83800 -311 26 0
83800 311 -8 -26 0
83800 -312 8 0
83800 -312 27 0
83800 312 -8 -27 0
83800 -313 8 0
83800 -313 28 0
83800 313 -8 -28 0
83800 -314 8 0
83800 -314 29 0
83800 314 -8 -29 0
83800 -315 8 0
83800 -315 30 0
83800 315 -8 -30 0
83800 -316 8 0
83800 -316 31 0
83800 316 -8 -31 0
83800 -317 8 0
83800 -317 32 0
83800 317 -8 -32 0
83800 -318 8 0
83800 -318 33 0
83800 318 -8 -33 0
83800 -319 8 0
83800 -319 34 0
83800 319 -8 -34 0
83800 -320 8 0
83800 -320 35 0
83800 320 -8 -35 0
83800 -321 8 0
83800 -321 36 0
83800 321 -8 -36 0
83800 -322 8 0
83800 -322 37 0
83800 322 -8 -37 0
83800 -323 8 0
83800 -323 38 0
83800 323 -8 -38 0
83800 -324 8 0
83800 -324 39 0
83800 324 -8 -39 0
83800 -325 8 0
83800 -325 40 0
83800 325 -8 -40 0
83800 -326 9 0
83800 -326 10 0
83800 326 -9 -10 0
83800 -327 9 0
83800 -327 11 0
83800 327 -9 -11 0
83800 -328 9 0
83800 -328 12 0
83800 328 -9 -12 0
83800 -329 9 0
83800 -329 13 0
83800 329 -9 -13 0
83800 -330 9 0
83800 -330 14 0
83800 330 -9 -14 0
83800 -331 9 0
83800 -331 15 0
83800 331 -9 -15 0
83800 -332 9 0
83800 -332 16 0
83800 332 -9 -16 0
83800 -333 9 0
83800 -333 17 0
83800 333 -9 -17 0
83800 -334 9 0
83800 -334 18 0
83800 334 -9 -18 0
83800 -335 9 0
83800 -335 19 0
83800 335 -9 -19 0
83800 -336 9 0
83800 -336 20 0
83800 336 -9 -20 0
83800 -337 9 0
83800 -337 21 0
83800 337 -9 -21 0
83800 -338 9 0
83800 -338 22 0
83800 338 -9 -22 0
83800 -339 9 0
83800 -339 23 0
83800 339 -9 -23 0
83800 -340 9 0
83800 -340 24 0
83800 340 -9 -24 0
83800 -341 9 0
83800 -341 25 0
83800 341 -9 -25 0
83800 -342 9 0
83800 -342 26 0
83800 342 -9 -26 0
83800 -343 9 0
83800 -343 27 0
83800 343 -9 -27 0
83800 -344 9 0
83800 -344 28 0
83800 344 -9 -28 0
83800 -345 9 0
83800 -345 29 0
83800 345 -9 -29 0
83800 -346 9 0
83800 -346 30 0
83800 346 -9 -30 0
83800 -347 9 0
83800 -347 31 0
83800 347 -9 -31 0
83800 -348 9 0
83800 -348 32 0
83800 348 -9 -32 0
83800 -349 9 0
83800 -349 33 0
83800 349 -9 -33 0
83800 -350 9 0
83800 -350 34 0
83800 350 -9 -34 0
83800 -351 9 0
83800 -351 35 0
83800 351 -9 -35 0
83800 -352 9 0
83800 -352 36 0
83800 352 -9 -36 0
83800 -353 9 0
83800 -353 37 0
83800 353 -9 -37 0
83800 -354 9 0
83800 -354 38 0
83800 354 -9 -38 0
83800 -355 9 0
83800 -355 39 0
83800 355 -9 -39 0
83800 -356 9 0
83800 -356 40 0
83800 356 -9 -40 0
83800 -357 10 0
83800 -357 11 0
83800 357 -10 -11 0
83800 -358 10 0
83800 -358 12 0
83800 358 -10 -12 0
83800 -359 10 0
83800 -359 13 0
83800 359 -10 -13 0
83800 -360 10 0
83800 -360 14 0
83800 360 -10 -14 0
83800 -361 10 0
83800 -361 15 0
83800 361 -10 -15 0
83800 -362 10 0
83800 -362 16 0
83800 362 -10 -16 0
83800 -363 10 0
83800 -363 17 0
83800 363 -10 -17 0
83800 -364 10 0
83800 -364 18 0
83800 364 -10 -18 0
83800 -365 10 0
83800 -365 19 0
83800 365 -10 -19 0
83800 -366 10 0
83800 -366 20 0
83800 366 -10 -20 0
83800 -367 10 0
83800 -367 21 0
83800 367 -10 -21 0
83800 -368 10 0
83800 -368 22 0
83800 368 -10 -22 0
83800 -369 10 0
83800 -369 23 0
83800 369 -10 -23 0
83800 -370 10 0
83800 -370 24 0
83800 370 -10 -24 0
83800 -371 10 0
83800 -371 25 0
83800 371 -10 -25 0
83800 -372 10 0
83800 -372 26 0
83800 372 -10 -26 0
83800 -373 10 0
83800 -373 27 0
83800 373 -10 -27 0
83800 -374 10 0
83800 -374 28 0
83800 374 -10 -28 0
83800 -375 10 0
83800 -375 29 0
83800 375 -10 -29 0
83800 -376 10 0
83800 -376 30 0
83800 376 -10 -30 0
83800 -377 10 0
83800 -377 31 0
83800 377 -10 -31 0
83800 -378 10 0
83800 -378 32 0
83800 378 -10 -32 0
83800 -379 10 0
83800 -379 33 0
83800 379 -10 -33 0
83800 -380 10 0
83800 -380 34 0
83800 380 -10 -34 0
83800 -381 10 0
83800 -381 35 0
83800 381 -10 -35 0
83800 -382 10 0
83800 -382 36 0
83800 382 -10 -36 0
83800 -383 10 0
83800 -383 37 0
83800 383 -10 -37 0
83800 -384 10 0
83800 -384 38 0
83800 384 -10 -38 0
83800 -385 10 0
83800 -385 39 0
83800 385 -10 -39 0
83800 -386 10 0
83800 -386 40 0
83800 386 -10 -40 0
83800 -387 11 0
83800 -387 12 0
83800 387 -11 -12 0
83800 -388 11 0
83800 -388 13 0
83800 388 -11 -13 0
83800 -389 11 0
83800 -389 14 0
83800 389 -11 -14 0
83800 -390 11 0
83800 -390 15 0
83800 390 -11 -15 0
83800 -391 11 0
83800 -391 16 0
83800 391 -11 -16 0
83800 -392 11 0
83800 -392 17 0
83800 392 -11 -17 0
83800 -393 11 0
83800 -393 18 0
83800 393 -11 -18 0
83800 -394 11 0
83800 -394 19 0
83800 394 -11 -19 0
83800 -395 11 0
83800 -395 20 0
83800 395 -11 -20 0
83800 -396 11 0
83800 -396 21 0
83800 396 -11 -21 0
83800 -397 11 0
83800 -397 22 0
83800 397 -11 -22 0
83800 -398 11 0
83800 -398 23 0
83800 398 -11 -23 0
83800 -399 11 0
83800 -399 24 0
83800 399 -11 -24 0
83800 -400 11 0
83800 -400 25 0
83800 400 -11 -25 0
83800 -401 11 0
83800 -401 26 0
83800 401 -11 -26 0
83800 -402 11 0
83800 -402 27 0
83800 402 -11 -27 0
83800 -403 11 0
83800 -403 28 0
83800 403 -11 -28 0
83800 -404 11 0
83800 -404 29 0
83800 404 -11 -29 0
83800 -405 11 0
83800 -405 30 0
83800 405 -11 -30 0
83800 -406 11 0
83800 -406 31 0
83800 406 -11 -31 0
83800 -407 11 0
83800 -407 32 0
83800 407 -11 -32 0
83800 -408 11 0
83800 -408 33 0
83800 408 -11 -33 0
83800 -409 11 0
83800 -409 34 0
83800 409 -11 -34 0
83800 -410 11 0
83800 -410 35 0
83800 410 -11 -35 0
83800 -411 11 0
83800 -411 36 0
83800 411 -11 -36 0
83800 -412 11 0
83800 -412 37 0
83800 412 -11 -37 0
83800 -413 11 0
83800 -413 38 0
83800 413 -11 -38 0
83800 -414 11 0
83800 -414 39 0
83800 414 -11 -39 0
83800 -415 11 0
83800 -415 40 0
83800 415 -11 -40 0
83800 -416 12 0
83800 -416 13 0
83800 416 -12 -13 0
83800 -417 12 0
83800 -417 14 0
83800 417 -12 -14 0
83800 -418 12 0
83800 -418 15 0
83800 418 -12 -15 0
83800 -419 12 0
83800 -419 16 0
83800 419 -12 -16 0
83800 -420 12 0
83800 -420 17 0
83800 420 -12 -17 0
83800 -421 12 0
83800 -421 18 0
83800 421 -12 -18 0
83800 -422 12 0
83800 -422 19 0
83800 422 -12 -19 0
83800 -423 12 0
83800 -423 20 0
83800 423 -12 -20 0
83800 -424 12 0
83800 -424 21 0
83800 424 -12 -21 0
83800 -425 12 0
83800 -425 22 0
83800 425 -12 -22 0
83800 -426 12 0
83800 -426 23 0
83800 426 -12 -23 0
83800 -427 12 0
83800 -427 24 0
83800 427 -12 -24 0
83800 -428 12 0
83800 -428 25 0
83800 428 -12 -25 0
83800 -429 12 0
83800 -429 26 0
83800 429 -12 -26 0
83800 -430 12 0
83800 -430 27 0
83800 430 -12 -27 0
83800 -431 12 0
83800 -431 28 0
83800 431 -12 -28 0
83800 -432 12 0
83800 -432 29 0
83800 432 -12 -29 0
83800 -433 12 0
83800 -433 30 0
83800 433 -12 -30 0
83800 -434 12 0
83800 -434 31 0
83800 434 -12 -31 0
83800 -435 12 0
83800 -435 32 0
83800 435 -12 -32 0
83800 -436 12 0
83800 -436 33 0
83800 436 -12 -33 0
83800 -437 12 0
83800 -437 34 0
83800 437 -12 -34 0
83800 -438 12 0
83800 -438 35 0
83800 438 -12 -35 0
83800 -439 12 0
83800 -439 36 0
83800 439 -12 -36 0
83800 -440 12 0
83800 -440 37 0
83800 440 -12 -37 0
83800 -441 12 0
83800 -441 38 0
83800 441 -12 -38 0
83800 -442 12 0
83800 -442 39 0
83800 442 -12 -39 0
83800 -443 12 0
83800 -443 40 0
83800 443 -12 -40 0
83800 -444 13 0
83800 -444 14 0
83800 444 -13 -14 0
83800 -445 13 0
83800 -445 15 0
83800 445 -13 -15 0
83800 -446 13 0
83800 -446 16 0
83800 446 -13 -16 0
83800 -447 13 0
83800 -447 17 0
83800 447 -13 -17 0
83800 -448 13 0
83800 -448 18 0
83800 448 -13 -18 0
83800 -449 13 0
83800 -449 19 0
83800 449 -13 -19 0
83800 -450 13 0
83800 -450 20 0
83800 450 -13 -20 0
83800 -451 13 0
83800 -451 21 0
83800 451 -13 -21 0
83800 -452 13 0
83800 -452 22 0
83800 452 -13 -22 0
83800 -453 13 0
83800 -453 23 0
83800 453 -13 -23 0
83800 -454 13 0
83800 -454 24 0
83800 454 -13 -24 0
83800 -455 13 0
83800 -455 25 0
83800 455 -13 -25 0
83800 -456 13 0
83800 -456 26 0
83800 456 -13 -26 0
83800 -457 13 0
83800 -457 27 0
83800 457 -13 -27 0
83800 -458 13 0
83800 -458 28 0
83800 458 -13 -28 0
83800 -459 13 0
83800 -459 29 0
83800 459 -13 -29 0
83800 -460 13 0
83800 -460 30 0
83800 460 -13 -30 0
83800 -461 13 0
83800 -461 31 0
83800 461 -13 -31 0
83800 -462 13 0
83800 -462 32 0
83800 462 -13 -32 0
83800 -463 13 0
83800 -463 33 0
83800 463 -13 -33 0
83800 -464 13 0
83800 -464 34 0
83800 464 -13 -34 0
83800 -465 13 0
83800 -465 35 0
83800 465 -13 -35 0
83800 -466 13 0
83800 -466 36 0
83800 466 -13 -36 0
83800 -467 13 0
83800 -467 37 0
83800 467 -13 -37 0
83800 -468 13 0
83800 -468 38 0
83800 468 -13 -38 0
83800 -469 13 0
83800 -469 39 0
83800 469 -13 -39 0
83800 -470 13 0
83800 -470 40 0
83800 470 -13 -40 0
83800 -471 14 0
83800 -471 15 0
83800 471 -14 -15 0
83800 -472 14 0
83800 -472 16 0
83800 472 -14 -16 0
83800 -473 14 0
83800 -473 17 0
83800 473 -14 -17 0
83800 -474 14 0
83800 -474 18 0
83800 474 -14 -18 0
83800 -475 14 0
83800 -475 19 0
83800 475 -14 -19 0
83800 -476 14 0
83800 -476 20 0
83800 476 -14 -20 0
83800 -477 14 0
83800 -477 21 0
83800 477 -14 -21 0
83800 -478 14 0
83800 -478 22 0
83800 478 -14 -22 0
83800 -479 14 0
83800 -479 23 0
83800 479 -14 -23 0
83800 -480 14 0
83800 -480 24 0
83800 480 -14 -24 0
83800 -481 14 0
83800 -481 25 0
83800 481 -14 -25 0
83800 -482 14 0
83800 -482 26 0
83800 482 -14 -26 0
83800 -483 14 0
83800 -483 27 0
83800 483 -14 -27 0
83800 -484 14 0
83800 -484 28 0
83800 484 -14 -28 0
83800 -485 14 0
83800 -485 29 0
83800 485 -14 -29 0
83800 -486 14 0
83800 -486 30 0
83800 486 -14 -30 0
83800 -487 14 0
83800 -487 31 0
83800 487 -14 -31 0
83800 -488 14 0
83800 -488 32 0
83800 488 -14 -32 0
83800 -489 14 0
83800 -489 33 0
83800 489 -14 -33 0
83800 -490 14 0
83800 -490 34 0
83800 490 -14 -34 0
83800 -491 14 0
83800 -491 35 0
83800 491 -14 -35 0
83800 -492 14 0
83800 -492 36 0
83800 492 -14 -36 0
83800 -493 14 0
83800 -493 37 0
83800 493 -14 -37 0
83800 -494 14 0
83800 -494 38 0
83800 494 -14 -38 0
83800 -495 14 0
83800 -495 39 0
83800 495 -14 -39 0
83800 -496 14 0
83800 -496 40 0
83800 496 -14 -40 0
83800 -497 15 0
83800 -497 16 0
83800 497 -15 -16 0
83800 -498 15 0
83800 -498 17 0
83800 498 -15 -17 0
83800 -499 15 0
83800 -499 18 0
83800 499 -15 -18 0
83800 -500 15 0
83800 -500 19 0
83800 500 -15 -19 0
83800 -501 15 0
83800 -501 20 0
83800 501 -15 -20 0
83800 -502 15 0
83800 -502 21 0
83800 502 -15 -21 0
83800 -503 15 0
83800 -503 22 0
83800 503 -15 -22 0
83800 -504 15 0
83800 -504 23 0
83800 504 -15 -23 0
83800 -505 15 0
83800 -505 24 0
83800 505 -15 -24 0
83800 -506 15 0
83800 -506 25 0
83800 506 -15 -25 0
83800 -507 15 0
83800 -507 26 0
83800 507 -15 -26 0
83800 -508 15 0
83800 -508 27 0
83800 508 -15 -27 0
83800 -509 15 0
83800 -509 28 0
83800 509 -15 -28 0
83800 -510 15 0
83800 -510 29 0
83800 510 -15 -29 0
83800 -511 15 0
83800 -511 30 0
83800 511 -15 -30 0
83800 -512 15 0
83800 -512 31 0
83800 512 -15 -31 0
83800 -513 15 0
83800 -513 32 0
83800 513 -15 -32 0
83800 -514 15 0
83800 -514 33 0
83800 514 -15 -33 0
83800 -515 15 0
83800 -515 34 0
83800 515 -15 -34 0
83800 -516 15 0
83800 -516 35 0
83800 516 -15 -35 0
83800 -517 15 0
83800 -517 36 0
83800 517 -15 -36 0
83800 -518 15 0
83800 -518 37 0
83800 518 -15 -37 0
83800 -519 15 0
83800 -519 38 0
83800 519 -15 -38 0
83800 -520 15 0
83800 -520 39 0
83800 520 -15 -39 0
83800 -521 15 0
83800 -521 40 0
83800 521 -15 -40 0
83800 -522 16 0
83800 -522 17 0
83800 522 -16 -17 0
83800 -523 16 0
83800 -523 18 0
83800 523 -16 -18 0
83800 -524 16 0
83800 -524 19 0
83800 524 -16 -19 0
83800 -525 16 0
83800 -525 20 0
83800 525 -16 -20 0
83800 -526 16 0
83800 -526 21 0
83800 526 -16 -21 0
83800 -527 16 0
83800 -527 22 0
83800 527 -16 -22 0
83800 -528 16 0
83800 -528 23 0
83800 528 -16 -23 0
83800 -529 16 0
83800 -529 24 0
83800 529 -16 -24 0
83800 -530 16 0
83800 -530 25 0
83800 530 -16 -25 0
83800 -531 16 0
83800 -531 26 0
83800 531 -16 -26 0
83800 -532 16 0
83800 -532 27 0
83800 532 -16 -27 0
83800 -533 16 0
83800 -533 28 0
83800 533 -16 -28 0
83800 -534 16 0
83800 -534 29 0
83800 534 -16 -29 0
83800 -535 16 0
83800 -535 30 0
83800 535 -16 -30 0
83800 -536 16 0
83800 -536 31 0
83800 536 -16 -31 0
83800 -537 16 0
83800 -537 32 0
83800 537 -16 -32 0
83800 -538 16 0
83800 -538 33 0
83800 538 -16 -33 0
83800 -539 16 0
83800 -539 34 0
83800 539 -16 -34 0
83800 -540 16 0
83800 -540 35 0
83800 540 -16 -35 0
83800 -541 16 0
83800 -541 36 0
83800 541 -16 -36 0
83800 -542 16 0
83800 -542 37 0
83800 542 -16 -37 0
83800 -543 16 0
83800 -543 38 0
83800 543 -16 -38 0
83800 -544 16 0
83800 -544 39 0
83800 544 -16 -39 0
83800 -545 16 0
83800 -545 40 0
83800 545 -16 -40 0
83800 -546 17 0
83800 -546 18 0
83800 546 -17 -18 0
83800 -547 17 0
83800 -547 19 0
83800 547 -17 -19 0
83800 -548 17 0
83800 -548 20 0
83800 548 -17 -20 0
83800 -549 17 0
83800 -549 21 0
83800 549 -17 -21 0
83800 -550 17 0
83800 -550 22 0
83800 550 -17 -22 0
83800 -551 17 0
83800 -551 23 0
83800 551 -17 -23 0
83800 -552 17 0
83800 -552 24 0
83800 552 -17 -24 0
83800 -553 17 0
83800 -553 25 0
83800 553 -17 -25 0
83800 -554 17 0
83800 -554 26 0
83800 554 -17 -26 0
83800 -555 17 0
83800 -555 27 0
83800 555 -17 -27 0
83800 -556 17 0
83800 -556 28 0
83800 556 -17 -28 0
83800 -557 17 0
83800 -557 29 0
83800 557 -17 -29 0
83800 -558 17 0
83800 -558 30 0
83800 558 -17 -30 0
83800 -559 17 0
83800 -559 31 0
83800 559 -17 -31 0
83800 -560 17 0
83800 -560 32 0
83800 560 -17 -32 0
83800 -561 17 0
83800 -561 33 0
83800 561 -17 -33 0
83800 -562 17 0
83800 -562 34 0
83800 562 -17 -34 0
83800 -563 17 0
83800 -563 35 0
83800 563 -17 -35 0
83800 -564 17 0
83800 -564 36 0
83800 564 -17 -36 0
83800 -565 17 0
83800 -565 37 0
83800 565 -17 -37 0
83800 -566 17 0
83800 -566 38 0
83800 566 -17 -38 0
83800 -567 17 0
83800 -567 39 0
83800 567 -17 -39 0
83800 -568 17 0
83800 -568 40 0
83800 568 -17 -40 0
83800 -569 18 0
83800 -569 19 0
83800 569 -18 -19 0
83800 -570 18 0
83800 -570 20 0
83800 570 -18 -20 0
83800 -571 18 0
83800 -571 21 0
83800 571 -18 -21 0
83800 -572 18 0
83800 -572 22 0
83800 572 -18 -22 0
83800 -573 18 0
83800 -573 23 0
83800 573 -18 -23 0
83800 -574 18 0
83800 -574 24 0
83800 574 -18 -24 0
83800 -575 18 0
83800 -575 25 0
83800 575 -18 -25 0
83800 -576 18 0
83800 -576 26 0
83800 576 -18 -26 0
83800 -577 18 0
83800 -577 27 0
83800 577 -18 -27 0
83800 -578 18 0
83800 -578 28 0
83800 578 -18 -28 0
83800 -579 18 0
83800 -579 29 0
83800 579 -18 -29 0
83800 -580 18 0
83800 -580 30 0
83800 580 -18 -30 0
83800 -581 18 0
83800 -581 31 0
83800 581 -18 -31 0
83800 -582 18 0
83800 -582 32 0
83800 582 -18 -32 0
83800 -583 18 0
83800 -583 33 0
83800 583 -18 -33 0
83800 -584 18 0
83800 -584 34 0
83800 584 -18 -34 0
83800 -585 18 0
83800 -585 35 0
83800 585 -18 -35 0
83800 -586 18 0
83800 -586 36 0
83800 586 -18 -36 0
83800 -587 18 0
83800 -587 37 0
83800 587 -18 -37 0
83800 -588 18 0
83800 -588 38 0
83800 588 -18 -38 0
83800 -589 18 0
83800 -589 39 0
83800 589 -18 -39 0
83800 -590 18 0
83800 -590 40 0
83800 590 -18 -40 0
83800 -591 19 0
83800 -591 20 0
83800 591 -19 -20 0
83800 -592 19 0
83800 -592 21 0
83800 592 -19 -21 0
83800 -593 19 0
83800 -593 22 0
83800 593 -19 -22 0
83800 -594 19 0
83800 -594 23 0
83800 594 -19 -23 0
83800 -595 19 0
83800 -595 24 0
83800 595 -19 -24 0
83800 -596 19 0
83800 -596 25 0
83800 596 -19 -25 0
83800 -597 19 0
83800 -597 26 0
83800 597 -19 -26 0
83800 -598 19 0
83800 -598 27 0
83800 598 -19 -27 0
83800 -599 19 0
83800 -599 28 0
83800 599 -19 -28 0
83800 -600 19 0
83800 -600 29 0
83800 600 -19 -29 0
83800 -601 19 0
83800 -601 30 0
83800 601 -19 -30 0
83800 -602 19 0
83800 -602 31 0
83800 602 -19 -31 0
83800 -603 19 0
83800 -603 32 0
83800 603 -19 -32 0
83800 -604 19 0
83800 -604 33 0
83800 604 -19 -33 0
83800 -605 19 0
83800 -605 34 0
83800 605 -19 -34 0
83800 -606 19 0
83800 -606 35 0
83800 606 -19 -35 0
83800 -607 19 0
83800 -607 36 0
83800 607 -19 -36 0
83800 -608 19 0
83800 -608 37 0
83800 608 -19 -37 0
83800 -609 19 0
83800 -609 38 0
83800 609 -19 -38 0
83800 -610 19 0
83800 -610 39 0
83800 610 -19 -39 0
83800 -611 19 0
83800 -611 40 0
83800 611 -19 -40 0
83800 -612 20 0
83800 -612 21 0
83800 612 -20 -21 0
83800 -613 20 0
83800 -613 22 0
83800 613 -20 -22 0
83800 -614 20 0
83800 -614 23 0
83800 614 -20 -23 0
83800 -615 20 0
83800 -615 24 0
83800 615 -20 -24 0
83800 -616 20 0
83800 -616 25 0
83800 616 -20 -25 0
83800 -617 20 0
83800 -617 26 0
83800 617 -20 -26 0
83800 -618 20 0
83800 -618 27 0
83800 618 -20 -27 0
83800 -619 20 0
83800 -619 28 0
83800 619 -20 -28 0
83800 -620 20 0
83800 -620 29 0
83800 620 -20 -29 0
83800 -621 20 0
83800 -621 30 0
83800 621 -20 -30 0
83800 -622 20 0
83800 -622 31 0
83800 622 -20 -31 0
83800 -623 20 0
83800 -623 32 0
83800 623 -20 -32 0
83800 -624 20 0
83800 -624 33 0
83800 624 -20 -33 0
83800 -625 20 0
83800 -625 34 0
83800 625 -20 -34 0
83800 -626 20 0
83800 -626 35 0
83800 626 -20 -35 0
83800 -627 20 0
83800 -627 36 0
83800 627 -20 -36 0
83800 -628 20 0
83800 -628 37 0
83800 628 -20 -37 0
83800 -629 20 0
83800 -629 38 0
83800 629 -20 -38 0
83800 -630 20 0
83800 -630 39 0
83800 630 -20 -39 0
83800 -631 20 0
83800 -631 40 0
83800 631 -20 -40 0
83800 -632 21 0
83800 -632 22 0
83800 632 -21 -22 0
83800 -633 21 0
83800 -633 23 0
83800 633 -21 -23 0
83800 -634 21 0
83800 -634 24 0
83800 634 -21 -24 0
83800 -635 21 0
83800 -635 25 0
83800 635 -21 -25 0
83800 -636 21 0
83800 -636 26 0
83800 636 -21 -26 0
83800 -637 21 0
83800 -637 27 0
83800 637 -21 -27 0
83800 -638 21 0
83800 -638 28 0
83800 638 -21 -28 0
83800 -639 21 0
83800 -639 29 0
83800 639 -21 -29 0
83800 -640 21 0
83800 -640 30 0
83800 640 -21 -30 0
83800 -641 21 0
83800 -641 31 0
83800 641 -21 -31 0
83800 -642 21 0
83800 -642 32 0
83800 642 -21 -32 0
83800 -643 21 0
83800 -643 33 0
83800 643 -21 -33 0
83800 -644 21 0
83800 -644 34 0
83800 644 -21 -34 0
83800 -645 21 0
83800 -645 35 0
83800 645 -21 -35 0
83800 -646 21 0
83800 -646 36 0
83800 646 -21 -36 0
83800 -647 21 0
83800 -647 37 0
83800 647 -21 -37 0
83800 -648 21 0
83800 -648 38 0
83800 648 -21 -38 0
83800 -649 21 0
83800 -649 39 0
83800 649 -21 -39 0
83800 -650 21 0
83800 -650 40 0
83800 650 -21 -40 0
83800 -651 22 0
83800 -651 23 0
83800 651 -22 -23 0
83800 -652 22 0
83800 -652 24 0
83800 652 -22 -24 0
83800 -653 22 0
83800 -653 25 0
83800 653 -22 -25 0
83800 -654 22 0
83800 -654 26 0
83800 654 -22 -26 0
83800 -655 22 0
83800 -655 27 0
83800 655 -22 -27 0
83800 -656 22 0
83800 -656 28 0
83800 656 -22 -28 0
83800 -657 22 0
83800 -657 29 0
83800 657 -22 -29 0
83800 -658 22 0
83800 -658 30 0
83800 658 -22 -30 0
83800 -659 22 0
83800 -659 31 0
83800 659 -22 -31 0
83800 -660 22 0
83800 -660 32 0
83800 660 -22 -32 0
83800 -661 22 0
83800 -661 33 0
83800 661 -22 -33 0
83800 -662 22 0
83800 -662 34 0
83800 662 -22 -34 0
83800 -663 22 0
83800 -663 35 0
83800 663 -22 -35 0
83800 -664 22 0
83800 -664 36 0
83800 664 -22 -36 0
83800 -665 22 0
83800 -665 37 0
83800 665 -22 -37 0
83800 -666 22 0
83800 -666 38 0
83800 666 -22 -38 0
83800 -667 22 0
83800 -667 39 0
83800 667 -22 -39 0
83800 -668 22 0
83800 -668 40 0
83800 668 -22 -40 0
83800 -669 23 0
83800 -669 24 0
83800 669 -23 -24 0
83800 -670 23 0
83800 -670 25 0
83800 670 -23 -25 0
83800 -671 23 0
83800 -671 26 0
83800 671 -23 -26 0
83800 -672 23 0
83800 -672 27 0
83800 672 -23 -27 0
83800 -673 23 0
83800 -673 28 0
83800 673 -23 -28 0
83800 -674 23 0
83800 -674 29 0
83800 674 -23 -29 0
83800 -675 23 0
83800 -675 30 0
83800 675 -23 -30 0
83800 -676 23 0
83800 -676 31 0
83800 676 -23 -31 0
83800 -677 23 0
83800 -677 32 0
83800 677 -23 -32 0
83800 -678 23 0
83800 -678 33 0
83800 678 -23 -33 0
83800 -679 23 0
83800 -679 34 0
83800 679 -23 -34 0
83800 -680 23 0
83800 -680 35 0
83800 680 -23 -35 0
83800 -681 23 0
83800 -681 36 0
83800 681 -23 -36 0
83800 -682 23 0
83800 -682 37 0
83800 682 -23 -37 0
83800 -683 23 0
83800 -683 38 0
83800 683 -23 -38 0
83800 -684 23 0
83800 -684 39 0
83800 684 -23 -39 0
83800 -685 23 0
83800 -685 40 0
83800 685 -23 -40 0
83800 -686 24 0
83800 -686 25 0
83800 686 -24 -25 0
83800 -687 24 0
83800 -687 26 0
83800 687 -24 -26 0
83800 -688 24 0
83800 -688 27 0
83800 688 -24 -27 0
83800 -689 24 0
83800 -689 28 0
83800 689 -24 -28 0
83800 -690 24 0
83800 -690 29 0
83800 690 -24 -29 0
83800 -691 24 0
83800 -691 30 0
83800 691 -24 -30 0
83800 -692 24 0
83800 -692 31 0
83800 692 -24 -31 0
83800 -693 24 0
83800 -693 32 0
83800 693 -24 -32 0
83800 -694 24 0
83800 -694 33 0
83800 694 -24 -33 0
83800 -695 24 0
83800 -695 34 0
83800 695 -24 -34 0
83800 -696 24 0
83800 -696 35 0
83800 696 -24 -35 0
83800 -697 24 0
83800 -697 36 0
83800 697 -24 -36 0
83800 -698 24 0
83800 -698 37 0
83800 698 -24 -37 0
83800 -699 24 0
83800 -699 38 0
83800 699 -24 -38 0
83800 -700 24 0
83800 -700 39 0
83800 700 -24 -39 0
83800 -701 24 0
83800 -701 40 0
83800 701 -24 -40 0
83800 -702 25 0
83800 -702 26 0
83800 702 -25 -26 0
83800 -703 25 0
83800 -703 27 0
83800 703 -25 -27 0
83800 -704 25 0
83800 -704 28 0
83800 704 -25 -28 0
83800 -705 25 0
83800 -705 29 0
83800 705 -25 -29 0
83800 -706 25 0
83800 -706 30 0
83800 706 -25 -30 0
83800 -707 25 0
83800 -707 31 0
83800 707 -25 -31 0
83800 -708 25 0
83800 -708 32 0
83800 708 -25 -32 0
83800 -709 25 0
83800 -709 33 0
83800 709 -25 -33 0
83800 -710 25 0
83800 -710 34 0
83800 710 -25 -34 0
83800 -711 25 0
83800 -711 35 0
83800 711 -25 -35 0
83800 -712 25 0
83800 -712 36 0
83800 712 -25 -36 0
83800 -713 25 0
83800 -713 37 0
83800 713 -25 -37 0
83800 -714 25 0
83800 -714 38 0
83800 714 -25 -38 0
83800 -715 25 0
83800 -715 39 0
83800 715 -25 -39 0
83800 -716 25 0
83800 -716 40 0
83800 716 -25 -40 0
83800 -717 26 0
83800 -717 27 0
83800 717 -26 -27 0
83800 -718 26 0
83800 -718 28 0
83800 718 -26 -28 0
83800 -719 26 0
83800 -719 29 0
83800 719 -26 -29 0
83800 -720 26 0
83800 -720 30 0
83800 720 -26 -30 0
83800 -721 26 0
83800 -721 31 0
83800 721 -26 -31 0
83800 -722 26 0
83800 -722 32 0
83800 722 -26 -32 0
83800 -723 26 0
83800 -723 33 0
83800 723 -26 -33 0
83800 -724 26 0
83800 -724 34 0
83800 724 -26 -34 0
83800 -725 26 0
83800 -725 35 0
83800 725 -26 -35 0
83800 -726 26 0
83800 -726 36 0
83800 726 -26 -36 0
83800 -727 26 0
83800 -727 37 0
83800 727 -26 -37 0
83800 -728 26 0
83800 -728 38 0
83800 728 -26 -38 0
83800 -729 26 0
83800 -729 39 0
83800 729 -26 -39 0
83800 -730 26 0
83800 -730 40 0
83800 730 -26 -40 0
83800 -731 27 0
83800 -731 28 0
83800 731 -27 -28 0
83800 -732 27 0
83800 -732 29 0
83800 732 -27 -29 0
83800 -733 27 0
83800 -733 30 0
83800 733 -27 -30 0
83800 -734 27 0
83800 -734 31 0
83800 734 -27 -31 0
83800 -735 27 0
83800 -735 32 0
83800 735 -27 -32 0
83800 -736 27 0
83800 -736 33 0
83800 736 -27 -33 0
83800 -737 27 0
83800 -737 34 0
83800 737 -27 -34 0
83800 -738 27 0
83800 -738 35 0
83800 738 -27 -35 0
83800 -739 27 0
83800 -739 36 0
83800 739 -27 -36 0
83800 -740 27 0
83800 -740 37 0
83800 740 -27 -37 0
83800 -741 27 0
83800 -741 38 0
83800 741 -27 -38 0
83800 -742 27 0
83800 -742 39 0
83800 742 -27 -39 0
83800 -743 27 0
83800 -743 40 0
83800 743 -27 -40 0
83800 -744 28 0
83800 -744 29 0
83800 744 -28 -29 0
83800 -745 28 0
83800 -745 30 0
83800 745 -28 -30 0
83800 -746 28 0
83800 -746 31 0
83800 746 -28 -31 0
83800 -747 28 0
83800 -747 32 0
83800 747 -28 -32 0
83800 -748 28 0
83800 -748 33 0
83800 748 -28 -33 0
83800 -749 28 0
83800 -749 34 0
83800 749 -28 -34 0
83800 -750 28 0
83800 -750 35 0
83800 750 -28 -35 0
83800 -751 28 0
83800 -751 36 0
83800 751 -28 -36 0
83800 -752 28 0
83800 -752 37 0
83800 752 -28 -37 0
83800 -753 28 0
83800 -753 38 0
83800 753 -28 -38 0
83800 -754 28 0
83800 -754 39 0
83800 754 -28 -39 0
83800 -755 28 0
83800 -755 40 0
83800 755 -28 -40 0
83800 -756 29 0
83800 -756 30 0
83800 756 -29 -30 0
83800 -757 29 0
83800 -757 31 0
83800 757 -29 -31 0
83800 -758 29 0
83800 -758 32 0
83800 758 -29 -32 0
83800 -759 29 0
83800 -759 33 0
83800 759 -29 -33 0
83800 -760 29 0
83800 -760 34 0
83800 760 -29 -34 0
83800 -761 29 0
83800 -761 35 0
83800 761 -29 -35 0
83800 -762 29 0
83800 -762 36 0
83800 762 -29 -36 0
83800 -763 29 0
83800 -763 37 0
83800 763 -29 -37 0
83800 -764 29 0
83800 -764 38 0
83800 764 -29 -38 0
83800 -765 29 0
83800 -765 39 0
83800 765 -29 -39 0
83800 -766 29 0
83800 -766 40 0
83800 766 -29 -40 0
83800 -767 30 0
83800 -767 31 0
83800 767 -30 -31 0
83800 -768 30 0
83800 -768 32 0
83800 768 -30 -32 0
83800 -769 30 0
83800 -769 33 0
83800 769 -30 -33 0
83800 -770 30 0
83800 -770 34 0
83800 770 -30 -34 0
83800 -771 30 0
83800 -771 35 0
83800 771 -30 -35 0
83800 -772 30 0
83800 -772 36 0
83800 772 -30 -36 0
83800 -773 30 0
83800 -773 37 0
83800 773 -30 -37 0
83800 -774 30 0
83800 -774 38 0
83800 774 -30 -38 0
83800 -775 30 0
83800 -775 39 0
83800 775 -30 -39 0
83800 -776 30 0
83800 -776 40 0
83800 776 -30 -40 0
83800 -777 31 0
83800 -777 32 0
83800 777 -31 -32 0
83800 -778 31 0
83800 -778 33 0
83800 778 -31 -33 0
83800 -779 31 0
83800 -779 34 0
83800 779 -31 -34 0
83800 -780 31 0
83800 -780 35 0
83800 780 -31 -35 0
83800 -781 31 0
83800 -781 36 0
83800 781 -31 -36 0
83800 -782 31 0
83800 -782 37 0
83800 782 -31 -37 0
83800 -783 31 0
83800 -783 38 0
83800 783 -31 -38 0
83800 -784 31 0
83800 -784 39 0
83800 784 -31 -39 0
83800 -785 31 0
83800 -785 40 0
83800 785 -31 -40 0
83800 -786 32 0
83800 -786 33 0
83800 786 -32 -33 0
83800 -787 32 0
83800 -787 34 0
83800 787 -32 -34 0
83800 -788 32 0
83800 -788 35 0
83800 788 -32 -35 0
83800 -789 32 0
83800 -789 36 0
83800 789 -32 -36 0
83800 -790 32 0
83800 -790 37 0
83800 790 -32 -37 0
83800 -791 32 0
83800 -791 38 0
83800 791 -32 -38 0
83800 -792 32 0
83800 -792 39 0
83800 792 -32 -39 0
83800 -793 32 0
83800 -793 40 0
83800 793 -32 -40 0
83800 -794 33 0
83800 -794 34 0
83800 794 -33 -34 0
83800 -795 33 0
83800 -795 35 0
83800 795 -33 -35 0
83800 -796 33 0
83800 -796 36 0
83800 796 -33 -36 0
83800 -797 33 0
83800 -797 37 0
83800 797 -33 -37 0
83800 -798 33 0
83800 -798 38 0
83800 798 -33 -38 0
83800 -799 33 0
83800 -799 39 0
83800 799 -33 -39 0
83800 -800 33 0
83800 -800 40 0
83800 800 -33 -40 0
83800 -801 34 0
83800 -801 35 0
83800 801 -34 -35 0
83800 -802 34 0
83800 -802 36 0
83800 802 -34 -36 0
83800 -803 34 0
83800 -803 37 0
83800 803 -34 -37 0
83800 -804 34 0
83800 -804 38 0
83800 804 -34 -38 0
83800 -805 34 0
83800 -805 39 0
83800 805 -34 -39 0
83800 -806 34 0
83800 -806 40 0
83800 806 -34 -40 0
83800 -807 35 0
83800 -807 36 0
83800 807 -35 -36 0
83800 -808 35 0
83800 -808 37 0
83800 808 -35 -37 0
83800 -809 35 0
83800 -809 38 0
83800 809 -35 -38 0
83800 -810 35 0
83800 -810 39 0
83800 810 -35 -39 0
83800 -811 35 0
83800 -811 40 0
83800 811 -35 -40 0
83800 -812 36 0
83800 -812 37 0
83800 812 -36 -37 0
83800 -813 36 0
83800 -813 38 0
83800 813 -36 -38 0
83800 -814 36 0
83800 -814 39 0
83800 814 -36 -39 0
83800 -815 36 0
83800 -815 40 0
83800 815 -36 -40 0
83800 -816 37 0
83800 -816 38 0
83800 816 -37 -38 0
83800 -817 37 0
83800 -817 39 0
83800 817 -37 -39 0
83800 -818 37 0
83800 -818 40 0
83800 818 -37 -40 0
83800 -819 38 0
83800 -819 39 0
83800 819 -38 -39 0
83800 -820 38 0
83800 -820 40 0
83800 820 -38 -40 0
83800 -821 39 0
83800 -821 40 0
83800 821 -39 -40 0
62 1 0
83790 -1 0
100236 42 0
83790 -42 0
77558 43 0
83790 -43 0
98824 44 0
83790 -44 0
109272 45 0
83790 -45 0
87570 46 0
83790 -46 0
99436 47 0
83790 -47 0
80272 48 0
83790 -48 0
88686 49 0
83790 -49 0
82664 50 0
83790 -50 0
67754 51 0
83790 -51 0
86754 52 0
83790 -52 0
77096 53 0
83790 -53 0
92494 54 0
83790 -54 0
100054 55 0
83790 -55 0
91894 56 0
83790 -56 0
81664 57 0
83790 -57 0
82254 58 0
83790 -58 0
88288 59 0
83790 -59 0
71560 60 0
83790 -60 0
85144 61 0
83790 -61 0
83018 62 0
83790 -62 0
87614 63 0
83790 -63 0
85536 64 0
83790 -64 0
88620 65 0
83790 -65 0
92894 66 0
83790 -66 0
79438 67 0
83790 -67 0
86682 68 0
83790 -68 0
79754 69 0
83790 -69 0
77974 70 0
83790 -70 0
84996 71 0
83790 -71 0
91396 72 0
83790 -72 0
78154 73 0
83790 -73 0
85248 74 0
83790 -74 0
82178 75 0
83790 -75 0
86744 76 0
83790 -76 0
81276 77 0
83790 -77 0
87834 78 0
83790 -78 0
82582 79 0
83790 -79 0
83830 80 0
83790 -80 0
67316 2 0
83790 -2 0
85466 81 0
83790 -81 0
82150 82 0
83790 -82 0
68310 83 0
83790 -83 0
89060 84 0
83790 -84 0
77478 85 0
83790 -85 0
74302 86 0
83790 -86 0
69980 87 0
83790 -87 0
76878 88 0
83790 -88 0
99752 89 0
83790 -89 0
87200 90 0
83790 -90 0
69850 91 0
83790 -91 0
81488 92 0
83790 -92 0
82256 93 0
83790 -93 0
81762 94 0
83790 -94 0
83338 95 0
83790 -95 0
91402 96 0
83790 -96 0
83786 97 0
83790 -97 0
74830 98 0
83790 -98 0
86002 99 0
83790 -99 0
81094 100 0
83790 -100 0
101188 101 0
83790 -101 0
73562 102 0
83790 -102 0
81056 103 0
83790 -103 0
84510 104 0
83790 -104 0
69298 105 0
83790 -105 0
81248 106 0
83790 -106 0
92154 107 0
83790 -107 0
82960 108 0
83790 -108 0
91876 109 0
83790 -109 0
76676 110 0
83790 -110 0
87160 111 0
83790 -111 0
86040 112 0
83790 -112 0
85222 113 0
83790 -113 0
84784 114 0
83790 -114 0
86148 115 0
83790 -115 0
80784 116 0
83790 -116 0
85134 117 0
83790 -117 0
83770 118 0
83790 -118 0
52791 3 0
83790 -3 0
83900 119 0
83790 -119 0
92464 120 0
83790 -120 0
104422 121 0
83790 -121 0
87510 122 0
83790 -122 0
95512 123 0
83790 -123 0
78202 124 0
83790 -124 0
72646 125 0
83790 -125 0
91766 126 0
83790 -126 0
72334 127 0
83790 -127 0
79722 128 0
83790 -128 0
71292 129 0
83790 -129 0
76008 130 0
83790 -130 0
91970 131 0
83790 -131 0
83752 132 0
83790 -132 0
94304 133 0
83790 -133 0
82826 134 0
83790 -134 0
78248 135 0
83790 -135 0
81280 136 0
83790 -136 0
78984 137 0
83790 -137 0
96258 138 0
83790 -138 0
93548 139 0
83790 -139 0
85746 140 0
83790 -140 0
85754 141 0
83790 -141 0
85416 142 0
83790 -142 0
76902 143 0
83790 -143 0
94286 144 0
83790 -144 0
91856 145 0
83790 -145 0
73350 146 0
83790 -146 0
89544 147 0
83790 -147 0
85234 148 0
83790 -148 0
85028 149 0
83790 -149 0
79316 150 0
83790 -150 0
83274 151 0
83790 -151 0
86930 152 0
83790 -152 0
85546 153 0
83790 -153 0
82342 154 0
83790 -154 0
83630 155 0
83790 -155 0
74256 4 0
83790 -4 0
76380 156 0
83790 -156 0
94768 157 0
83790 -157 0
91838 158 0
83790 -158 0
86284 159 0
83790 -159 0
77040 160 0
83790 -160 0
83290 161 0
83790 -161 0
81136 162 0
83790 -162 0
96522 163 0
83790 -163 0
91264 164 0
83790 -164 0
62666 165 0
83790 -165 0
71402 166 0
83790 -166 0
77230 167 0
83790 -167 0
91906 168 0
83790 -168 0
90370 169 0
83790 -169 0
80610 170 0
83790 -170 0
87366 171 0
83790 -171 0
86302 172 0
83790 -172 0
72592 173 0
83790 -173 0
86002 174 0
83790 -174 0
100904 175 0
83790 -175 0
85166 176 0
83790 -176 0
77264 177 0
83790 -177 0
94136 178 0
83790 -178 0
79192 179 0
83790 -179 0
90862 180 0
83790 -180 0
92234 181 0
83790 -181 0
78200 182 0
83790 -182 0
86360 183 0
83790 -183 0
74052 184 0
83790 -184 0
91572 185 0
83790 -185 0
77226 186 0
83790 -186 0
80950 187 0
83790 -187 0
88404 188 0
83790 -188 0
76920 189 0
83790 -189 0
88246 190 0
83790 -190 0
84160 191 0
83790 -191 0
111633 5 0
83790 -5 0
70110 192 0
83790 -192 0
75030 193 0
83790 -193 0
83028 194 0
83790 -194 0
91652 195 0
83790 -195 0
93764 196 0
83790 -196 0
92560 197 0
83790 -197 0
83276 198 0
83790 -198 0
91608 199 0
83790 -199 0
72866 200 0
83790 -200 0
89250 201 0
83790 -201 0
88378 202 0
83790 -202 0
86258 203 0
83790 -203 0
73116 204 0
83790 -204 0
85700 205 0
83790 -205 0
81400 206 0
83790 -206 0
80276 207 0
83790 -207 0
75440 208 0
83790 -208 0
83722 209 0
83790 -209 0
70818 210 0
83790 -210 0
66736 211 0
83790 -211 0
71146 212 0
83790 -212 0
82036 213 0
83790 -213 0
78856 214 0
83790 -214 0
94302 215 0
83790 -215 0
85880 216 0
83790 -216 0
82370 217 0
83790 -217 0
79330 218 0
83790 -218 0
90350 219 0
83790 -219 0
83772 220 0
83790 -220 0
84550 221 0
83790 -221 0
83586 222 0
83790 -222 0
87406 223 0
83790 -223 0
77230 224 0
83790 -224 0
87910 225 0
83790 -225 0
84090 226 0
83790 -226 0
56845 6 0
83790 -6 0
87402 227 0
83790 -227 0
93250 228 0
83790 -228 0
93180 229 0
83790 -229 0
94394 230 0
83790 -230 0
60220 231 0
83790 -231 0
79290 232 0
83790 -232 0
74584 233 0
83790 -233 0
80506 234 0
83790 -234 0
88990 235 0
83790 -235 0
98798 236 0
83790 -236 0
76978 237 0
83790 -237 0
70426 238 0
83790 -238 0
77388 239 0
83790 -239 0
85730 240 0
83790 -240 0
85780 241 0
83790 -241 0
85532 242 0
83790 -242 0
71424 243 0
83790 -243 0
67596 244 0
83790 -244 0
82332 245 0
83790 -245 0
80222 246 0
83790 -246 0
84322 247 0
83790 -247 0
87146 248 0
83790 -248 0
87790 249 0
83790 -249 0
80576 250 0
83790 -250 0
87682 251 0
83790 -251 0
82772 252 0
83790 -252 0
87902 253 0
83790 -253 0
82354 254 0
83790 -254 0
85916 255 0
83790 -255 0
88830 256 0
83790 -256 0
80978 257 0
83790 -257 0
78214 258 0
83790 -258 0
88142 259 0
83790 -259 0
84130 260 0
83790 -260 0
64416 7 0
83790 -7 0
89098 261 0
83790 -261 0
87332 262 0
83790 -262 0
96778 263 0
83790 -263 0
89288 264 0
83790 -264 0
82686 265 0
83790 -265 0
84570 266 0
83790 -266 0
93374 267 0
83790 -267 0
86706 268 0
83790 -268 0
81626 269 0
83790 -269 0
82256 270 0
83790 -270 0
85690 271 0
83790 -271 0
102556 272 0
83790 -272 0
87024 273 0
83790 -273 0
83424 274 0
83790 -274 0
84350 275 0
83790 -275 0
99438 276 0
83790 -276 0
88632 277 0
83790 -277 0
81506 278 0
83790 -278 0
88510 279 0
83790 -279 0
75072 280 0
83790 -280 0
81378 281 0
83790 -281 0
79386 282 0
83790 -282 0
86456 283 0
83790 -283 0
94284 284 0
83790 -284 0
73616 285 0
83790 -285 0
90210 286 0
83790 -286 0
79608 287 0
83790 -287 0
86774 288 0
83790 -288 0
79878 289 0
83790 -289 0
80822 290 0
83790 -290 0
85628 291 0
83790 -291 0
80270 292 0
83790 -292 0
83290 293 0
83790 -293 0
62725 8 0
83790 -8 0
87966 294 0
83790 -294 0
80798 295 0
83790 -295 0
91300 296 0
83790 -296 0
88070 297 0
83790 -297 0
86700 298 0
83790 -298 0
91754 299 0
83790 -299 0
78454 300 0
83790 -300 0
82448 301 0
83790 -301 0
89912 302 0
83790 -302 0
92134 303 0
83790 -303 0
98524 304 0
83790 -304 0
82248 305 0
83790 -305 0
89406 306 0
83790 -306 0
91266 307 0
83790 -307 0
82524 308 0
83790 -308 0
85136 309 0
83790 -309 0
86222 310 0
83790 -310 0
78628 311 0
83790 -311 0
80494 312 0
83790 -312 0
83412 313 0
83790 -313 0
77308 314 0
83790 -314 0
75180 315 0
83790 -315 0
83218 316 0
83790 -316 0
84208 317 0
83790 -317 0
88780 318 0
83790 -318 0
74744 319 0
83790 -319 0
81760 320 0
83790 -320 0
84950 321 0
83790 -321 0
83654 322 0
83790 -322 0
84104 323 0
83790 -323 0
83806 324 0
83790 -324 0
83810 325 0
83790 -325 0
52023 9 0
83790 -9 0
73452 326 0
83790 -326 0
86334 327 0
83790 -327 0
81872 328 0
83790 -328 0
81234 329 0
83790 -329 0
68966 330 0
83790 -330 0
77922 331 0
83790 -331 0
85796 332 0
83790 -332 0
85476 333 0
83790 -333 0
84554 334 0
83790 -334 0
84200 335 0
83790 -335 0
89006 336 0
83790 -336 0
82914 337 0
83790 -337 0
89350 338 0
83790 -338 0
94066 339 0
83790 -339 0
96842 340 0
83790 -340 0
82310 341 0
83790 -341 0
94462 342 0
83790 -342 0
85900 343 0
83790 -343 0
84584 344 0
83790 -344 0
81440 345 0
83790 -345 0
82768 346 0
83790 -346 0
90708 347 0
83790 -347 0
82336 348 0
83790 -348 0
84116 349 0
83790 -349 0
85172 350 0
83790 -350 0
77870 351 0
83790 -351 0
80396 352 0
83790 -352 0
75690 353 0
83790 -353 0
82178 354 0
83790 -354 0
82318 355 0
83790 -355 0
83400 356 0
83790 -356 0
42663 10 0
83790 -10 0
90288 357 0
83790 -357 0
81788 358 0
83790 -358 0
64080 359 0
83790 -359 0
86814 360 0
83790 -360 0
86580 361 0
83790 -361 0
88204 362 0
83790 -362 0
86084 363 0
83790 -363 0
103152 364 0
83790 -364 0
73586 365 0
83790 -365 0
81716 366 0
83790 -366 0
88098 367 0
83790 -367 0
83988 368 0
83790 -368 0
93192 369 0
83790 -369 0
79564 370 0
83790 -370 0
89892 371 0
83790 -371 0
87672 372 0
83790 -372 0
82594 373 0
83790 -373 0
91768 374 0
83790 -374 0
87220 375 0
83790 -375 0
84226 376 0
83790 -376 0
74810 377 0
83790 -377 0
88340 378 0
83790 -378 0
84896 379 0
83790 -379 0
87948 380 0
83790 -380 0
83060 381 0
83790 -381 0
82770 382 0
83790 -382 0
82044 383 0
83790 -383 0
85738 384 0
83790 -384 0
80926 385 0
83790 -385 0
83360 386 0
83790 -386 0
46525 11 0
83790 -11 0
79344 387 0
83790 -387 0
84314 388 0
83790 -388 0
75596 389 0
83790 -389 0
82820 390 0
83790 -390 0
88974 391 0
83790 -391 0
78764 392 0
83790 -392 0
74240 393 0
83790 -393 0
74892 394 0
83790 -394 0
80348 395 0
83790 -395 0
86512 396 0
83790 -396 0
76618 397 0
83790 -397 0
78228 398 0
83790 -398 0
87086 399 0
83790 -399 0
82924 400 0
83790 -400 0
89962 401 0
83790 -401 0
87004 402 0
83790 -402 0
95158 403 0
83790 -403 0
86200 404 0
83790 -404 0
79398 405 0
83790 -405 0
87156 406 0
83790 -406 0
75926 407 0
83790 -407 0
82016 408 0
83790 -408 0
87446 409 0
83790 -409 0
83066 410 0
83790 -410 0
82068 411 0
83790 -411 0
82078 412 0
83790 -412 0
76288 413 0
83790 -413 0
88142 414 0
83790 -414 0
84080 415 0
83790 -415 0
66443 12 0
83790 -12 0
80584 416 0
83790 -416 0
75376 417 0
83790 -417 0
78550 418 0
83790 -418 0
84768 419 0
83790 -419 0
89406 420 0
83790 -420 0
76650 421 0
83790 -421 0
84596 422 0
83790 -422 0
84368 423 0
83790 -423 0
85360 424 0
83790 -424 0
89990 425 0
83790 -425 0
94148 426 0
83790 -426 0
89772 427 0
83790 -427 0
91152 428 0
83790 -428 0
84516 429 0
83790 -429 0
86806 430 0
83790 -430 0
87338 431 0
83790 -431 0
82096 432 0
83790 -432 0
78204 433 0
83790 -433 0
85396 434 0
83790 -434 0
81870 435 0
83790 -435 0
95080 436 0
83790 -436 0
75276 437 0
83790 -437 0
79268 438 0
83790 -438 0
80874 439 0
83790 -439 0
76284 440 0
83790 -440 0
83348 441 0
83790 -441 0
81702 442 0
83790 -442 0
83380 443 0
83790 -443 0
54316 13 0
83790 -13 0
78886 444 0
83790 -444 0
84296 445 0
83790 -445 0
101004 446 0
83790 -446 0
88156 447 0
83790 -447 0
100068 448 0
83790 -448 0
78046 449 0
83790 -449 0
77874 450 0
83790 -450 0
90630 451 0
83790 -451 0
81460 452 0
83790 -452 0
98974 453 0
83790 -453 0
68706 454 0
83790 -454 0
89584 455 0
83790 -455 0
79414 456 0
83790 -456 0
73144 457 0
83790 -457 0
88302 458 0
83790 -458 0
88384 459 0
83790 -459 0
86914 460 0
83790 -460 0
86742 461 0
83790 -461 0
87238 462 0
83790 -462 0
86054 463 0
83790 -463 0
85566 464 0
83790 -464 0
83954 465 0
83790 -465 0
83080 466 0
83790 -466 0
82738 467 0
83790 -467 0
84038 468 0
83790 -468 0
81974 469 0
83790 -469 0
83420 470 0
83790 -470 0
75398 14 0
83790 -14 0
78526 471 0
83790 -471 0
88578 472 0
83790 -472 0
87312 473 0
83790 -473 0
89560 474 0
83790 -474 0
85386 475 0
83790 -475 0
82188 476 0
83790 -476 0
81182 477 0
83790 -477 0
75710 478 0
83790 -478 0
94272 479 0
83790 -479 0
89410 480 0
83790 -480 0
76670 481 0
83790 -481 0
76894 482 0
83790 -482 0
86752 483 0
83790 -483 0
83952 484 0
83790 -484 0
89612 485 0
83790 -485 0
86614 486 0
83790 -486 0
85308 487 0
83790 -487 0
86644 488 0
83790 -488 0
78832 489 0
83790 -489 0
87528 490 0
83790 -490 0
76992 491 0
83790 -491 0
79160 492 0
83790 -492 0
85510 493 0
83790 -493 0
76680 494 0
83790 -494 0
87878 495 0
83790 -495 0
84100 496 0
83790 -496 0
101203 15 0
83790 -15 0
83596 497 0
83790 -497 0
84848 498 0
83790 -498 0
92540 499 0
83790 -499 0
73860 500 0
83790 -500 0
98124 501 0
83790 -501 0
85260 502 0
83790 -502 0
93816 503 0
83790 -503 0
80030 504 0
83790 -504 0
98738 505 0
83790 -505 0
94836 506 0
83790 -506 0
85274 507 0
83790 -507 0
90060 508 0
83790 -508 0
81976 509 0
83790 -509 0
84588 510 0
83790 -510 0
84292 511 0
83790 -511 0
80310 512 0
83790 -512 0
89094 513 0
83790 -513 0
80902 514 0
83790 -514 0
84774 515 0
83790 -515 0
77230 516 0
83790 -516 0
82962 517 0
83790 -517 0
82828 518 0
83790 -518 0
80008 519 0
83790 -519 0
85150 520 0
83790 -520 0
83740 521 0
83790 -521 0
54938 16 0
83790 -16 0
85694 522 0
83790 -522 0
76920 523 0
83790 -523 0
88338 524 0
83790 -524 0
88454 525 0
83790 -525 0
69106 526 0
83790 -526 0
83252 527 0
83790 -527 0
81384 528 0
83790 -528 0
94672 529 0
83790 -529 0
82594 530 0
83790 -530 0
83012 531 0
83790 -531 0
96124 532 0
83790 -532 0
73440 533 0
83790 -533 0
77404 534 0
83790 -534 0
92640 535 0
83790 -535 0
86102 536 0
83790 -536 0
76936 537 0
83790 -537 0
81984 538 0
83790 -538 0
84474 539 0
83790 -539 0
87768 540 0
83790 -540 0
80934 541 0
83790 -541 0
83456 542 0
83790 -542 0
88954 543 0
83790 -543 0
80358 544 0
83790 -544 0
83600 545 0
83790 -545 0
60250 17 0
83790 -17 0
71716 546 0
83790 -546 0
93216 547 0
83790 -547 0
83854 548 0
83790 -548 0
81882 549 0
83790 -549 0
92368 550 0
83790 -550 0
85986 551 0
83790 -551 0
77280 552 0
83790 -552 0
83132 553 0
83790 -553 0
94776 554 0
83790 -554 0
78094 555 0
83790 -555 0
76726 556 0
83790 -556 0
85038 557 0
83790 -557 0
84648 558 0
83790 -558 0
88174 559 0
83790 -559 0
86288 560 0
83790 -560 0
87762 561 0
83790 -561 0
77664 562 0
83790 -562 0
85236 563 0
83790 -563 0
87142 564 0
83790 -564 0
85980 565 0
83790 -565 0
90672 566 0
83790 -566 0
80550 567 0
83790 -567 0
83640 568 0
83790 -568 0
67937 18 0
83790 -18 0
84088 569 0
83790 -569 0
87140 570 0
83790 -570 0
76530 571 0
83790 -571 0
82488 572 0
83790 -572 0
76578 573 0
83790 -573 0
79662 574 0
83790 -574 0
77168 575 0
83790 -575 0
82762 576 0
83790 -576 0
87974 577 0
83790 -577 0
78484 578 0
83790 -578 0
86302 579 0
83790 -579 0
82668 580 0
83790 -580 0
89906 581 0
83790 -581 0
78376 582 0
83790 -582 0
87918 583 0
83790 -583 0
81326 584 0
83790 -584 0
84554 585 0
83790 -585 0
86948 586 0
83790 -586 0
81490 587 0
83790 -587 0
82060 588 0
83790 -588 0
85966 589 0
83790 -589 0
84060 590 0
83790 -590 0
70339 19 0
83790 -19 0
84656 591 0
83790 -591 0
86880 592 0
83790 -592 0
68728 593 0
83790 -593 0
78254 594 0
83790 -594 0
77344 595 0
83790 -595 0
81876 596 0
83790 -596 0
75070 597 0
83790 -597 0
85704 598 0
83790 -598 0
93578 599 0
83790 -599 0
94828 600 0
83790 -600 0
83080 601 0
83790 -601 0
74346 602 0
83790 -602 0
84230 603 0
83790 -603 0
79750 604 0
83790 -604 0
95246 605 0
83790 -605 0
83532 606 0
83790 -606 0
83746 607 0
83790 -607 0
85424 608 0
83790 -608 0
76498 609 0
83790 -609 0
88550 610 0
83790 -610 0
84140 611 0
83790 -611 0
59969 20 0
83790 -20 0
90978 612 0
83790 -612 0
70170 613 0
83790 -613 0
90250 614 0
83790 -614 0
69060 615 0
83790 -615 0
80230 616 0
83790 -616 0
85738 617 0
83790 -617 0
76902 618 0
83790 -618 0
90526 619 0
83790 -619 0
86332 620 0
83790 -620 0
83502 621 0
83790 -621 0
84096 622 0
83790 -622 0
86692 623 0
83790 -623 0
81648 624 0
83790 -624 0
86038 625 0
83790 -625 0
85946 626 0
83790 -626 0
82680 627 0
83790 -627 0
87316 628 0
83790 -628 0
87264 629 0
83790 -629 0
82214 630 0
83790 -630 0
83770 631 0
83790 -631 0
71626 21 0
83790 -21 0
88814 632 0
83790 -632 0
82770 633 0
83790 -633 0
90286 634 0
83790 -634 0
75794 635 0
83790 -635 0
87160 636 0
83790 -636 0
87814 637 0
83790 -637 0
72544 638 0
83790 -638 0
83820 639 0
83790 -639 0
87944 640 0
83790 -640 0
85638 641 0
83790 -641 0
79772 642 0
83790 -642 0
82540 643 0
83790 -643 0
87886 644 0
83790 -644 0
87060 645 0
83790 -645 0
85746 646 0
83790 -646 0
81546 647 0
83790 -647 0
84312 648 0
83790 -648 0
83958 649 0
83790 -649 0
83850 650 0
83790 -650 0
65934 22 0
83790 -22 0
93466 651 0
83790 -651 0
78732 652 0
83790 -652 0
72222 653 0
83790 -653 0
71158 654 0
83790 -654 0
81636 655 0
83790 -655 0
86988 656 0
83790 -656 0
96722 657 0
83790 -657 0
93288 658 0
83790 -658 0
81352 659 0
83790 -659 0
78624 660 0
83790 -660 0
78572 661 0
83790 -661 0
95126 662 0
83790 -662 0
85188 663 0
83790 -663 0
79792 664 0
83790 -664 0
89340 665 0
83790 -665 0
77618 666 0
83790 -666 0
87758 667 0
83790 -667 0
84150 668 0
83790 -668 0
70467 23 0
83790 -23 0
77820 669 0
83790 -669 0
82320 670 0
83790 -670 0
84220 671 0
83790 -671 0
95612 672 0
83790 -672 0
84050 673 0
83790 -673 0
78838 674 0
83790 -674 0
80368 675 0
83790 -675 0
76362 676 0
83790 -676 0
89680 677 0
83790 -677 0
80176 678 0
83790 -678 0
82314 679 0
83790 -679 0
85954 680 0
83790 -680 0
88370 681 0
83790 -681 0
86380 682 0
83790 -682 0
84788 683 0
83790 -683 0
85582 684 0
83790 -684 0
84180 685 0
83790 -685 0
64173 24 0
83790 -24 0
77178 686 0
83790 -686 0
76890 687 0
83790 -687 0
74674 688 0
83790 -688 0
91014 689 0
83790 -689 0
87448 690 0
83790 -690 0
79614 691 0
83790 -691 0
83938 692 0
83790 -692 0
88252 693 0
83790 -693 0
86312 694 0
83790 -694 0
82540 695 0
83790 -695 0
89086 696 0
83790 -696 0
86814 697 0
83790 -697 0
88710 698 0
83790 -698 0
86710 699 0
83790 -699 0
83638 700 0
83790 -700 0
83950 701 0
83790 -701 0
79006 25 0
83790 -25 0
77280 702 0
83790 -702 0
83316 703 0
83790 -703 0
81866 704 0
83790 -704 0
88260 705 0
83790 -705 0
86308 706 0
83790 -706 0
84386 707 0
83790 -707 0
77584 708 0
83790 -708 0
82334 709 0
83790 -709 0
89890 710 0
83790 -710 0
87096 711 0
83790 -711 0
80606 712 0
83790 -712 0
86910 713 0
83790 -713 0
80834 714 0
83790 -714 0
86014 715 0
83790 -715 0
84070 716 0
83790 -716 0
83498 26 0
83790 -26 0
85600 717 0
83790 -717 0
82104 718 0
83790 -718 0
91578 719 0
83790 -719 0
86264 720 0
83790 -720 0
79134 721 0
83790 -721 0
81626 722 0
83790 -722 0
84826 723 0
83790 -723 0
85190 724 0
83790 -724 0
82916 725 0
83790 -725 0
82726 726 0
83790 -726 0
88690 727 0
83790 -727 0
77348 728 0
83790 -728 0
88614 729 0
83790 -729 0
84270 730 0
83790 -730 0
70457 27 0
83790 -27 0
88834 731 0
83790 -731 0
83894 732 0
83790 -732 0
79828 733 0
83790 -733 0
90004 734 0
83790 -734 0
81086 735 0
83790 -735 0
85604 736 0
83790 -736 0
82902 737 0
83790 -737 0
86264 738 0
83790 -738 0
84458 739 0
83790 -739 0
84678 740 0
83790 -740 0
84274 741 0
83790 -741 0
83230 742 0
83790 -742 0
83690 743 0
83790 -743 0
79497 28 0
83790 -28 0
91354 744 0
83790 -744 0
94714 745 0
83790 -745 0
81718 746 0
83790 -746 0
85390 747 0
83790 -747 0
88228 748 0
83790 -748 0
79712 749 0
83790 -749 0
81742 750 0
83790 -750 0
88128 751 0
83790 -751 0
86472 752 0
83790 -752 0
84822 753 0
83790 -753 0
83846 754 0
83790 -754 0
83810 755 0
83790 -755 0
62884 29 0
83790 -29 0
77242 756 0
83790 -756 0
89426 757 0
83790 -757 0
84520 758 0
83790 -758 0
82490 759 0
83790 -759 0
79792 760 0
83790 -760 0
87200 761 0
83790 -761 0
80906 762 0
83790 -762 0
76698 763 0
83790 -763 0
91326 764 0
83790 -764 0
78006 765 0
83790 -765 0
83310 766 0
83790 -766 0
73279 30 0
83790 -30 0
85730 767 0
83790 -767 0
83984 768 0
83790 -768 0
85162 769 0
83790 -769 0
80042 770 0
83790 -770 0
82968 771 0
83790 -771 0
84888 772 0
83790 -772 0
81020 773 0
83790 -773 0
82480 774 0
83790 -774 0
85254 775 0
83790 -775 0
83970 776 0
83790 -776 0
82221 31 0
83790 -31 0
90392 777 0
83790 -777 0
85162 778 0
83790 -778 0
83424 779 0
83790 -779 0
81968 780 0
83790 -780 0
85558 781 0
83790 -781 0
87094 782 0
83790 -782 0
83542 783 0
83790 -783 0
84646 784 0
83790 -784 0
83910 785 0
83790 -785 0
75652 32 0
83790 -32 0
84818 786 0
83790 -786 0
87414 787 0
83790 -787 0
87306 788 0
83790 -788 0
80586 789 0
83790 -789 0
83120 790 0
83790 -790 0
79272 791 0
83790 -791 0
85742 792 0
83790 -792 0
83880 793 0
83790 -793 0
73486 33 0
83790 -33 0
93996 794 0
83790 -794 0
84658 795 0
83790 -795 0
81796 796 0
83790 -796 0
87152 797 0
83790 -797 0
82292 798 0
83790 -798 0
85902 799 0
83790 -799 0
84130 800 0
83790 -800 0
75967 34 0
83790 -34 0
81706 801 0
83790 -801 0
86686 802 0
83790 -802 0
81776 803 0
83790 -803 0
87810 804 0
83790 -804 0
81054 805 0
83790 -805 0
83520 806 0
83790 -806 0
86602 35 0
83790 -35 0
84484 807 0
83790 -807 0
83844 808 0
83790 -808 0
81060 809 0
83790 -809 0
85414 810 0
83790 -810 0
83870 811 0
83790 -811 0
82301 36 0
83790 -36 0
82894 812 0
83790 -812 0
83914 813 0
83790 -813 0
82550 814 0
83790 -814 0
83640 815 0
83790 -815 0
76978 37 0
83790 -37 0
85596 816 0
83790 -816 0
80990 817 0
83790 -817 0
83390 818 0
83790 -818 0
89698 38 0
83790 -38 0
89670 819 0
83790 -819 0
84240 820 0
83790 -820 0
75926 39 0
83790 -39 0
83350 821 0
83790 -821 0
83505 40 0
83790 -40 0
