c
c Generated WCNF file
c
p wcnf 596 2874 69058
69058 35 0
69058 -36 1 0
69058 -36 2 0
69058 36 -1 -2 0
69058 -37 1 0
69058 -37 3 0
69058 37 -1 -3 0
69058 -38 1 0
69058 -38 4 0
69058 38 -1 -4 0
69058 -39 1 0
69058 -39 5 0
69058 39 -1 -5 0
69058 -40 1 0
69058 -40 6 0
69058 40 -1 -6 0
69058 -41 1 0
69058 -41 7 0
69058 41 -1 -7 0
69058 -42 1 0
69058 -42 8 0
69058 42 -1 -8 0
69058 -43 1 0
69058 -43 9 0
69058 43 -1 -9 0
69058 -44 1 0
69058 -44 10 0
69058 44 -1 -10 0
69058 -45 1 0
69058 -45 11 0
69058 45 -1 -11 0
69058 -46 1 0
69058 -46 12 0
69058 46 -1 -12 0
69058 -47 1 0
69058 -47 13 0
69058 47 -1 -13 0
69058 -48 1 0
69058 -48 14 0
69058 48 -1 -14 0
69058 -49 1 0
69058 -49 15 0
69058 49 -1 -15 0
69058 -50 1 0
69058 -50 16 0
69058 50 -1 -16 0
69058 -51 1 0
69058 -51 17 0
69058 51 -1 -17 0
69058 -52 1 0
69058 -52 18 0
69058 52 -1 -18 0
69058 -53 1 0
69058 -53 19 0
69058 53 -1 -19 0
69058 -54 1 0
69058 -54 20 0
69058 54 -1 -20 0
69058 -55 1 0
69058 -55 21 0
69058 55 -1 -21 0
69058 -56 1 0
69058 -56 22 0
69058 56 -1 -22 0
69058 -57 1 0
69058 -57 23 0
69058 57 -1 -23 0
69058 -58 1 0
69058 -58 24 0
69058 58 -1 -24 0
69058 -59 1 0
69058 -59 25 0
69058 59 -1 -25 0
69058 -60 1 0
69058 -60 26 0
69058 60 -1 -26 0
69058 -61 1 0
69058 -61 27 0
69058 61 -1 -27 0
69058 -62 1 0
69058 -62 28 0
69058 62 -1 -28 0
69058 -63 1 0
69058 -63 29 0
69058 63 -1 -29 0
69058 -64 1 0
69058 -64 30 0
69058 64 -1 -30 0
69058 -65 1 0
69058 -65 31 0
69058 65 -1 -31 0
69058 -66 1 0
69058 -66 32 0
69058 66 -1 -32 0
69058 -67 1 0
69058 -67 33 0
69058 67 -1 -33 0
69058 -68 1 0
69058 -68 34 0
69058 68 -1 -34 0
69058 -69 2 0
69058 -69 3 0
69058 69 -2 -3 0
69058 -70 2 0
69058 -70 4 0
69058 70 -2 -4 0
69058 -71 2 0
69058 -71 5 0
69058 71 -2 -5 0
69058 -72 2 0
69058 -72 6 0
69058 72 -2 -6 0
69058 -73 2 0
69058 -73 7 0
69058 73 -2 -7 0
69058 -74 2 0
69058 -74 8 0
69058 74 -2 -8 0
69058 -75 2 0
69058 -75 9 0
69058 75 -2 -9 0
69058 -76 2 0
69058 -76 10 0
69058 76 -2 -10 0
69058 -77 2 0
69058 -77 11 0
69058 77 -2 -11 0
69058 -78 2 0
69058 -78 12 0
69058 78 -2 -12 0
69058 -79 2 0
69058 -79 13 0
69058 79 -2 -13 0
69058 -80 2 0
69058 -80 14 0
69058 80 -2 -14 0
69058 -81 2 0
69058 -81 15 0
69058 81 -2 -15 0
69058 -82 2 0
69058 -82 16 0
69058 82 -2 -16 0
69058 -83 2 0
69058 -83 17 0
69058 83 -2 -17 0
69058 -84 2 0
69058 -84 18 0
69058 84 -2 -18 0
69058 -85 2 0
69058 -85 19 0
69058 85 -2 -19 0
69058 -86 2 0
69058 -86 20 0
69058 86 -2 -20 0
69058 -87 2 0
69058 -87 21 0
69058 87 -2 -21 0
69058 -88 2 0
69058 -88 22 0
69058 88 -2 -22 0
69058 -89 2 0
69058 -89 23 0
69058 89 -2 -23 0
69058 -90 2 0
69058 -90 24 0
69058 90 -2 -24 0
69058 -91 2 0
69058 -91 25 0
69058 91 -2 -25 0
69058 -92 2 0
69058 -92 26 0
69058 92 -2 -26 0
69058 -93 2 0
69058 -93 27 0
69058 93 -2 -27 0
69058 -94 2 0
69058 -94 28 0
69058 94 -2 -28 0
69058 -95 2 0
69058 -95 29 0
69058 95 -2 -29 0
69058 -96 2 0
69058 -96 30 0
69058 96 -2 -30 0
69058 -97 2 0
69058 -97 31 0
69058 97 -2 -31 0
69058 -98 2 0
69058 -98 32 0
69058 98 -2 -32 0
69058 -99 2 0
69058 -99 33 0
69058 99 -2 -33 0
69058 -100 2 0
69058 -100 34 0
69058 100 -2 -34 0
69058 -101 3 0
69058 -101 4 0
69058 101 -3 -4 0
69058 -102 3 0
69058 -102 5 0
69058 102 -3 -5 0
69058 -103 3 0
69058 -103 6 0
69058 103 -3 -6 0
69058 -104 3 0
69058 -104 7 0
69058 104 -3 -7 0
69058 -105 3 0
69058 -105 8 0
69058 105 -3 -8 0
69058 -106 3 0
69058 -106 9 0
69058 106 -3 -9 0
69058 -107 3 0
69058 -107 10 0
69058 107 -3 -10 0
69058 -108 3 0
69058 -108 11 0
69058 108 -3 -11 0
69058 -109 3 0
69058 -109 12 0
69058 109 -3 -12 0
69058 -110 3 0
69058 -110 13 0
69058 110 -3 -13 0
69058 -111 3 0
69058 -111 14 0
69058 111 -3 -14 0
69058 -112 3 0
69058 -112 15 0
69058 112 -3 -15 0
69058 -113 3 0
69058 -113 16 0
69058 113 -3 -16 0
69058 -114 3 0
69058 -114 17 0
69058 114 -3 -17 0
69058 -115 3 0
69058 -115 18 0
69058 115 -3 -18 0
69058 -116 3 0
69058 -116 19 0
69058 116 -3 -19 0
69058 -117 3 0
69058 -117 20 0
69058 117 -3 -20 0
69058 -118 3 0
69058 -118 21 0
69058 118 -3 -21 0
69058 -119 3 0
69058 -119 22 0
69058 119 -3 -22 0
69058 -120 3 0
69058 -120 23 0
69058 120 -3 -23 0
69058 -121 3 0
69058 -121 24 0
69058 121 -3 -24 0
69058 -122 3 0
69058 -122 25 0
69058 122 -3 -25 0
69058 -123 3 0
69058 -123 26 0
69058 123 -3 -26 0
69058 -124 3 0
69058 -124 27 0
69058 124 -3 -27 0
69058 -125 3 0
69058 -125 28 0
69058 125 -3 -28 0
69058 -126 3 0
69058 -126 29 0
69058 126 -3 -29 0
69058 -127 3 0
69058 -127 30 0
69058 127 -3 -30 0
69058 -128 3 0
69058 -128 31 0
69058 128 -3 -31 0
69058 -129 3 0
69058 -129 32 0
69058 129 -3 -32 0
69058 -130 3 0
69058 -130 33 0
69058 130 -3 -33 0
69058 -131 3 0
69058 -131 34 0
69058 131 -3 -34 0
69058 -132 4 0
69058 -132 5 0
69058 132 -4 -5 0
69058 -133 4 0
69058 -133 6 0
69058 133 -4 -6 0
69058 -134 4 0
69058 -134 7 0
69058 134 -4 -7 0
69058 -135 4 0
69058 -135 8 0
69058 135 -4 -8 0
69058 -136 4 0
69058 -136 9 0
69058 136 -4 -9 0
69058 -137 4 0
69058 -137 10 0
69058 137 -4 -10 0
69058 -138 4 0
69058 -138 11 0
69058 138 -4 -11 0
69058 -139 4 0
69058 -139 12 0
69058 139 -4 -12 0
69058 -140 4 0
69058 -140 13 0
69058 140 -4 -13 0
69058 -141 4 0
69058 -141 14 0
69058 141 -4 -14 0
69058 -142 4 0
69058 -142 15 0
69058 142 -4 -15 0
69058 -143 4 0
69058 -143 16 0
69058 143 -4 -16 0
69058 -144 4 0
69058 -144 17 0
69058 144 -4 -17 0
69058 -145 4 0
69058 -145 18 0
69058 145 -4 -18 0
69058 -146 4 0
69058 -146 19 0
69058 146 -4 -19 0
69058 -147 4 0
69058 -147 20 0
69058 147 -4 -20 0
69058 -148 4 0
69058 -148 21 0
69058 148 -4 -21 0
69058 -149 4 0
69058 -149 22 0
69058 149 -4 -22 0
69058 -150 4 0
69058 -150 23 0
69058 150 -4 -23 0
69058 -151 4 0
69058 -151 24 0
69058 151 -4 -24 0
69058 -152 4 0
69058 -152 25 0
69058 152 -4 -25 0
69058 -153 4 0
69058 -153 26 0
69058 153 -4 -26 0
69058 -154 4 0
69058 -154 27 0
69058 154 -4 -27 0
69058 -155 4 0
69058 -155 28 0
69058 155 -4 -28 0
69058 -156 4 0
69058 -156 29 0
69058 156 -4 -29 0
69058 -157 4 0
69058 -157 30 0
69058 157 -4 -30 0
69058 -158 4 0
69058 -158 31 0
69058 158 -4 -31 0
69058 -159 4 0
69058 -159 32 0
69058 159 -4 -32 0
69058 -160 4 0
69058 -160 33 0
69058 160 -4 -33 0
69058 -161 4 0
69058 -161 34 0
69058 161 -4 -34 0
69058 -162 5 0
69058 -162 6 0
69058 162 -5 -6 0
69058 -163 5 0
69058 -163 7 0
69058 163 -5 -7 0
69058 -164 5 0
69058 -164 8 0
69058 164 -5 -8 0
69058 -165 5 0
69058 -165 9 0
69058 165 -5 -9 0
69058 -166 5 0
69058 -166 10 0
69058 166 -5 -10 0
69058 -167 5 0
69058 -167 11 0
69058 167 -5 -11 0
69058 -168 5 0
69058 -168 12 0
69058 168 -5 -12 0
69058 -169 5 0
69058 -169 13 0
69058 169 -5 -13 0
69058 -170 5 0
69058 -170 14 0
69058 170 -5 -14 0
69058 -171 5 0
69058 -171 15 0
69058 171 -5 -15 0
69058 -172 5 0
69058 -172 16 0
69058 172 -5 -16 0
69058 -173 5 0
69058 -173 17 0
69058 173 -5 -17 0
69058 -174 5 0
69058 -174 18 0
69058 174 -5 -18 0
69058 -175 5 0
69058 -175 19 0
69058 175 -5 -19 0
69058 -176 5 0
69058 -176 20 0
69058 176 -5 -20 0
69058 -177 5 0
69058 -177 21 0
69058 177 -5 -21 0
69058 -178 5 0
69058 -178 22 0
69058 178 -5 -22 0
69058 -179 5 0
69058 -179 23 0
69058 179 -5 -23 0
69058 -180 5 0
69058 -180 24 0
69058 180 -5 -24 0
69058 -181 5 0
69058 -181 25 0
69058 181 -5 -25 0
69058 -182 5 0
69058 -182 26 0
69058 182 -5 -26 0
69058 -183 5 0
69058 -183 27 0
69058 183 -5 -27 0
69058 -184 5 0
69058 -184 28 0
69058 184 -5 -28 0
69058 -185 5 0
69058 -185 29 0
69058 185 -5 -29 0
69058 -186 5 0
69058 -186 30 0
69058 186 -5 -30 0
69058 -187 5 0
69058 -187 31 0
69058 187 -5 -31 0
69058 -188 5 0
69058 -188 32 0
69058 188 -5 -32 0
69058 -189 5 0
69058 -189 33 0
69058 189 -5 -33 0
69058 -190 5 0
69058 -190 34 0
69058 190 -5 -34 0
69058 -191 6 0
69058 -191 7 0
69058 191 -6 -7 0
69058 -192 6 0
69058 -192 8 0
69058 192 -6 -8 0
69058 -193 6 0
69058 -193 9 0
69058 193 -6 -9 0
69058 -194 6 0
69058 -194 10 0
69058 194 -6 -10 0
69058 -195 6 0
69058 -195 11 0
69058 195 -6 -11 0
69058 -196 6 0
69058 -196 12 0
69058 196 -6 -12 0
69058 -197 6 0
69058 -197 13 0
69058 197 -6 -13 0
69058 -198 6 0
69058 -198 14 0
69058 198 -6 -14 0
69058 -199 6 0
69058 -199 15 0
69058 199 -6 -15 0
69058 -200 6 0
69058 -200 16 0
69058 200 -6 -16 0
69058 -201 6 0
69058 -201 17 0
69058 201 -6 -17 0
69058 -202 6 0
69058 -202 18 0
69058 202 -6 -18 0
69058 -203 6 0
69058 -203 19 0
69058 203 -6 -19 0
69058 -204 6 0
69058 -204 20 0
69058 204 -6 -20 0
69058 -205 6 0
69058 -205 21 0
69058 205 -6 -21 0
69058 -206 6 0
69058 -206 22 0
69058 206 -6 -22 0
69058 -207 6 0
69058 -207 23 0
69058 207 -6 -23 0
69058 -208 6 0
69058 -208 24 0
69058 208 -6 -24 0
69058 -209 6 0
69058 -209 25 0
69058 209 -6 -25 0
69058 -210 6 0
69058 -210 26 0
69058 210 -6 -26 0
69058 -211 6 0
69058 -211 27 0
69058 211 -6 -27 0
69058 -212 6 0
69058 -212 28 0
69058 212 -6 -28 0
69058 -213 6 0
69058 -213 29 0
69058 213 -6 -29 0
69058 -214 6 0
69058 -214 30 0
69058 214 -6 -30 0
69058 -215 6 0
69058 -215 31 0
69058 215 -6 -31 0
69058 -216 6 0
69058 -216 32 0
69058 216 -6 -32 0
69058 -217 6 0
69058 -217 33 0
69058 217 -6 -33 0
69058 -218 6 0
69058 -218 34 0
69058 218 -6 -34 0
69058 -219 7 0
69058 -219 8 0
69058 219 -7 -8 0
69058 -220 7 0
69058 -220 9 0
69058 220 -7 -9 0
69058 -221 7 0
69058 -221 10 0
69058 221 -7 -10 0
69058 -222 7 0
69058 -222 11 0
69058 222 -7 -11 0
69058 -223 7 0
69058 -223 12 0
69058 223 -7 -12 0
69058 -224 7 0
69058 -224 13 0
69058 224 -7 -13 0
69058 -225 7 0
69058 -225 14 0
69058 225 -7 -14 0
69058 -226 7 0
69058 -226 15 0
69058 226 -7 -15 0
69058 -227 7 0
69058 -227 16 0
69058 227 -7 -16 0
69058 -228 7 0
69058 -228 17 0
69058 228 -7 -17 0
69058 -229 7 0
69058 -229 18 0
69058 229 -7 -18 0
69058 -230 7 0
69058 -230 19 0
69058 230 -7 -19 0
69058 -231 7 0
69058 -231 20 0
69058 231 -7 -20 0
69058 -232 7 0
69058 -232 21 0
69058 232 -7 -21 0
69058 -233 7 0
69058 -233 22 0
69058 233 -7 -22 0
69058 -234 7 0
69058 -234 23 0
69058 234 -7 -23 0
69058 -235 7 0
69058 -235 24 0
69058 235 -7 -24 0
69058 -236 7 0
69058 -236 25 0
69058 236 -7 -25 0
69058 -237 7 0
69058 -237 26 0
69058 237 -7 -26 0
69058 -238 7 0
69058 -238 27 0
69058 238 -7 -27 0
69058 -239 7 0
69058 -239 28 0
69058 239 -7 -28 0
69058 -240 7 0
69058 -240 29 0
69058 240 -7 -29 0
69058 -241 7 0
69058 -241 30 0
69058 241 -7 -30 0
69058 -242 7 0
69058 -242 31 0
69058 242 -7 -31 0
69058 -243 7 0
69058 -243 32 0
69058 243 -7 -32 0
69058 -244 7 0
69058 -244 33 0
69058 244 -7 -33 0
69058 -245 7 0
69058 -245 34 0
69058 245 -7 -34 0
69058 -246 8 0
69058 -246 9 0
69058 246 -8 -9 0
69058 -247 8 0
69058 -247 10 0
69058 247 -8 -10 0
69058 -248 8 0
69058 -248 11 0
69058 248 -8 -11 0
69058 -249 8 0
69058 -249 12 0
69058 249 -8 -12 0
69058 -250 8 0
69058 -250 13 0
69058 250 -8 -13 0
69058 -251 8 0
69058 -251 14 0
69058 251 -8 -14 0
69058 -252 8 0
69058 -252 15 0
69058 252 -8 -15 0
69058 -253 8 0
69058 -253 16 0
69058 253 -8 -16 0
69058 -254 8 0
69058 -254 17 0
69058 254 -8 -17 0
69058 -255 8 0
69058 -255 18 0
69058 255 -8 -18 0
69058 -256 8 0
69058 -256 19 0
69058 256 -8 -19 0
69058 -257 8 0
69058 -257 20 0
69058 257 -8 -20 0
69058 -258 8 0
69058 -258 21 0
69058 258 -8 -21 0
69058 -259 8 0
69058 -259 22 0
69058 259 -8 -22 0
69058 -260 8 0
69058 -260 23 0
69058 260 -8 -23 0
69058 -261 8 0
69058 -261 24 0
69058 261 -8 -24 0
69058 -262 8 0
69058 -262 25 0
69058 262 -8 -25 0
69058 -263 8 0
69058 -263 26 0
69058 263 -8 -26 0
69058 -264 8 0
69058 -264 27 0
69058 264 -8 -27 0
69058 -265 8 0
69058 -265 28 0
69058 265 -8 -28 0
69058 -266 8 0
69058 -266 29 0
69058 266 -8 -29 0
69058 -267 8 0
69058 -267 30 0
69058 267 -8 -30 0
69058 -268 8 0
69058 -268 31 0
69058 268 -8 -31 0
69058 -269 8 0
69058 -269 32 0
69058 269 -8 -32 0
69058 -270 8 0
69058 -270 33 0
69058 270 -8 -33 0
69058 -271 8 0
69058 -271 34 0
69058 271 -8 -34 0
69058 -272 9 0
69058 -272 10 0
69058 272 -9 -10 0
69058 -273 9 0
69058 -273 11 0
69058 273 -9 -11 0
69058 -274 9 0
69058 -274 12 0
69058 274 -9 -12 0
69058 -275 9 0
69058 -275 13 0
69058 275 -9 -13 0
69058 -276 9 0
69058 -276 14 0
69058 276 -9 -14 0
69058 -277 9 0
69058 -277 15 0
69058 277 -9 -15 0
69058 -278 9 0
69058 -278 16 0
69058 278 -9 -16 0
69058 -279 9 0
69058 -279 17 0
69058 279 -9 -17 0
69058 -280 9 0
69058 -280 18 0
69058 280 -9 -18 0
69058 -281 9 0
69058 -281 19 0
69058 281 -9 -19 0
69058 -282 9 0
69058 -282 20 0
69058 282 -9 -20 0
69058 -283 9 0
69058 -283 21 0
69058 283 -9 -21 0
69058 -284 9 0
69058 -284 22 0
69058 284 -9 -22 0
69058 -285 9 0
69058 -285 23 0
69058 285 -9 -23 0
69058 -286 9 0
69058 -286 24 0
69058 286 -9 -24 0
69058 -287 9 0
69058 -287 25 0
69058 287 -9 -25 0
69058 -288 9 0
69058 -288 26 0
69058 288 -9 -26 0
69058 -289 9 0
69058 -289 27 0
69058 289 -9 -27 0
69058 -290 9 0
69058 -290 28 0
69058 290 -9 -28 0
69058 -291 9 0
69058 -291 29 0
69058 291 -9 -29 0
69058 -292 9 0
69058 -292 30 0
69058 292 -9 -30 0
69058 -293 9 0
69058 -293 31 0
69058 293 -9 -31 0
69058 -294 9 0
69058 -294 32 0
69058 294 -9 -32 0
69058 -295 9 0
69058 -295 33 0
69058 295 -9 -33 0
69058 -296 9 0
69058 -296 34 0
69058 296 -9 -34 0
69058 -297 10 0
69058 -297 11 0
69058 297 -10 -11 0
69058 -298 10 0
69058 -298 12 0
69058 298 -10 -12 0
69058 -299 10 0
69058 -299 13 0
69058 299 -10 -13 0
69058 -300 10 0
69058 -300 14 0
69058 300 -10 -14 0
69058 -301 10 0
69058 -301 15 0
69058 301 -10 -15 0
69058 -302 10 0
69058 -302 16 0
69058 302 -10 -16 0
69058 -303 10 0
69058 -303 17 0
69058 303 -10 -17 0
69058 -304 10 0
69058 -304 18 0
69058 304 -10 -18 0
69058 -305 10 0
69058 -305 19 0
69058 305 -10 -19 0
69058 -306 10 0
69058 -306 20 0
69058 306 -10 -20 0
69058 -307 10 0
69058 -307 21 0
69058 307 -10 -21 0
69058 -308 10 0
69058 -308 22 0
69058 308 -10 -22 0
69058 -309 10 0
69058 -309 23 0
69058 309 -10 -23 0
69058 -310 10 0
69058 -310 24 0
69058 310 -10 -24 0
69058 -311 10 0
69058 -311 25 0
69058 311 -10 -25 0
69058 -312 10 0
69058 -312 26 0
69058 312 -10 -26 0
69058 -313 10 0
69058 -313 27 0
69058 313 -10 -27 0
69058 -314 10 0
69058 -314 28 0
69058 314 -10 -28 0
69058 -315 10 0
69058 -315 29 0
69058 315 -10 -29 0
69058 -316 10 0
69058 -316 30 0
69058 316 -10 -30 0
69058 -317 10 0
69058 -317 31 0
69058 317 -10 -31 0
69058 -318 10 0
69058 -318 32 0
69058 318 -10 -32 0
69058 -319 10 0
69058 -319 33 0
69058 319 -10 -33 0
69058 -320 10 0
69058 -320 34 0
69058 320 -10 -34 0
69058 -321 11 0
69058 -321 12 0
69058 321 -11 -12 0
69058 -322 11 0
69058 -322 13 0
69058 322 -11 -13 0
69058 -323 11 0
69058 -323 14 0
69058 323 -11 -14 0
69058 -324 11 0
69058 -324 15 0
69058 324 -11 -15 0
69058 -325 11 0
69058 -325 16 0
69058 325 -11 -16 0
69058 -326 11 0
69058 -326 17 0
69058 326 -11 -17 0
69058 -327 11 0
69058 -327 18 0
69058 327 -11 -18 0
69058 -328 11 0
69058 -328 19 0
69058 328 -11 -19 0
69058 -329 11 0
69058 -329 20 0
69058 329 -11 -20 0
69058 -330 11 0
69058 -330 21 0
69058 330 -11 -21 0
69058 -331 11 0
69058 -331 22 0
69058 331 -11 -22 0
69058 -332 11 0
69058 -332 23 0
69058 332 -11 -23 0
69058 -333 11 0
69058 -333 24 0
69058 333 -11 -24 0
69058 -334 11 0
69058 -334 25 0
69058 334 -11 -25 0
69058 -335 11 0
69058 -335 26 0
69058 335 -11 -26 0
69058 -336 11 0
69058 -336 27 0
69058 336 -11 -27 0
69058 -337 11 0
69058 -337 28 0
69058 337 -11 -28 0
69058 -338 11 0
69058 -338 29 0
69058 338 -11 -29 0
69058 -339 11 0
69058 -339 30 0
69058 339 -11 -30 0
69058 -340 11 0
69058 -340 31 0
69058 340 -11 -31 0
69058 -341 11 0
69058 -341 32 0
69058 341 -11 -32 0
69058 -342 11 0
69058 -342 33 0
69058 342 -11 -33 0
69058 -343 11 0
69058 -343 34 0
69058 343 -11 -34 0
69058 -344 12 0
69058 -344 13 0
69058 344 -12 -13 0
69058 -345 12 0
69058 -345 14 0
69058 345 -12 -14 0
69058 -346 12 0
69058 -346 15 0
69058 346 -12 -15 0
69058 -347 12 0
69058 -347 16 0
69058 347 -12 -16 0
69058 -348 12 0
69058 -348 17 0
69058 348 -12 -17 0
69058 -349 12 0
69058 -349 18 0
69058 349 -12 -18 0
69058 -350 12 0
69058 -350 19 0
69058 350 -12 -19 0
69058 -351 12 0
69058 -351 20 0
69058 351 -12 -20 0
69058 -352 12 0
69058 -352 21 0
69058 352 -12 -21 0
69058 -353 12 0
69058 -353 22 0
69058 353 -12 -22 0
69058 -354 12 0
69058 -354 23 0
69058 354 -12 -23 0
69058 -355 12 0
69058 -355 24 0
69058 355 -12 -24 0
69058 -356 12 0
69058 -356 25 0
69058 356 -12 -25 0
69058 -357 12 0
69058 -357 26 0
69058 357 -12 -26 0
69058 -358 12 0
69058 -358 27 0
69058 358 -12 -27 0
69058 -359 12 0
69058 -359 28 0
69058 359 -12 -28 0
69058 -360 12 0
69058 -360 29 0
69058 360 -12 -29 0
69058 -361 12 0
69058 -361 30 0
69058 361 -12 -30 0
69058 -362 12 0
69058 -362 31 0
69058 362 -12 -31 0
69058 -363 12 0
69058 -363 32 0
69058 363 -12 -32 0
69058 -364 12 0
69058 -364 33 0
69058 364 -12 -33 0
69058 -365 12 0
69058 -365 34 0
69058 365 -12 -34 0
69058 -366 13 0
69058 -366 14 0
69058 366 -13 -14 0
69058 -367 13 0
69058 -367 15 0
69058 367 -13 -15 0
69058 -368 13 0
69058 -368 16 0
69058 368 -13 -16 0
69058 -369 13 0
69058 -369 17 0
69058 369 -13 -17 0
69058 -370 13 0
69058 -370 18 0
69058 370 -13 -18 0
69058 -371 13 0
69058 -371 19 0
69058 371 -13 -19 0
69058 -372 13 0
69058 -372 20 0
69058 372 -13 -20 0
69058 -373 13 0
69058 -373 21 0
69058 373 -13 -21 0
69058 -374 13 0
69058 -374 22 0
69058 374 -13 -22 0
69058 -375 13 0
69058 -375 23 0
69058 375 -13 -23 0
69058 -376 13 0
69058 -376 24 0
69058 376 -13 -24 0
69058 -377 13 0
69058 -377 25 0
69058 377 -13 -25 0
69058 -378 13 0
69058 -378 26 0
69058 378 -13 -26 0
69058 -379 13 0
69058 -379 27 0
69058 379 -13 -27 0
69058 -380 13 0
69058 -380 28 0
69058 380 -13 -28 0
69058 -381 13 0
69058 -381 29 0
69058 381 -13 -29 0
69058 -382 13 0
69058 -382 30 0
69058 382 -13 -30 0
69058 -383 13 0
69058 -383 31 0
69058 383 -13 -31 0
69058 -384 13 0
69058 -384 32 0
69058 384 -13 -32 0
69058 -385 13 0
69058 -385 33 0
69058 385 -13 -33 0
69058 -386 13 0
69058 -386 34 0
69058 386 -13 -34 0
69058 -387 14 0
69058 -387 15 0
69058 387 -14 -15 0
69058 -388 14 0
69058 -388 16 0
69058 388 -14 -16 0
69058 -389 14 0
69058 -389 17 0
69058 389 -14 -17 0
69058 -390 14 0
69058 -390 18 0
69058 390 -14 -18 0
69058 -391 14 0
69058 -391 19 0
69058 391 -14 -19 0
69058 -392 14 0
69058 -392 20 0
69058 392 -14 -20 0
69058 -393 14 0
69058 -393 21 0
69058 393 -14 -21 0
69058 -394 14 0
69058 -394 22 0
69058 394 -14 -22 0
69058 -395 14 0
69058 -395 23 0
69058 395 -14 -23 0
69058 -396 14 0
69058 -396 24 0
69058 396 -14 -24 0
69058 -397 14 0
69058 -397 25 0
69058 397 -14 -25 0
69058 -398 14 0
69058 -398 26 0
69058 398 -14 -26 0
69058 -399 14 0
69058 -399 27 0
69058 399 -14 -27 0
69058 -400 14 0
69058 -400 28 0
69058 400 -14 -28 0
69058 -401 14 0
69058 -401 29 0
69058 401 -14 -29 0
69058 -402 14 0
69058 -402 30 0
69058 402 -14 -30 0
69058 -403 14 0
69058 -403 31 0
69058 403 -14 -31 0
69058 -404 14 0
69058 -404 32 0
69058 404 -14 -32 0
69058 -405 14 0
69058 -405 33 0
69058 405 -14 -33 0
69058 -406 14 0
69058 -406 34 0
69058 406 -14 -34 0
69058 -407 15 0
69058 -407 16 0
69058 407 -15 -16 0
69058 -408 15 0
69058 -408 17 0
69058 408 -15 -17 0
69058 -409 15 0
69058 -409 18 0
69058 409 -15 -18 0
69058 -410 15 0
69058 -410 19 0
69058 410 -15 -19 0
69058 -411 15 0
69058 -411 20 0
69058 411 -15 -20 0
69058 -412 15 0
69058 -412 21 0
69058 412 -15 -21 0
69058 -413 15 0
69058 -413 22 0
69058 413 -15 -22 0
69058 -414 15 0
69058 -414 23 0
69058 414 -15 -23 0
69058 -415 15 0
69058 -415 24 0
69058 415 -15 -24 0
69058 -416 15 0
69058 -416 25 0
69058 416 -15 -25 0
69058 -417 15 0
69058 -417 26 0
69058 417 -15 -26 0
69058 -418 15 0
69058 -418 27 0
69058 418 -15 -27 0
69058 -419 15 0
69058 -419 28 0
69058 419 -15 -28 0
69058 -420 15 0
69058 -420 29 0
69058 420 -15 -29 0
69058 -421 15 0
69058 -421 30 0
69058 421 -15 -30 0
69058 -422 15 0
69058 -422 31 0
69058 422 -15 -31 0
69058 -423 15 0
69058 -423 32 0
69058 423 -15 -32 0
69058 -424 15 0
69058 -424 33 0
69058 424 -15 -33 0
69058 -425 15 0
69058 -425 34 0
69058 425 -15 -34 0
69058 -426 16 0
69058 -426 17 0
69058 426 -16 -17 0
69058 -427 16 0
69058 -427 18 0
69058 427 -16 -18 0
69058 -428 16 0
69058 -428 19 0
69058 428 -16 -19 0
69058 -429 16 0
69058 -429 20 0
69058 429 -16 -20 0
69058 -430 16 0
69058 -430 21 0
69058 430 -16 -21 0
69058 -431 16 0
69058 -431 22 0
69058 431 -16 -22 0
69058 -432 16 0
69058 -432 23 0
69058 432 -16 -23 0
69058 -433 16 0
69058 -433 24 0
69058 433 -16 -24 0
69058 -434 16 0
69058 -434 25 0
69058 434 -16 -25 0
69058 -435 16 0
69058 -435 26 0
69058 435 -16 -26 0
69058 -436 16 0
69058 -436 27 0
69058 436 -16 -27 0
69058 -437 16 0
69058 -437 28 0
69058 437 -16 -28 0
69058 -438 16 0
69058 -438 29 0
69058 438 -16 -29 0
69058 -439 16 0
69058 -439 30 0
69058 439 -16 -30 0
69058 -440 16 0
69058 -440 31 0
69058 440 -16 -31 0
69058 -441 16 0
69058 -441 32 0
69058 441 -16 -32 0
69058 -442 16 0
69058 -442 33 0
69058 442 -16 -33 0
69058 -443 16 0
69058 -443 34 0
69058 443 -16 -34 0
69058 -444 17 0
69058 -444 18 0
69058 444 -17 -18 0
69058 -445 17 0
69058 -445 19 0
69058 445 -17 -19 0
69058 -446 17 0
69058 -446 20 0
69058 446 -17 -20 0
69058 -447 17 0
69058 -447 21 0
69058 447 -17 -21 0
69058 -448 17 0
69058 -448 22 0
69058 448 -17 -22 0
69058 -449 17 0
69058 -449 23 0
69058 449 -17 -23 0
69058 -450 17 0
69058 -450 24 0
69058 450 -17 -24 0
69058 -451 17 0
69058 -451 25 0
69058 451 -17 -25 0
69058 -452 17 0
69058 -452 26 0
69058 452 -17 -26 0
69058 -453 17 0
69058 -453 27 0
69058 453 -17 -27 0
69058 -454 17 0
69058 -454 28 0
69058 454 -17 -28 0
69058 -455 17 0
69058 -455 29 0
69058 455 -17 -29 0
69058 -456 17 0
69058 -456 30 0
69058 456 -17 -30 0
69058 -457 17 0
69058 -457 31 0
69058 457 -17 -31 0
69058 -458 17 0
69058 -458 32 0
69058 458 -17 -32 0
69058 -459 17 0
69058 -459 33 0
69058 459 -17 -33 0
69058 -460 17 0
69058 -460 34 0
69058 460 -17 -34 0
69058 -461 18 0
69058 -461 19 0
69058 461 -18 -19 0
69058 -462 18 0
69058 -462 20 0
69058 462 -18 -20 0
69058 -463 18 0
69058 -463 21 0
69058 463 -18 -21 0
69058 -464 18 0
69058 -464 22 0
69058 464 -18 -22 0
69058 -465 18 0
69058 -465 23 0
69058 465 -18 -23 0
69058 -466 18 0
69058 -466 24 0
69058 466 -18 -24 0
69058 -467 18 0
69058 -467 25 0
69058 467 -18 -25 0
69058 -468 18 0
69058 -468 26 0
69058 468 -18 -26 0
69058 -469 18 0
69058 -469 27 0
69058 469 -18 -27 0
69058 -470 18 0
69058 -470 28 0
69058 470 -18 -28 0
69058 -471 18 0
69058 -471 29 0
69058 471 -18 -29 0
69058 -472 18 0
69058 -472 30 0
69058 472 -18 -30 0
69058 -473 18 0
69058 -473 31 0
69058 473 -18 -31 0
69058 -474 18 0
69058 -474 32 0
69058 474 -18 -32 0
69058 -475 18 0
69058 -475 33 0
69058 475 -18 -33 0
69058 -476 18 0
69058 -476 34 0
69058 476 -18 -34 0
69058 -477 19 0
69058 -477 20 0
69058 477 -19 -20 0
69058 -478 19 0
69058 -478 21 0
69058 478 -19 -21 0
69058 -479 19 0
69058 -479 22 0
69058 479 -19 -22 0
69058 -480 19 0
69058 -480 23 0
69058 480 -19 -23 0
69058 -481 19 0
69058 -481 24 0
69058 481 -19 -24 0
69058 -482 19 0
69058 -482 25 0
69058 482 -19 -25 0
69058 -483 19 0
69058 -483 26 0
69058 483 -19 -26 0
69058 -484 19 0
69058 -484 27 0
69058 484 -19 -27 0
69058 -485 19 0
69058 -485 28 0
69058 485 -19 -28 0
69058 -486 19 0
69058 -486 29 0
69058 486 -19 -29 0
69058 -487 19 0
69058 -487 30 0
69058 487 -19 -30 0
69058 -488 19 0
69058 -488 31 0
69058 488 -19 -31 0
69058 -489 19 0
69058 -489 32 0
69058 489 -19 -32 0
69058 -490 19 0
69058 -490 33 0
69058 490 -19 -33 0
69058 -491 19 0
69058 -491 34 0
69058 491 -19 -34 0
69058 -492 20 0
69058 -492 21 0
69058 492 -20 -21 0
69058 -493 20 0
69058 -493 22 0
69058 493 -20 -22 0
69058 -494 20 0
69058 -494 23 0
69058 494 -20 -23 0
69058 -495 20 0
69058 -495 24 0
69058 495 -20 -24 0
69058 -496 20 0
69058 -496 25 0
69058 496 -20 -25 0
69058 -497 20 0
69058 -497 26 0
69058 497 -20 -26 0
69058 -498 20 0
69058 -498 27 0
69058 498 -20 -27 0
69058 -499 20 0
69058 -499 28 0
69058 499 -20 -28 0
69058 -500 20 0
69058 -500 29 0
69058 500 -20 -29 0
69058 -501 20 0
69058 -501 30 0
69058 501 -20 -30 0
69058 -502 20 0
69058 -502 31 0
69058 502 -20 -31 0
69058 -503 20 0
69058 -503 32 0
69058 503 -20 -32 0
69058 -504 20 0
69058 -504 33 0
69058 504 -20 -33 0
69058 -505 20 0
69058 -505 34 0
69058 505 -20 -34 0
69058 -506 21 0
69058 -506 22 0
69058 506 -21 -22 0
69058 -507 21 0
69058 -507 23 0
69058 507 -21 -23 0
69058 -508 21 0
69058 -508 24 0
69058 508 -21 -24 0
69058 -509 21 0
69058 -509 25 0
69058 509 -21 -25 0
69058 -510 21 0
69058 -510 26 0
69058 510 -21 -26 0
69058 -511 21 0
69058 -511 27 0
69058 511 -21 -27 0
69058 -512 21 0
69058 -512 28 0
69058 512 -21 -28 0
69058 -513 21 0
69058 -513 29 0
69058 513 -21 -29 0
69058 -514 21 0
69058 -514 30 0
69058 514 -21 -30 0
69058 -515 21 0
69058 -515 31 0
69058 515 -21 -31 0
69058 -516 21 0
69058 -516 32 0
69058 516 -21 -32 0
69058 -517 21 0
69058 -517 33 0
69058 517 -21 -33 0
69058 -518 21 0
69058 -518 34 0
69058 518 -21 -34 0
69058 -519 22 0
69058 -519 23 0
69058 519 -22 -23 0
69058 -520 22 0
69058 -520 24 0
69058 520 -22 -24 0
69058 -521 22 0
69058 -521 25 0
69058 521 -22 -25 0
69058 -522 22 0
69058 -522 26 0
69058 522 -22 -26 0
69058 -523 22 0
69058 -523 27 0
69058 523 -22 -27 0
69058 -524 22 0
69058 -524 28 0
69058 524 -22 -28 0
69058 -525 22 0
69058 -525 29 0
69058 525 -22 -29 0
69058 -526 22 0
69058 -526 30 0
69058 526 -22 -30 0
69058 -527 22 0
69058 -527 31 0
69058 527 -22 -31 0
69058 -528 22 0
69058 -528 32 0
69058 528 -22 -32 0
69058 -529 22 0
69058 -529 33 0
69058 529 -22 -33 0
69058 -530 22 0
69058 -530 34 0
69058 530 -22 -34 0
69058 -531 23 0
69058 -531 24 0
69058 531 -23 -24 0
69058 -532 23 0
69058 -532 25 0
69058 532 -23 -25 0
69058 -533 23 0
69058 -533 26 0
69058 533 -23 -26 0
69058 -534 23 0
69058 -534 27 0
69058 534 -23 -27 0
69058 -535 23 0
69058 -535 28 0
69058 535 -23 -28 0
69058 -536 23 0
69058 -536 29 0
69058 536 -23 -29 0
69058 -537 23 0
69058 -537 30 0
69058 537 -23 -30 0
69058 -538 23 0
69058 -538 31 0
69058 538 -23 -31 0
69058 -539 23 0
69058 -539 32 0
69058 539 -23 -32 0
69058 -540 23 0
69058 -540 33 0
69058 540 -23 -33 0
69058 -541 23 0
69058 -541 34 0
69058 541 -23 -34 0
69058 -542 24 0
69058 -542 25 0
69058 542 -24 -25 0
69058 -543 24 0
69058 -543 26 0
69058 543 -24 -26 0
69058 -544 24 0
69058 -544 27 0
69058 544 -24 -27 0
69058 -545 24 0
69058 -545 28 0
69058 545 -24 -28 0
69058 -546 24 0
69058 -546 29 0
69058 546 -24 -29 0
69058 -547 24 0
69058 -547 30 0
69058 547 -24 -30 0
69058 -548 24 0
69058 -548 31 0
69058 548 -24 -31 0
69058 -549 24 0
69058 -549 32 0
69058 549 -24 -32 0
69058 -550 24 0
69058 -550 33 0
69058 550 -24 -33 0
69058 -551 24 0
69058 -551 34 0
69058 551 -24 -34 0
69058 -552 25 0
69058 -552 26 0
69058 552 -25 -26 0
69058 -553 25 0
69058 -553 27 0
69058 553 -25 -27 0
69058 -554 25 0
69058 -554 28 0
69058 554 -25 -28 0
69058 -555 25 0
69058 -555 29 0
69058 555 -25 -29 0
69058 -556 25 0
69058 -556 30 0
69058 556 -25 -30 0
69058 -557 25 0
69058 -557 31 0
69058 557 -25 -31 0
69058 -558 25 0
69058 -558 32 0
69058 558 -25 -32 0
69058 -559 25 0
69058 -559 33 0
69058 559 -25 -33 0
69058 -560 25 0
69058 -560 34 0
69058 560 -25 -34 0
69058 -561 26 0
69058 -561 27 0
69058 561 -26 -27 0
69058 -562 26 0
69058 -562 28 0
69058 562 -26 -28 0
69058 -563 26 0
69058 -563 29 0
69058 563 -26 -29 0
69058 -564 26 0
69058 -564 30 0
69058 564 -26 -30 0
69058 -565 26 0
69058 -565 31 0
69058 565 -26 -31 0
69058 -566 26 0
69058 -566 32 0
69058 566 -26 -32 0
69058 -567 26 0
69058 -567 33 0
69058 567 -26 -33 0
69058 -568 26 0
69058 -568 34 0
69058 568 -26 -34 0
69058 -569 27 0
69058 -569 28 0
69058 569 -27 -28 0
69058 -570 27 0
69058 -570 29 0
69058 570 -27 -29 0
69058 -571 27 0
69058 -571 30 0
69058 571 -27 -30 0
69058 -572 27 0
69058 -572 31 0
69058 572 -27 -31 0
69058 -573 27 0
69058 -573 32 0
69058 573 -27 -32 0
69058 -574 27 0
69058 -574 33 0
69058 574 -27 -33 0
69058 -575 27 0
69058 -575 34 0
69058 575 -27 -34 0
69058 -576 28 0
69058 -576 29 0
69058 576 -28 -29 0
69058 -577 28 0
69058 -577 30 0
69058 577 -28 -30 0
69058 -578 28 0
69058 -578 31 0
69058 578 -28 -31 0
69058 -579 28 0
69058 -579 32 0
69058 579 -28 -32 0
69058 -580 28 0
69058 -580 33 0
69058 580 -28 -33 0
69058 -581 28 0
69058 -581 34 0
69058 581 -28 -34 0
69058 -582 29 0
69058 -582 30 0
69058 582 -29 -30 0
69058 -583 29 0
69058 -583 31 0
69058 583 -29 -31 0
69058 -584 29 0
69058 -584 32 0
69058 584 -29 -32 0
69058 -585 29 0
69058 -585 33 0
69058 585 -29 -33 0
69058 -586 29 0
69058 -586 34 0
69058 586 -29 -34 0
69058 -587 30 0
69058 -587 31 0
69058 587 -30 -31 0
69058 -588 30 0
69058 -588 32 0
69058 588 -30 -32 0
69058 -589 30 0
69058 -589 33 0
69058 589 -30 -33 0
69058 -590 30 0
69058 -590 34 0
69058 590 -30 -34 0
69058 -591 31 0
69058 -591 32 0
69058 591 -31 -32 0
69058 -592 31 0
69058 -592 33 0
69058 592 -31 -33 0
69058 -593 31 0
69058 -593 34 0
69058 593 -31 -34 0
69058 -594 32 0
69058 -594 33 0
69058 594 -32 -33 0
69058 -595 32 0
69058 -595 34 0
69058 595 -32 -34 0
69058 -596 33 0
69058 -596 34 0
69058 596 -33 -34 0
34857 1 0
69048 -1 0
50410 36 0
69048 -36 0
57224 37 0
69048 -37 0
66408 38 0
69048 -38 0
57404 39 0
69048 -39 0
53086 40 0
69048 -40 0
72748 41 0
69048 -41 0
68234 42 0
69048 -42 0
81184 43 0
69048 -43 0
70406 44 0
69048 -44 0
67242 45 0
69048 -45 0
84568 46 0
69048 -46 0
73566 47 0
69048 -47 0
55268 48 0
69048 -48 0
86250 49 0
69048 -49 0
65950 50 0
69048 -50 0
72312 51 0
69048 -51 0
68090 52 0
69048 -52 0
69492 53 0
69048 -53 0
67378 54 0
69048 -54 0
61192 55 0
69048 -55 0
67682 56 0
69048 -56 0
67710 57 0
69048 -57 0
70984 58 0
69048 -58 0
62392 59 0
69048 -59 0
78920 60 0
69048 -60 0
63178 61 0
69048 -61 0
72058 62 0
69048 -62 0
64562 63 0
69048 -63 0
69846 64 0
69048 -64 0
68124 65 0
69048 -65 0
68834 66 0
69048 -66 0
70308 67 0
69048 -67 0
66898 68 0
69048 -68 0
44533 2 0
69048 -2 0
58870 69 0
69048 -69 0
71126 70 0
69048 -70 0
82326 71 0
69048 -71 0
66102 72 0
69048 -72 0
80834 73 0
69048 -73 0
65852 74 0
69048 -74 0
73656 75 0
69048 -75 0
74504 76 0
69048 -76 0
64156 77 0
69048 -77 0
67096 78 0
69048 -78 0
84882 79 0
69048 -79 0
52956 80 0
69048 -80 0
58956 81 0
69048 -81 0
79852 82 0
69048 -82 0
69366 83 0
69048 -83 0
67240 84 0
69048 -84 0
71598 85 0
69048 -85 0
64696 86 0
69048 -86 0
59926 87 0
69048 -87 0
66326 88 0
69048 -88 0
70050 89 0
69048 -89 0
66502 90 0
69048 -90 0
65178 91 0
69048 -91 0
66322 92 0
69048 -92 0
67292 93 0
69048 -93 0
73796 94 0
69048 -94 0
68052 95 0
69048 -95 0
66404 96 0
69048 -96 0
66992 97 0
69048 -97 0
70146 98 0
69048 -98 0
70938 99 0
69048 -99 0
67070 100 0
69048 -100 0
52176 3 0
69048 -3 0
77862 101 0
69048 -101 0
73312 102 0
69048 -102 0
72748 103 0
69048 -103 0
75362 104 0
69048 -104 0
59796 105 0
69048 -105 0
70606 106 0
69048 -106 0
66330 107 0
69048 -107 0
64478 108 0
69048 -108 0
69046 109 0
69048 -109 0
75708 110 0
69048 -110 0
67126 111 0
69048 -111 0
70964 112 0
69048 -112 0
64004 113 0
69048 -113 0
71546 114 0
69048 -114 0
68466 115 0
69048 -115 0
74528 116 0
69048 -116 0
61750 117 0
69048 -117 0
61780 118 0
69048 -118 0
74972 119 0
69048 -119 0
76654 120 0
69048 -120 0
73702 121 0
69048 -121 0
65708 122 0
69048 -122 0
76830 123 0
69048 -123 0
69244 124 0
69048 -124 0
74474 125 0
69048 -125 0
62906 126 0
69048 -126 0
63390 127 0
69048 -127 0
73636 128 0
69048 -128 0
66426 129 0
69048 -129 0
64708 130 0
69048 -130 0
70682 131 0
69048 -131 0
48524 4 0
69048 -4 0
67728 132 0
69048 -132 0
66526 133 0
69048 -133 0
74846 134 0
69048 -134 0
64790 135 0
69048 -135 0
74476 136 0
69048 -136 0
86694 137 0
69048 -137 0
79538 138 0
69048 -138 0
74378 139 0
69048 -139 0
72746 140 0
69048 -140 0
56388 141 0
69048 -141 0
66172 142 0
69048 -142 0
71308 143 0
69048 -143 0
75788 144 0
69048 -144 0
62762 145 0
69048 -145 0
65400 146 0
69048 -146 0
64390 147 0
69048 -147 0
71436 148 0
69048 -148 0
76424 149 0
69048 -149 0
65068 150 0
69048 -150 0
68812 151 0
69048 -151 0
74650 152 0
69048 -152 0
64098 153 0
69048 -153 0
68314 154 0
69048 -154 0
65190 155 0
69048 -155 0
73336 156 0
69048 -156 0
66918 157 0
69048 -157 0
67662 158 0
69048 -158 0
70676 159 0
69048 -159 0
70098 160 0
69048 -160 0
70510 161 0
69048 -161 0
32529 5 0
69048 -5 0
66308 162 0
69048 -162 0
69850 163 0
69048 -163 0
74808 164 0
69048 -164 0
70460 165 0
69048 -165 0
72602 166 0
69048 -166 0
68026 167 0
69048 -167 0
77822 168 0
69048 -168 0
59032 169 0
69048 -169 0
73308 170 0
69048 -170 0
79854 171 0
69048 -171 0
65826 172 0
69048 -172 0
64750 173 0
69048 -173 0
75814 174 0
69048 -174 0
59208 175 0
69048 -175 0
79884 176 0
69048 -176 0
69094 177 0
69048 -177 0
72356 178 0
69048 -178 0
72202 179 0
69048 -179 0
74914 180 0
69048 -180 0
73544 181 0
69048 -181 0
74626 182 0
69048 -182 0
70906 183 0
69048 -183 0
72352 184 0
69048 -184 0
62440 185 0
69048 -185 0
72036 186 0
69048 -186 0
66818 187 0
69048 -187 0
69670 188 0
69048 -188 0
71008 189 0
69048 -189 0
66812 190 0
69048 -190 0
54326 6 0
69048 -6 0
61480 191 0
69048 -191 0
81424 192 0
69048 -192 0
73084 193 0
69048 -193 0
47384 194 0
69048 -194 0
78064 195 0
69048 -195 0
85136 196 0
69048 -196 0
47782 197 0
69048 -197 0
66090 198 0
69048 -198 0
70788 199 0
69048 -199 0
77720 200 0
69048 -200 0
73666 201 0
69048 -201 0
55378 202 0
69048 -202 0
73304 203 0
69048 -203 0
58714 204 0
69048 -204 0
64102 205 0
69048 -205 0
60372 206 0
69048 -206 0
66418 207 0
69048 -207 0
64864 208 0
69048 -208 0
60170 209 0
69048 -209 0
70868 210 0
69048 -210 0
61550 211 0
69048 -211 0
60064 212 0
69048 -212 0
78132 213 0
69048 -213 0
63342 214 0
69048 -214 0
73376 215 0
69048 -215 0
67104 216 0
69048 -216 0
65478 217 0
69048 -217 0
72230 218 0
69048 -218 0
39898 7 0
69048 -7 0
84804 219 0
69048 -219 0
56292 220 0
69048 -220 0
67716 221 0
69048 -221 0
77720 222 0
69048 -222 0
70450 223 0
69048 -223 0
51816 224 0
69048 -224 0
62776 225 0
69048 -225 0
74016 226 0
69048 -226 0
67976 227 0
69048 -227 0
73434 228 0
69048 -228 0
66910 229 0
69048 -229 0
63584 230 0
69048 -230 0
66154 231 0
69048 -231 0
73594 232 0
69048 -232 0
59406 233 0
69048 -233 0
73226 234 0
69048 -234 0
59610 235 0
69048 -235 0
69676 236 0
69048 -236 0
61022 237 0
69048 -237 0
66124 238 0
69048 -238 0
65890 239 0
69048 -239 0
74512 240 0
69048 -240 0
77302 241 0
69048 -241 0
63210 242 0
69048 -242 0
71668 243 0
69048 -243 0
74858 244 0
69048 -244 0
65350 245 0
69048 -245 0
51312 8 0
69048 -8 0
74462 246 0
69048 -246 0
70044 247 0
69048 -247 0
67432 248 0
69048 -248 0
74536 249 0
69048 -249 0
82484 250 0
69048 -250 0
69370 251 0
69048 -251 0
65658 252 0
69048 -252 0
63732 253 0
69048 -253 0
70324 254 0
69048 -254 0
74224 255 0
69048 -255 0
66324 256 0
69048 -256 0
65904 257 0
69048 -257 0
63322 258 0
69048 -258 0
79126 259 0
69048 -259 0
75356 260 0
69048 -260 0
71934 261 0
69048 -261 0
68378 262 0
69048 -262 0
76156 263 0
69048 -263 0
69116 264 0
69048 -264 0
75470 265 0
69048 -265 0
63810 266 0
69048 -266 0
64366 267 0
69048 -267 0
71686 268 0
69048 -268 0
67564 269 0
69048 -269 0
66528 270 0
69048 -270 0
69306 271 0
69048 -271 0
59769 9 0
69048 -9 0
69530 272 0
69048 -272 0
70648 273 0
69048 -273 0
73152 274 0
69048 -274 0
77370 275 0
69048 -275 0
68700 276 0
69048 -276 0
63514 277 0
69048 -277 0
64362 278 0
69048 -278 0
73576 279 0
69048 -279 0
63220 280 0
69048 -280 0
56556 281 0
69048 -281 0
55754 282 0
69048 -282 0
73822 283 0
69048 -283 0
65506 284 0
69048 -284 0
73144 285 0
69048 -285 0
56862 286 0
69048 -286 0
78588 287 0
69048 -287 0
58800 288 0
69048 -288 0
75942 289 0
69048 -289 0
63580 290 0
69048 -290 0
74404 291 0
69048 -291 0
75266 292 0
69048 -292 0
72070 293 0
69048 -293 0
67204 294 0
69048 -294 0
66598 295 0
69048 -295 0
70768 296 0
69048 -296 0
63514 10 0
69048 -10 0
62364 297 0
69048 -297 0
61274 298 0
69048 -298 0
67396 299 0
69048 -299 0
78634 300 0
69048 -300 0
72078 301 0
69048 -301 0
63620 302 0
69048 -302 0
71248 303 0
69048 -303 0
67574 304 0
69048 -304 0
75094 305 0
69048 -305 0
62682 306 0
69048 -306 0
64968 307 0
69048 -307 0
60338 308 0
69048 -308 0
68798 309 0
69048 -309 0
68608 310 0
69048 -310 0
59772 311 0
69048 -311 0
73036 312 0
69048 -312 0
68684 313 0
69048 -313 0
66500 314 0
69048 -314 0
71038 315 0
69048 -315 0
62526 316 0
69048 -316 0
75662 317 0
69048 -317 0
65800 318 0
69048 -318 0
62958 319 0
69048 -319 0
72832 320 0
69048 -320 0
51387 11 0
69048 -11 0
60060 321 0
69048 -321 0
80956 322 0
69048 -322 0
74844 323 0
69048 -323 0
67784 324 0
69048 -324 0
63650 325 0
69048 -325 0
65272 326 0
69048 -326 0
67550 327 0
69048 -327 0
72286 328 0
69048 -328 0
72260 329 0
69048 -329 0
64530 330 0
69048 -330 0
68528 331 0
69048 -331 0
62098 332 0
69048 -332 0
69798 333 0
69048 -333 0
73072 334 0
69048 -334 0
65928 335 0
69048 -335 0
78470 336 0
69048 -336 0
69636 337 0
69048 -337 0
66300 338 0
69048 -338 0
70462 339 0
69048 -339 0
73082 340 0
69048 -340 0
67212 341 0
69048 -341 0
64988 342 0
69048 -342 0
72316 343 0
69048 -343 0
51309 12 0
69048 -12 0
85762 344 0
69048 -344 0
70582 345 0
69048 -345 0
57670 346 0
69048 -346 0
60808 347 0
69048 -347 0
74100 348 0
69048 -348 0
76818 349 0
69048 -349 0
64790 350 0
69048 -350 0
65952 351 0
69048 -351 0
60810 352 0
69048 -352 0
61758 353 0
69048 -353 0
75778 354 0
69048 -354 0
64610 355 0
69048 -355 0
63504 356 0
69048 -356 0
62868 357 0
69048 -357 0
67782 358 0
69048 -358 0
69870 359 0
69048 -359 0
73448 360 0
69048 -360 0
60450 361 0
69048 -361 0
70500 362 0
69048 -362 0
69004 363 0
69048 -363 0
67508 364 0
69048 -364 0
70252 365 0
69048 -365 0
41883 13 0
69048 -13 0
70272 366 0
69048 -366 0
77820 367 0
69048 -367 0
72314 368 0
69048 -368 0
65234 369 0
69048 -369 0
73506 370 0
69048 -370 0
68714 371 0
69048 -371 0
66994 372 0
69048 -372 0
73968 373 0
69048 -373 0
75434 374 0
69048 -374 0
76506 375 0
69048 -375 0
71940 376 0
69048 -376 0
65500 377 0
69048 -377 0
72692 378 0
69048 -378 0
61380 379 0
69048 -379 0
64234 380 0
69048 -380 0
72308 381 0
69048 -381 0
74122 382 0
69048 -382 0
64042 383 0
69048 -383 0
71478 384 0
69048 -384 0
73808 385 0
69048 -385 0
66984 386 0
69048 -386 0
52823 14 0
69048 -14 0
66300 387 0
69048 -387 0
74024 388 0
69048 -388 0
74390 389 0
69048 -389 0
61496 390 0
69048 -390 0
71162 391 0
69048 -391 0
61830 392 0
69048 -392 0
56692 393 0
69048 -393 0
70752 394 0
69048 -394 0
76702 395 0
69048 -395 0
64224 396 0
69048 -396 0
70134 397 0
69048 -397 0
63764 398 0
69048 -398 0
68246 399 0
69048 -399 0
72952 400 0
69048 -400 0
68476 401 0
69048 -401 0
70882 402 0
69048 -402 0
63122 403 0
69048 -403 0
72602 404 0
69048 -404 0
74228 405 0
69048 -405 0
66554 406 0
69048 -406 0
57367 15 0
69048 -15 0
74162 407 0
69048 -407 0
75442 408 0
69048 -408 0
63296 409 0
69048 -409 0
66284 410 0
69048 -410 0
67188 411 0
69048 -411 0
66686 412 0
69048 -412 0
71082 413 0
69048 -413 0
70594 414 0
69048 -414 0
65038 415 0
69048 -415 0
72404 416 0
69048 -416 0
62796 417 0
69048 -417 0
70050 418 0
69048 -418 0
69866 419 0
69048 -419 0
71704 420 0
69048 -420 0
67316 421 0
69048 -421 0
67370 422 0
69048 -422 0
70352 423 0
69048 -423 0
70448 424 0
69048 -424 0
68360 425 0
69048 -425 0
64271 16 0
69048 -16 0
76400 426 0
69048 -426 0
79232 427 0
69048 -427 0
65886 428 0
69048 -428 0
58544 429 0
69048 -429 0
69044 430 0
69048 -430 0
69014 431 0
69048 -431 0
77616 432 0
69048 -432 0
65700 433 0
69048 -433 0
67760 434 0
69048 -434 0
67384 435 0
69048 -435 0
73176 436 0
69048 -436 0
66708 437 0
69048 -437 0
69448 438 0
69048 -438 0
74442 439 0
69048 -439 0
69714 440 0
69048 -440 0
68676 441 0
69048 -441 0
68278 442 0
69048 -442 0
70252 443 0
69048 -443 0
42472 17 0
69048 -17 0
69420 444 0
69048 -444 0
78022 445 0
69048 -445 0
79752 446 0
69048 -446 0
67534 447 0
69048 -447 0
74264 448 0
69048 -448 0
58840 449 0
69048 -449 0
69862 450 0
69048 -450 0
76060 451 0
69048 -451 0
64594 452 0
69048 -452 0
76996 453 0
69048 -453 0
67814 454 0
69048 -454 0
67908 455 0
69048 -455 0
77300 456 0
69048 -456 0
68586 457 0
69048 -457 0
70158 458 0
69048 -458 0
68978 459 0
69048 -459 0
72230 460 0
69048 -460 0
59425 18 0
69048 -18 0
72528 461 0
69048 -461 0
67798 462 0
69048 -462 0
65112 463 0
69048 -463 0
68596 464 0
69048 -464 0
61318 465 0
69048 -465 0
66952 466 0
69048 -466 0
76918 467 0
69048 -467 0
64284 468 0
69048 -468 0
73204 469 0
69048 -469 0
65434 470 0
69048 -470 0
71596 471 0
69048 -471 0
67282 472 0
69048 -472 0
70580 473 0
69048 -473 0
69380 474 0
69048 -474 0
67228 475 0
69048 -475 0
72832 476 0
69048 -476 0
49883 19 0
69048 -19 0
69970 477 0
69048 -477 0
67950 478 0
69048 -478 0
62216 479 0
69048 -479 0
73974 480 0
69048 -480 0
62258 481 0
69048 -481 0
74554 482 0
69048 -482 0
69390 483 0
69048 -483 0
66310 484 0
69048 -484 0
69380 485 0
69048 -485 0
71270 486 0
69048 -486 0
67828 487 0
69048 -487 0
68132 488 0
69048 -488 0
68772 489 0
69048 -489 0
70448 490 0
69048 -490 0
65608 491 0
69048 -491 0
85414 20 0
69048 -20 0
66826 492 0
69048 -492 0
72020 493 0
69048 -493 0
78990 494 0
69048 -494 0
63132 495 0
69048 -495 0
63060 496 0
69048 -496 0
64226 497 0
69048 -497 0
65528 498 0
69048 -498 0
64888 499 0
69048 -499 0
74414 500 0
69048 -500 0
65990 501 0
69048 -501 0
72288 502 0
69048 -502 0
67630 503 0
69048 -503 0
66318 504 0
69048 -504 0
71972 505 0
69048 -505 0
60606 21 0
69048 -21 0
68120 506 0
69048 -506 0
75146 507 0
69048 -507 0
67636 508 0
69048 -508 0
64026 509 0
69048 -509 0
73926 510 0
69048 -510 0
72004 511 0
69048 -511 0
75816 512 0
69048 -512 0
63576 513 0
69048 -513 0
66988 514 0
69048 -514 0
70152 515 0
69048 -515 0
68556 516 0
69048 -516 0
67718 517 0
69048 -517 0
68876 518 0
69048 -518 0
55927 22 0
69048 -22 0
65058 519 0
69048 -519 0
58812 520 0
69048 -520 0
64968 521 0
69048 -521 0
65338 522 0
69048 -522 0
67216 523 0
69048 -523 0
65084 524 0
69048 -524 0
75890 525 0
69048 -525 0
64888 526 0
69048 -526 0
73452 527 0
69048 -527 0
66076 528 0
69048 -528 0
65688 529 0
69048 -529 0
68876 530 0
69048 -530 0
48517 23 0
69048 -23 0
68322 531 0
69048 -531 0
74612 532 0
69048 -532 0
66682 533 0
69048 -533 0
74186 534 0
69048 -534 0
66262 535 0
69048 -535 0
68760 536 0
69048 -536 0
74654 537 0
69048 -537 0
71876 538 0
69048 -538 0
67384 539 0
69048 -539 0
66808 540 0
69048 -540 0
70940 541 0
69048 -541 0
69522 24 0
69048 -24 0
71186 542 0
69048 -542 0
60022 543 0
69048 -543 0
70132 544 0
69048 -544 0
64442 545 0
69048 -545 0
76110 546 0
69048 -546 0
71916 547 0
69048 -547 0
70156 548 0
69048 -548 0
68466 549 0
69048 -549 0
68418 550 0
69048 -550 0
69736 551 0
69048 -551 0
69047 25 0
69048 -25 0
77438 552 0
69048 -552 0
60970 553 0
69048 -553 0
71438 554 0
69048 -554 0
68060 555 0
69048 -555 0
63268 556 0
69048 -556 0
70892 557 0
69048 -557 0
67334 558 0
69048 -558 0
67788 559 0
69048 -559 0
67500 560 0
69048 -560 0
63841 26 0
69048 -26 0
73868 561 0
69048 -561 0
61946 562 0
69048 -562 0
78060 563 0
69048 -563 0
72210 564 0
69048 -564 0
68088 565 0
69048 -565 0
70738 566 0
69048 -566 0
69678 567 0
69048 -567 0
72230 568 0
69048 -568 0
65317 27 0
69048 -27 0
68332 569 0
69048 -569 0
72252 570 0
69048 -570 0
62830 571 0
69048 -571 0
67978 572 0
69048 -572 0
69158 573 0
69048 -573 0
70588 574 0
69048 -574 0
66726 575 0
69048 -575 0
69817 28 0
69048 -28 0
79120 576 0
69048 -576 0
68408 577 0
69048 -577 0
71084 578 0
69048 -578 0
68828 579 0
69048 -579 0
67158 580 0
69048 -580 0
72918 581 0
69048 -581 0
56331 29 0
69048 -29 0
72200 582 0
69048 -582 0
67510 583 0
69048 -583 0
68968 584 0
69048 -584 0
70378 585 0
69048 -585 0
65866 586 0
69048 -586 0
69017 30 0
69048 -30 0
73562 587 0
69048 -587 0
67134 588 0
69048 -588 0
64848 589 0
69048 -589 0
71198 590 0
69048 -590 0
57385 31 0
69048 -31 0
72254 591 0
69048 -591 0
74438 592 0
69048 -592 0
66038 593 0
69048 -593 0
72230 32 0
69048 -32 0
66318 594 0
69048 -594 0
69908 595 0
69048 -595 0
74228 33 0
69048 -33 0
72058 596 0
69048 -596 0
61351 34 0
69048 -34 0
