c
c Generated WCNF file
c
p wcnf 1036 5041 91746
91746 46 0
91746 -47 1 0
91746 -47 2 0
91746 47 -1 -2 0
91746 -48 1 0
91746 -48 3 0
91746 48 -1 -3 0
91746 -49 1 0
91746 -49 4 0
91746 49 -1 -4 0
91746 -50 1 0
91746 -50 5 0
91746 50 -1 -5 0
91746 -51 1 0
91746 -51 6 0
91746 51 -1 -6 0
91746 -52 1 0
91746 -52 7 0
91746 52 -1 -7 0
91746 -53 1 0
91746 -53 8 0
91746 53 -1 -8 0
91746 -54 1 0
91746 -54 9 0
91746 54 -1 -9 0
91746 -55 1 0
91746 -55 10 0
91746 55 -1 -10 0
91746 -56 1 0
91746 -56 11 0
91746 56 -1 -11 0
91746 -57 1 0
91746 -57 12 0
91746 57 -1 -12 0
91746 -58 1 0
91746 -58 13 0
91746 58 -1 -13 0
91746 -59 1 0
91746 -59 14 0
91746 59 -1 -14 0
91746 -60 1 0
91746 -60 15 0
91746 60 -1 -15 0
91746 -61 1 0
91746 -61 16 0
91746 61 -1 -16 0
91746 -62 1 0
91746 -62 17 0
91746 62 -1 -17 0
91746 -63 1 0
91746 -63 18 0
91746 63 -1 -18 0
91746 -64 1 0
91746 -64 19 0
91746 64 -1 -19 0
91746 -65 1 0
91746 -65 20 0
91746 65 -1 -20 0
91746 -66 1 0
91746 -66 21 0
91746 66 -1 -21 0
91746 -67 1 0
91746 -67 22 0
91746 67 -1 -22 0
91746 -68 1 0
91746 -68 23 0
91746 68 -1 -23 0
91746 -69 1 0
91746 -69 24 0
91746 69 -1 -24 0
91746 -70 1 0
91746 -70 25 0
91746 70 -1 -25 0
91746 -71 1 0
91746 -71 26 0
91746 71 -1 -26 0
91746 -72 1 0
91746 -72 27 0
91746 72 -1 -27 0
91746 -73 1 0
91746 -73 28 0
91746 73 -1 -28 0
91746 -74 1 0
91746 -74 29 0
91746 74 -1 -29 0
91746 -75 1 0
91746 -75 30 0
91746 75 -1 -30 0
91746 -76 1 0
91746 -76 31 0
91746 76 -1 -31 0
91746 -77 1 0
91746 -77 32 0
91746 77 -1 -32 0
91746 -78 1 0
91746 -78 33 0
91746 78 -1 -33 0
91746 -79 1 0
91746 -79 34 0
91746 79 -1 -34 0
91746 -80 1 0
91746 -80 35 0
91746 80 -1 -35 0
91746 -81 1 0
91746 -81 36 0
91746 81 -1 -36 0
91746 -82 1 0
91746 -82 37 0
91746 82 -1 -37 0
91746 -83 1 0
91746 -83 38 0
91746 83 -1 -38 0
91746 -84 1 0
91746 -84 39 0
91746 84 -1 -39 0
91746 -85 1 0
91746 -85 40 0
91746 85 -1 -40 0
91746 -86 1 0
91746 -86 41 0
91746 86 -1 -41 0
91746 -87 1 0
91746 -87 42 0
91746 87 -1 -42 0
91746 -88 1 0
91746 -88 43 0
91746 88 -1 -43 0
91746 -89 1 0
91746 -89 44 0
91746 89 -1 -44 0
91746 -90 1 0
91746 -90 45 0
91746 90 -1 -45 0
91746 -91 2 0
91746 -91 3 0
91746 91 -2 -3 0
91746 -92 2 0
91746 -92 4 0
91746 92 -2 -4 0
91746 -93 2 0
91746 -93 5 0
91746 93 -2 -5 0
91746 -94 2 0
91746 -94 6 0
91746 94 -2 -6 0
91746 -95 2 0
91746 -95 7 0
91746 95 -2 -7 0
91746 -96 2 0
91746 -96 8 0
91746 96 -2 -8 0
91746 -97 2 0
91746 -97 9 0
91746 97 -2 -9 0
91746 -98 2 0
91746 -98 10 0
91746 98 -2 -10 0
91746 -99 2 0
91746 -99 11 0
91746 99 -2 -11 0
91746 -100 2 0
91746 -100 12 0
91746 100 -2 -12 0
91746 -101 2 0
91746 -101 13 0
91746 101 -2 -13 0
91746 -102 2 0
91746 -102 14 0
91746 102 -2 -14 0
91746 -103 2 0
91746 -103 15 0
91746 103 -2 -15 0
91746 -104 2 0
91746 -104 16 0
91746 104 -2 -16 0
91746 -105 2 0
91746 -105 17 0
91746 105 -2 -17 0
91746 -106 2 0
91746 -106 18 0
91746 106 -2 -18 0
91746 -107 2 0
91746 -107 19 0
91746 107 -2 -19 0
91746 -108 2 0
91746 -108 20 0
91746 108 -2 -20 0
91746 -109 2 0
91746 -109 21 0
91746 109 -2 -21 0
91746 -110 2 0
91746 -110 22 0
91746 110 -2 -22 0
91746 -111 2 0
91746 -111 23 0
91746 111 -2 -23 0
91746 -112 2 0
91746 -112 24 0
91746 112 -2 -24 0
91746 -113 2 0
91746 -113 25 0
91746 113 -2 -25 0
91746 -114 2 0
91746 -114 26 0
91746 114 -2 -26 0
91746 -115 2 0
91746 -115 27 0
91746 115 -2 -27 0
91746 -116 2 0
91746 -116 28 0
91746 116 -2 -28 0
91746 -117 2 0
91746 -117 29 0
91746 117 -2 -29 0
91746 -118 2 0
91746 -118 30 0
91746 118 -2 -30 0
91746 -119 2 0
91746 -119 31 0
91746 119 -2 -31 0
91746 -120 2 0
91746 -120 32 0
91746 120 -2 -32 0
91746 -121 2 0
91746 -121 33 0
91746 121 -2 -33 0
91746 -122 2 0
91746 -122 34 0
91746 122 -2 -34 0
91746 -123 2 0
91746 -123 35 0
91746 123 -2 -35 0
91746 -124 2 0
91746 -124 36 0
91746 124 -2 -36 0
91746 -125 2 0
91746 -125 37 0
91746 125 -2 -37 0
91746 -126 2 0
91746 -126 38 0
91746 126 -2 -38 0
91746 -127 2 0
91746 -127 39 0
91746 127 -2 -39 0
91746 -128 2 0
91746 -128 40 0
91746 128 -2 -40 0
91746 -129 2 0
91746 -129 41 0
91746 129 -2 -41 0
91746 -130 2 0
91746 -130 42 0
91746 130 -2 -42 0
91746 -131 2 0
91746 -131 43 0
91746 131 -2 -43 0
91746 -132 2 0
91746 -132 44 0
91746 132 -2 -44 0
91746 -133 2 0
91746 -133 45 0
91746 133 -2 -45 0
91746 -134 3 0
91746 -134 4 0
91746 134 -3 -4 0
91746 -135 3 0
91746 -135 5 0
91746 135 -3 -5 0
91746 -136 3 0
91746 -136 6 0
91746 136 -3 -6 0
91746 -137 3 0
91746 -137 7 0
91746 137 -3 -7 0
91746 -138 3 0
91746 -138 8 0
91746 138 -3 -8 0
91746 -139 3 0
91746 -139 9 0
91746 139 -3 -9 0
91746 -140 3 0
91746 -140 10 0
91746 140 -3 -10 0
91746 -141 3 0
91746 -141 11 0
91746 141 -3 -11 0
91746 -142 3 0
91746 -142 12 0
91746 142 -3 -12 0
91746 -143 3 0
91746 -143 13 0
91746 143 -3 -13 0
91746 -144 3 0
91746 -144 14 0
91746 144 -3 -14 0
91746 -145 3 0
91746 -145 15 0
91746 145 -3 -15 0
91746 -146 3 0
91746 -146 16 0
91746 146 -3 -16 0
91746 -147 3 0
91746 -147 17 0
91746 147 -3 -17 0
91746 -148 3 0
91746 -148 18 0
91746 148 -3 -18 0
91746 -149 3 0
91746 -149 19 0
91746 149 -3 -19 0
91746 -150 3 0
91746 -150 20 0
91746 150 -3 -20 0
91746 -151 3 0
91746 -151 21 0
91746 151 -3 -21 0
91746 -152 3 0
91746 -152 22 0
91746 152 -3 -22 0
91746 -153 3 0
91746 -153 23 0
91746 153 -3 -23 0
91746 -154 3 0
91746 -154 24 0
91746 154 -3 -24 0
91746 -155 3 0
91746 -155 25 0
91746 155 -3 -25 0
91746 -156 3 0
91746 -156 26 0
91746 156 -3 -26 0
91746 -157 3 0
91746 -157 27 0
91746 157 -3 -27 0
91746 -158 3 0
91746 -158 28 0
91746 158 -3 -28 0
91746 -159 3 0
91746 -159 29 0
91746 159 -3 -29 0
91746 -160 3 0
91746 -160 30 0
91746 160 -3 -30 0
91746 -161 3 0
91746 -161 31 0
91746 161 -3 -31 0
91746 -162 3 0
91746 -162 32 0
91746 162 -3 -32 0
91746 -163 3 0
91746 -163 33 0
91746 163 -3 -33 0
91746 -164 3 0
91746 -164 34 0
91746 164 -3 -34 0
91746 -165 3 0
91746 -165 35 0
91746 165 -3 -35 0
91746 -166 3 0
91746 -166 36 0
91746 166 -3 -36 0
91746 -167 3 0
91746 -167 37 0
91746 167 -3 -37 0
91746 -168 3 0
91746 -168 38 0
91746 168 -3 -38 0
91746 -169 3 0
91746 -169 39 0
91746 169 -3 -39 0
91746 -170 3 0
91746 -170 40 0
91746 170 -3 -40 0
91746 -171 3 0
91746 -171 41 0
91746 171 -3 -41 0
91746 -172 3 0
91746 -172 42 0
91746 172 -3 -42 0
91746 -173 3 0
91746 -173 43 0
91746 173 -3 -43 0
91746 -174 3 0
91746 -174 44 0
91746 174 -3 -44 0
91746 -175 3 0
91746 -175 45 0
91746 175 -3 -45 0
91746 -176 4 0
91746 -176 5 0
91746 176 -4 -5 0
91746 -177 4 0
91746 -177 6 0
91746 177 -4 -6 0
91746 -178 4 0
91746 -178 7 0
91746 178 -4 -7 0
91746 -179 4 0
91746 -179 8 0
91746 179 -4 -8 0
91746 -180 4 0
91746 -180 9 0
91746 180 -4 -9 0
91746 -181 4 0
91746 -181 10 0
91746 181 -4 -10 0
91746 -182 4 0
91746 -182 11 0
91746 182 -4 -11 0
91746 -183 4 0
91746 -183 12 0
91746 183 -4 -12 0
91746 -184 4 0
91746 -184 13 0
91746 184 -4 -13 0
91746 -185 4 0
91746 -185 14 0
91746 185 -4 -14 0
91746 -186 4 0
91746 -186 15 0
91746 186 -4 -15 0
91746 -187 4 0
91746 -187 16 0
91746 187 -4 -16 0
91746 -188 4 0
91746 -188 17 0
91746 188 -4 -17 0
91746 -189 4 0
91746 -189 18 0
91746 189 -4 -18 0
91746 -190 4 0
91746 -190 19 0
91746 190 -4 -19 0
91746 -191 4 0
91746 -191 20 0
91746 191 -4 -20 0
91746 -192 4 0
91746 -192 21 0
91746 192 -4 -21 0
91746 -193 4 0
91746 -193 22 0
91746 193 -4 -22 0
91746 -194 4 0
91746 -194 23 0
91746 194 -4 -23 0
91746 -195 4 0
91746 -195 24 0
91746 195 -4 -24 0
91746 -196 4 0
91746 -196 25 0
91746 196 -4 -25 0
91746 -197 4 0
91746 -197 26 0
91746 197 -4 -26 0
91746 -198 4 0
91746 -198 27 0
91746 198 -4 -27 0
91746 -199 4 0
91746 -199 28 0
91746 199 -4 -28 0
91746 -200 4 0
91746 -200 29 0
91746 200 -4 -29 0
91746 -201 4 0
91746 -201 30 0
91746 201 -4 -30 0
91746 -202 4 0
91746 -202 31 0
91746 202 -4 -31 0
91746 -203 4 0
91746 -203 32 0
91746 203 -4 -32 0
91746 -204 4 0
91746 -204 33 0
91746 204 -4 -33 0
91746 -205 4 0
91746 -205 34 0
91746 205 -4 -34 0
91746 -206 4 0
91746 -206 35 0
91746 206 -4 -35 0
91746 -207 4 0
91746 -207 36 0
91746 207 -4 -36 0
91746 -208 4 0
91746 -208 37 0
91746 208 -4 -37 0
91746 -209 4 0
91746 -209 38 0
91746 209 -4 -38 0
91746 -210 4 0
91746 -210 39 0
91746 210 -4 -39 0
91746 -211 4 0
91746 -211 40 0
91746 211 -4 -40 0
91746 -212 4 0
91746 -212 41 0
91746 212 -4 -41 0
91746 -213 4 0
91746 -213 42 0
91746 213 -4 -42 0
91746 -214 4 0
91746 -214 43 0
91746 214 -4 -43 0
91746 -215 4 0
91746 -215 44 0
91746 215 -4 -44 0
91746 -216 4 0
91746 -216 45 0
91746 216 -4 -45 0
91746 -217 5 0
91746 -217 6 0
91746 217 -5 -6 0
91746 -218 5 0
91746 -218 7 0
91746 218 -5 -7 0
91746 -219 5 0
91746 -219 8 0
91746 219 -5 -8 0
91746 -220 5 0
91746 -220 9 0
91746 220 -5 -9 0
91746 -221 5 0
91746 -221 10 0
91746 221 -5 -10 0
91746 -222 5 0
91746 -222 11 0
91746 222 -5 -11 0
91746 -223 5 0
91746 -223 12 0
91746 223 -5 -12 0
91746 -224 5 0
91746 -224 13 0
91746 224 -5 -13 0
91746 -225 5 0
91746 -225 14 0
91746 225 -5 -14 0
91746 -226 5 0
91746 -226 15 0
91746 226 -5 -15 0
91746 -227 5 0
91746 -227 16 0
91746 227 -5 -16 0
91746 -228 5 0
91746 -228 17 0
91746 228 -5 -17 0
91746 -229 5 0
91746 -229 18 0
91746 229 -5 -18 0
91746 -230 5 0
91746 -230 19 0
91746 230 -5 -19 0
91746 -231 5 0
91746 -231 20 0
91746 231 -5 -20 0
91746 -232 5 0
91746 -232 21 0
91746 232 -5 -21 0
91746 -233 5 0
91746 -233 22 0
91746 233 -5 -22 0
91746 -234 5 0
91746 -234 23 0
91746 234 -5 -23 0
91746 -235 5 0
91746 -235 24 0
91746 235 -5 -24 0
91746 -236 5 0
91746 -236 25 0
91746 236 -5 -25 0
91746 -237 5 0
91746 -237 26 0
91746 237 -5 -26 0
91746 -238 5 0
91746 -238 27 0
91746 238 -5 -27 0
91746 -239 5 0
91746 -239 28 0
91746 239 -5 -28 0
91746 -240 5 0
91746 -240 29 0
91746 240 -5 -29 0
91746 -241 5 0
91746 -241 30 0
91746 241 -5 -30 0
91746 -242 5 0
91746 -242 31 0
91746 242 -5 -31 0
91746 -243 5 0
91746 -243 32 0
91746 243 -5 -32 0
91746 -244 5 0
91746 -244 33 0
91746 244 -5 -33 0
91746 -245 5 0
91746 -245 34 0
91746 245 -5 -34 0
91746 -246 5 0
91746 -246 35 0
91746 246 -5 -35 0
91746 -247 5 0
91746 -247 36 0
91746 247 -5 -36 0
91746 -248 5 0
91746 -248 37 0
91746 248 -5 -37 0
91746 -249 5 0
91746 -249 38 0
91746 249 -5 -38 0
91746 -250 5 0
91746 -250 39 0
91746 250 -5 -39 0
91746 -251 5 0
91746 -251 40 0
91746 251 -5 -40 0
91746 -252 5 0
91746 -252 41 0
91746 252 -5 -41 0
91746 -253 5 0
91746 -253 42 0
91746 253 -5 -42 0
91746 -254 5 0
91746 -254 43 0
91746 254 -5 -43 0
91746 -255 5 0
91746 -255 44 0
91746 255 -5 -44 0
91746 -256 5 0
91746 -256 45 0
91746 256 -5 -45 0
91746 -257 6 0
91746 -257 7 0
91746 257 -6 -7 0
91746 -258 6 0
91746 -258 8 0
91746 258 -6 -8 0
91746 -259 6 0
91746 -259 9 0
91746 259 -6 -9 0
91746 -260 6 0
91746 -260 10 0
91746 260 -6 -10 0
91746 -261 6 0
91746 -261 11 0
91746 261 -6 -11 0
91746 -262 6 0
91746 -262 12 0
91746 262 -6 -12 0
91746 -263 6 0
91746 -263 13 0
91746 263 -6 -13 0
91746 -264 6 0
91746 -264 14 0
91746 264 -6 -14 0
91746 -265 6 0
91746 -265 15 0
91746 265 -6 -15 0
91746 -266 6 0
91746 -266 16 0
91746 266 -6 -16 0
91746 -267 6 0
91746 -267 17 0
91746 267 -6 -17 0
91746 -268 6 0
91746 -268 18 0
91746 268 -6 -18 0
91746 -269 6 0
91746 -269 19 0
91746 269 -6 -19 0
91746 -270 6 0
91746 -270 20 0
91746 270 -6 -20 0
91746 -271 6 0
91746 -271 21 0
91746 271 -6 -21 0
91746 -272 6 0
91746 -272 22 0
91746 272 -6 -22 0
91746 -273 6 0
91746 -273 23 0
91746 273 -6 -23 0
91746 -274 6 0
91746 -274 24 0
91746 274 -6 -24 0
91746 -275 6 0
91746 -275 25 0
91746 275 -6 -25 0
91746 -276 6 0
91746 -276 26 0
91746 276 -6 -26 0
91746 -277 6 0
91746 -277 27 0
91746 277 -6 -27 0
91746 -278 6 0
91746 -278 28 0
91746 278 -6 -28 0
91746 -279 6 0
91746 -279 29 0
91746 279 -6 -29 0
91746 -280 6 0
91746 -280 30 0
91746 280 -6 -30 0
91746 -281 6 0
91746 -281 31 0
91746 281 -6 -31 0
91746 -282 6 0
91746 -282 32 0
91746 282 -6 -32 0
91746 -283 6 0
91746 -283 33 0
91746 283 -6 -33 0
91746 -284 6 0
91746 -284 34 0
91746 284 -6 -34 0
91746 -285 6 0
91746 -285 35 0
91746 285 -6 -35 0
91746 -286 6 0
91746 -286 36 0
91746 286 -6 -36 0
91746 -287 6 0
91746 -287 37 0
91746 287 -6 -37 0
91746 -288 6 0
91746 -288 38 0
91746 288 -6 -38 0
91746 -289 6 0
91746 -289 39 0
91746 289 -6 -39 0
91746 -290 6 0
91746 -290 40 0
91746 290 -6 -40 0
91746 -291 6 0
91746 -291 41 0
91746 291 -6 -41 0
91746 -292 6 0
91746 -292 42 0
91746 292 -6 -42 0
91746 -293 6 0
91746 -293 43 0
91746 293 -6 -43 0
91746 -294 6 0
91746 -294 44 0
91746 294 -6 -44 0
91746 -295 6 0
91746 -295 45 0
91746 295 -6 -45 0
91746 -296 7 0
91746 -296 8 0
91746 296 -7 -8 0
91746 -297 7 0
91746 -297 9 0
91746 297 -7 -9 0
91746 -298 7 0
91746 -298 10 0
91746 298 -7 -10 0
91746 -299 7 0
91746 -299 11 0
91746 299 -7 -11 0
91746 -300 7 0
91746 -300 12 0
91746 300 -7 -12 0
91746 -301 7 0
91746 -301 13 0
91746 301 -7 -13 0
91746 -302 7 0
91746 -302 14 0
91746 302 -7 -14 0
91746 -303 7 0
91746 -303 15 0
91746 303 -7 -15 0
91746 -304 7 0
91746 -304 16 0
91746 304 -7 -16 0
91746 -305 7 0
91746 -305 17 0
91746 305 -7 -17 0
91746 -306 7 0
91746 -306 18 0
91746 306 -7 -18 0
91746 -307 7 0
91746 -307 19 0
91746 307 -7 -19 0
91746 -308 7 0
91746 -308 20 0
91746 308 -7 -20 0
91746 -309 7 0
91746 -309 21 0
91746 309 -7 -21 0
91746 -310 7 0
91746 -310 22 0
91746 310 -7 -22 0
91746 -311 7 0
91746 -311 23 0
91746 311 -7 -23 0
91746 -312 7 0
91746 -312 24 0
91746 312 -7 -24 0
91746 -313 7 0
91746 -313 25 0
91746 313 -7 -25 0
91746 -314 7 0
91746 -314 26 0
91746 314 -7 -26 0
91746 -315 7 0
91746 -315 27 0
91746 315 -7 -27 0
91746 -316 7 0
91746 -316 28 0
91746 316 -7 -28 0
91746 -317 7 0
91746 -317 29 0
91746 317 -7 -29 0
91746 -318 7 0
91746 -318 30 0
91746 318 -7 -30 0
91746 -319 7 0
91746 -319 31 0
91746 319 -7 -31 0
91746 -320 7 0
91746 -320 32 0
91746 320 -7 -32 0
91746 -321 7 0
91746 -321 33 0
91746 321 -7 -33 0
91746 -322 7 0
91746 -322 34 0
91746 322 -7 -34 0
91746 -323 7 0
91746 -323 35 0
91746 323 -7 -35 0
91746 -324 7 0
91746 -324 36 0
91746 324 -7 -36 0
91746 -325 7 0
91746 -325 37 0
91746 325 -7 -37 0
91746 -326 7 0
91746 -326 38 0
91746 326 -7 -38 0
91746 -327 7 0
91746 -327 39 0
91746 327 -7 -39 0
91746 -328 7 0
91746 -328 40 0
91746 328 -7 -40 0
91746 -329 7 0
91746 -329 41 0
91746 329 -7 -41 0
91746 -330 7 0
91746 -330 42 0
91746 330 -7 -42 0
91746 -331 7 0
91746 -331 43 0
91746 331 -7 -43 0
91746 -332 7 0
91746 -332 44 0
91746 332 -7 -44 0
91746 -333 7 0
91746 -333 45 0
91746 333 -7 -45 0
91746 -334 8 0
91746 -334 9 0
91746 334 -8 -9 0
91746 -335 8 0
91746 -335 10 0
91746 335 -8 -10 0
91746 -336 8 0
91746 -336 11 0
91746 336 -8 -11 0
91746 -337 8 0
91746 -337 12 0
91746 337 -8 -12 0
91746 -338 8 0
91746 -338 13 0
91746 338 -8 -13 0
91746 -339 8 0
91746 -339 14 0
91746 339 -8 -14 0
91746 -340 8 0
91746 -340 15 0
91746 340 -8 -15 0
91746 -341 8 0
91746 -341 16 0
91746 341 -8 -16 0
91746 -342 8 0
91746 -342 17 0
91746 342 -8 -17 0
91746 -343 8 0
91746 -343 18 0
91746 343 -8 -18 0
91746 -344 8 0
91746 -344 19 0
91746 344 -8 -19 0
91746 -345 8 0
91746 -345 20 0
91746 345 -8 -20 0
91746 -346 8 0
91746 -346 21 0
91746 346 -8 -21 0
91746 -347 8 0
91746 -347 22 0
91746 347 -8 -22 0
91746 -348 8 0
91746 -348 23 0
91746 348 -8 -23 0
91746 -349 8 0
91746 -349 24 0
91746 349 -8 -24 0
91746 -350 8 0
91746 -350 25 0
91746 350 -8 -25 0
91746 -351 8 0
91746 -351 26 0
91746 351 -8 -26 0
91746 -352 8 0
91746 -352 27 0
91746 352 -8 -27 0
91746 -353 8 0
91746 -353 28 0
91746 353 -8 -28 0
91746 -354 8 0
91746 -354 29 0
91746 354 -8 -29 0
91746 -355 8 0
91746 -355 30 0
91746 355 -8 -30 0
91746 -356 8 0
91746 -356 31 0
91746 356 -8 -31 0
91746 -357 8 0
91746 -357 32 0
91746 357 -8 -32 0
91746 -358 8 0
91746 -358 33 0
91746 358 -8 -33 0
91746 -359 8 0
91746 -359 34 0
91746 359 -8 -34 0
91746 -360 8 0
91746 -360 35 0
91746 360 -8 -35 0
91746 -361 8 0
91746 -361 36 0
91746 361 -8 -36 0
91746 -362 8 0
91746 -362 37 0
91746 362 -8 -37 0
91746 -363 8 0
91746 -363 38 0
91746 363 -8 -38 0
91746 -364 8 0
91746 -364 39 0
91746 364 -8 -39 0
91746 -365 8 0
91746 -365 40 0
91746 365 -8 -40 0
91746 -366 8 0
91746 -366 41 0
91746 366 -8 -41 0
91746 -367 8 0
91746 -367 42 0
91746 367 -8 -42 0
91746 -368 8 0
91746 -368 43 0
91746 368 -8 -43 0
91746 -369 8 0
91746 -369 44 0
91746 369 -8 -44 0
91746 -370 8 0
91746 -370 45 0
91746 370 -8 -45 0
91746 -371 9 0
91746 -371 10 0
91746 371 -9 -10 0
91746 -372 9 0
91746 -372 11 0
91746 372 -9 -11 0
91746 -373 9 0
91746 -373 12 0
91746 373 -9 -12 0
91746 -374 9 0
91746 -374 13 0
91746 374 -9 -13 0
91746 -375 9 0
91746 -375 14 0
91746 375 -9 -14 0
91746 -376 9 0
91746 -376 15 0
91746 376 -9 -15 0
91746 -377 9 0
91746 -377 16 0
91746 377 -9 -16 0
91746 -378 9 0
91746 -378 17 0
91746 378 -9 -17 0
91746 -379 9 0
91746 -379 18 0
91746 379 -9 -18 0
91746 -380 9 0
91746 -380 19 0
91746 380 -9 -19 0
91746 -381 9 0
91746 -381 20 0
91746 381 -9 -20 0
91746 -382 9 0
91746 -382 21 0
91746 382 -9 -21 0
91746 -383 9 0
91746 -383 22 0
91746 383 -9 -22 0
91746 -384 9 0
91746 -384 23 0
91746 384 -9 -23 0
91746 -385 9 0
91746 -385 24 0
91746 385 -9 -24 0
91746 -386 9 0
91746 -386 25 0
91746 386 -9 -25 0
91746 -387 9 0
91746 -387 26 0
91746 387 -9 -26 0
91746 -388 9 0
91746 -388 27 0
91746 388 -9 -27 0
91746 -389 9 0
91746 -389 28 0
91746 389 -9 -28 0
91746 -390 9 0
91746 -390 29 0
91746 390 -9 -29 0
91746 -391 9 0
91746 -391 30 0
91746 391 -9 -30 0
91746 -392 9 0
91746 -392 31 0
91746 392 -9 -31 0
91746 -393 9 0
91746 -393 32 0
91746 393 -9 -32 0
91746 -394 9 0
91746 -394 33 0
91746 394 -9 -33 0
91746 -395 9 0
91746 -395 34 0
91746 395 -9 -34 0
91746 -396 9 0
91746 -396 35 0
91746 396 -9 -35 0
91746 -397 9 0
91746 -397 36 0
91746 397 -9 -36 0
91746 -398 9 0
91746 -398 37 0
91746 398 -9 -37 0
91746 -399 9 0
91746 -399 38 0
91746 399 -9 -38 0
91746 -400 9 0
91746 -400 39 0
91746 400 -9 -39 0
91746 -401 9 0
91746 -401 40 0
91746 401 -9 -40 0
91746 -402 9 0
91746 -402 41 0
91746 402 -9 -41 0
91746 -403 9 0
91746 -403 42 0
91746 403 -9 -42 0
91746 -404 9 0
91746 -404 43 0
91746 404 -9 -43 0
91746 -405 9 0
91746 -405 44 0
91746 405 -9 -44 0
91746 -406 9 0
91746 -406 45 0
91746 406 -9 -45 0
91746 -407 10 0
91746 -407 11 0
91746 407 -10 -11 0
91746 -408 10 0
91746 -408 12 0
91746 408 -10 -12 0
91746 -409 10 0
91746 -409 13 0
91746 409 -10 -13 0
91746 -410 10 0
91746 -410 14 0
91746 410 -10 -14 0
91746 -411 10 0
91746 -411 15 0
91746 411 -10 -15 0
91746 -412 10 0
91746 -412 16 0
91746 412 -10 -16 0
91746 -413 10 0
91746 -413 17 0
91746 413 -10 -17 0
91746 -414 10 0
91746 -414 18 0
91746 414 -10 -18 0
91746 -415 10 0
91746 -415 19 0
91746 415 -10 -19 0
91746 -416 10 0
91746 -416 20 0
91746 416 -10 -20 0
91746 -417 10 0
91746 -417 21 0
91746 417 -10 -21 0
91746 -418 10 0
91746 -418 22 0
91746 418 -10 -22 0
91746 -419 10 0
91746 -419 23 0
91746 419 -10 -23 0
91746 -420 10 0
91746 -420 24 0
91746 420 -10 -24 0
91746 -421 10 0
91746 -421 25 0
91746 421 -10 -25 0
91746 -422 10 0
91746 -422 26 0
91746 422 -10 -26 0
91746 -423 10 0
91746 -423 27 0
91746 423 -10 -27 0
91746 -424 10 0
91746 -424 28 0
91746 424 -10 -28 0
91746 -425 10 0
91746 -425 29 0
91746 425 -10 -29 0
91746 -426 10 0
91746 -426 30 0
91746 426 -10 -30 0
91746 -427 10 0
91746 -427 31 0
91746 427 -10 -31 0
91746 -428 10 0
91746 -428 32 0
91746 428 -10 -32 0
91746 -429 10 0
91746 -429 33 0
91746 429 -10 -33 0
91746 -430 10 0
91746 -430 34 0
91746 430 -10 -34 0
91746 -431 10 0
91746 -431 35 0
91746 431 -10 -35 0
91746 -432 10 0
91746 -432 36 0
91746 432 -10 -36 0
91746 -433 10 0
91746 -433 37 0
91746 433 -10 -37 0
91746 -434 10 0
91746 -434 38 0
91746 434 -10 -38 0
91746 -435 10 0
91746 -435 39 0
91746 435 -10 -39 0
91746 -436 10 0
91746 -436 40 0
91746 436 -10 -40 0
91746 -437 10 0
91746 -437 41 0
91746 437 -10 -41 0
91746 -438 10 0
91746 -438 42 0
91746 438 -10 -42 0
91746 -439 10 0
91746 -439 43 0
91746 439 -10 -43 0
91746 -440 10 0
91746 -440 44 0
91746 440 -10 -44 0
91746 -441 10 0
91746 -441 45 0
91746 441 -10 -45 0
91746 -442 11 0
91746 -442 12 0
91746 442 -11 -12 0
91746 -443 11 0
91746 -443 13 0
91746 443 -11 -13 0
91746 -444 11 0
91746 -444 14 0
91746 444 -11 -14 0
91746 -445 11 0
91746 -445 15 0
91746 445 -11 -15 0
91746 -446 11 0
91746 -446 16 0
91746 446 -11 -16 0
91746 -447 11 0
91746 -447 17 0
91746 447 -11 -17 0
91746 -448 11 0
91746 -448 18 0
91746 448 -11 -18 0
91746 -449 11 0
91746 -449 19 0
91746 449 -11 -19 0
91746 -450 11 0
91746 -450 20 0
91746 450 -11 -20 0
91746 -451 11 0
91746 -451 21 0
91746 451 -11 -21 0
91746 -452 11 0
91746 -452 22 0
91746 452 -11 -22 0
91746 -453 11 0
91746 -453 23 0
91746 453 -11 -23 0
91746 -454 11 0
91746 -454 24 0
91746 454 -11 -24 0
91746 -455 11 0
91746 -455 25 0
91746 455 -11 -25 0
91746 -456 11 0
91746 -456 26 0
91746 456 -11 -26 0
91746 -457 11 0
91746 -457 27 0
91746 457 -11 -27 0
91746 -458 11 0
91746 -458 28 0
91746 458 -11 -28 0
91746 -459 11 0
91746 -459 29 0
91746 459 -11 -29 0
91746 -460 11 0
91746 -460 30 0
91746 460 -11 -30 0
91746 -461 11 0
91746 -461 31 0
91746 461 -11 -31 0
91746 -462 11 0
91746 -462 32 0
91746 462 -11 -32 0
91746 -463 11 0
91746 -463 33 0
91746 463 -11 -33 0
91746 -464 11 0
91746 -464 34 0
91746 464 -11 -34 0
91746 -465 11 0
91746 -465 35 0
91746 465 -11 -35 0
91746 -466 11 0
91746 -466 36 0
91746 466 -11 -36 0
91746 -467 11 0
91746 -467 37 0
91746 467 -11 -37 0
91746 -468 11 0
91746 -468 38 0
91746 468 -11 -38 0
91746 -469 11 0
91746 -469 39 0
91746 469 -11 -39 0
91746 -470 11 0
91746 -470 40 0
91746 470 -11 -40 0
91746 -471 11 0
91746 -471 41 0
91746 471 -11 -41 0
91746 -472 11 0
91746 -472 42 0
91746 472 -11 -42 0
91746 -473 11 0
91746 -473 43 0
91746 473 -11 -43 0
91746 -474 11 0
91746 -474 44 0
91746 474 -11 -44 0
91746 -475 11 0
91746 -475 45 0
91746 475 -11 -45 0
91746 -476 12 0
91746 -476 13 0
91746 476 -12 -13 0
91746 -477 12 0
91746 -477 14 0
91746 477 -12 -14 0
91746 -478 12 0
91746 -478 15 0
91746 478 -12 -15 0
91746 -479 12 0
91746 -479 16 0
91746 479 -12 -16 0
91746 -480 12 0
91746 -480 17 0
91746 480 -12 -17 0
91746 -481 12 0
91746 -481 18 0
91746 481 -12 -18 0
91746 -482 12 0
91746 -482 19 0
91746 482 -12 -19 0
91746 -483 12 0
91746 -483 20 0
91746 483 -12 -20 0
91746 -484 12 0
91746 -484 21 0
91746 484 -12 -21 0
91746 -485 12 0
91746 -485 22 0
91746 485 -12 -22 0
91746 -486 12 0
91746 -486 23 0
91746 486 -12 -23 0
91746 -487 12 0
91746 -487 24 0
91746 487 -12 -24 0
91746 -488 12 0
91746 -488 25 0
91746 488 -12 -25 0
91746 -489 12 0
91746 -489 26 0
91746 489 -12 -26 0
91746 -490 12 0
91746 -490 27 0
91746 490 -12 -27 0
91746 -491 12 0
91746 -491 28 0
91746 491 -12 -28 0
91746 -492 12 0
91746 -492 29 0
91746 492 -12 -29 0
91746 -493 12 0
91746 -493 30 0
91746 493 -12 -30 0
91746 -494 12 0
91746 -494 31 0
91746 494 -12 -31 0
91746 -495 12 0
91746 -495 32 0
91746 495 -12 -32 0
91746 -496 12 0
91746 -496 33 0
91746 496 -12 -33 0
91746 -497 12 0
91746 -497 34 0
91746 497 -12 -34 0
91746 -498 12 0
91746 -498 35 0
91746 498 -12 -35 0
91746 -499 12 0
91746 -499 36 0
91746 499 -12 -36 0
91746 -500 12 0
91746 -500 37 0
91746 500 -12 -37 0
91746 -501 12 0
91746 -501 38 0
91746 501 -12 -38 0
91746 -502 12 0
91746 -502 39 0
91746 502 -12 -39 0
91746 -503 12 0
91746 -503 40 0
91746 503 -12 -40 0
91746 -504 12 0
91746 -504 41 0
91746 504 -12 -41 0
91746 -505 12 0
91746 -505 42 0
91746 505 -12 -42 0
91746 -506 12 0
91746 -506 43 0
91746 506 -12 -43 0
91746 -507 12 0
91746 -507 44 0
91746 507 -12 -44 0
91746 -508 12 0
91746 -508 45 0
91746 508 -12 -45 0
91746 -509 13 0
91746 -509 14 0
91746 509 -13 -14 0
91746 -510 13 0
91746 -510 15 0
91746 510 -13 -15 0
91746 -511 13 0
91746 -511 16 0
91746 511 -13 -16 0
91746 -512 13 0
91746 -512 17 0
91746 512 -13 -17 0
91746 -513 13 0
91746 -513 18 0
91746 513 -13 -18 0
91746 -514 13 0
91746 -514 19 0
91746 514 -13 -19 0
91746 -515 13 0
91746 -515 20 0
91746 515 -13 -20 0
91746 -516 13 0
91746 -516 21 0
91746 516 -13 -21 0
91746 -517 13 0
91746 -517 22 0
91746 517 -13 -22 0
91746 -518 13 0
91746 -518 23 0
91746 518 -13 -23 0
91746 -519 13 0
91746 -519 24 0
91746 519 -13 -24 0
91746 -520 13 0
91746 -520 25 0
91746 520 -13 -25 0
91746 -521 13 0
91746 -521 26 0
91746 521 -13 -26 0
91746 -522 13 0
91746 -522 27 0
91746 522 -13 -27 0
91746 -523 13 0
91746 -523 28 0
91746 523 -13 -28 0
91746 -524 13 0
91746 -524 29 0
91746 524 -13 -29 0
91746 -525 13 0
91746 -525 30 0
91746 525 -13 -30 0
91746 -526 13 0
91746 -526 31 0
91746 526 -13 -31 0
91746 -527 13 0
91746 -527 32 0
91746 527 -13 -32 0
91746 -528 13 0
91746 -528 33 0
91746 528 -13 -33 0
91746 -529 13 0
91746 -529 34 0
91746 529 -13 -34 0
91746 -530 13 0
91746 -530 35 0
91746 530 -13 -35 0
91746 -531 13 0
91746 -531 36 0
91746 531 -13 -36 0
91746 -532 13 0
91746 -532 37 0
91746 532 -13 -37 0
91746 -533 13 0
91746 -533 38 0
91746 533 -13 -38 0
91746 -534 13 0
91746 -534 39 0
91746 534 -13 -39 0
91746 -535 13 0
91746 -535 40 0
91746 535 -13 -40 0
91746 -536 13 0
91746 -536 41 0
91746 536 -13 -41 0
91746 -537 13 0
91746 -537 42 0
91746 537 -13 -42 0
91746 -538 13 0
91746 -538 43 0
91746 538 -13 -43 0
91746 -539 13 0
91746 -539 44 0
91746 539 -13 -44 0
91746 -540 13 0
91746 -540 45 0
91746 540 -13 -45 0
91746 -541 14 0
91746 -541 15 0
91746 541 -14 -15 0
91746 -542 14 0
91746 -542 16 0
91746 542 -14 -16 0
91746 -543 14 0
91746 -543 17 0
91746 543 -14 -17 0
91746 -544 14 0
91746 -544 18 0
91746 544 -14 -18 0
91746 -545 14 0
91746 -545 19 0
91746 545 -14 -19 0
91746 -546 14 0
91746 -546 20 0
91746 546 -14 -20 0
91746 -547 14 0
91746 -547 21 0
91746 547 -14 -21 0
91746 -548 14 0
91746 -548 22 0
91746 548 -14 -22 0
91746 -549 14 0
91746 -549 23 0
91746 549 -14 -23 0
91746 -550 14 0
91746 -550 24 0
91746 550 -14 -24 0
91746 -551 14 0
91746 -551 25 0
91746 551 -14 -25 0
91746 -552 14 0
91746 -552 26 0
91746 552 -14 -26 0
91746 -553 14 0
91746 -553 27 0
91746 553 -14 -27 0
91746 -554 14 0
91746 -554 28 0
91746 554 -14 -28 0
91746 -555 14 0
91746 -555 29 0
91746 555 -14 -29 0
91746 -556 14 0
91746 -556 30 0
91746 556 -14 -30 0
91746 -557 14 0
91746 -557 31 0
91746 557 -14 -31 0
91746 -558 14 0
91746 -558 32 0
91746 558 -14 -32 0
91746 -559 14 0
91746 -559 33 0
91746 559 -14 -33 0
91746 -560 14 0
91746 -560 34 0
91746 560 -14 -34 0
91746 -561 14 0
91746 -561 35 0
91746 561 -14 -35 0
91746 -562 14 0
91746 -562 36 0
91746 562 -14 -36 0
91746 -563 14 0
91746 -563 37 0
91746 563 -14 -37 0
91746 -564 14 0
91746 -564 38 0
91746 564 -14 -38 0
91746 -565 14 0
91746 -565 39 0
91746 565 -14 -39 0
91746 -566 14 0
91746 -566 40 0
91746 566 -14 -40 0
91746 -567 14 0
91746 -567 41 0
91746 567 -14 -41 0
91746 -568 14 0
91746 -568 42 0
91746 568 -14 -42 0
91746 -569 14 0
91746 -569 43 0
91746 569 -14 -43 0
91746 -570 14 0
91746 -570 44 0
91746 570 -14 -44 0
91746 -571 14 0
91746 -571 45 0
91746 571 -14 -45 0
91746 -572 15 0
91746 -572 16 0
91746 572 -15 -16 0
91746 -573 15 0
91746 -573 17 0
91746 573 -15 -17 0
91746 -574 15 0
91746 -574 18 0
91746 574 -15 -18 0
91746 -575 15 0
91746 -575 19 0
91746 575 -15 -19 0
91746 -576 15 0
91746 -576 20 0
91746 576 -15 -20 0
91746 -577 15 0
91746 -577 21 0
91746 577 -15 -21 0
91746 -578 15 0
91746 -578 22 0
91746 578 -15 -22 0
91746 -579 15 0
91746 -579 23 0
91746 579 -15 -23 0
91746 -580 15 0
91746 -580 24 0
91746 580 -15 -24 0
91746 -581 15 0
91746 -581 25 0
91746 581 -15 -25 0
91746 -582 15 0
91746 -582 26 0
91746 582 -15 -26 0
91746 -583 15 0
91746 -583 27 0
91746 583 -15 -27 0
91746 -584 15 0
91746 -584 28 0
91746 584 -15 -28 0
91746 -585 15 0
91746 -585 29 0
91746 585 -15 -29 0
91746 -586 15 0
91746 -586 30 0
91746 586 -15 -30 0
91746 -587 15 0
91746 -587 31 0
91746 587 -15 -31 0
91746 -588 15 0
91746 -588 32 0
91746 588 -15 -32 0
91746 -589 15 0
91746 -589 33 0
91746 589 -15 -33 0
91746 -590 15 0
91746 -590 34 0
91746 590 -15 -34 0
91746 -591 15 0
91746 -591 35 0
91746 591 -15 -35 0
91746 -592 15 0
91746 -592 36 0
91746 592 -15 -36 0
91746 -593 15 0
91746 -593 37 0
91746 593 -15 -37 0
91746 -594 15 0
91746 -594 38 0
91746 594 -15 -38 0
91746 -595 15 0
91746 -595 39 0
91746 595 -15 -39 0
91746 -596 15 0
91746 -596 40 0
91746 596 -15 -40 0
91746 -597 15 0
91746 -597 41 0
91746 597 -15 -41 0
91746 -598 15 0
91746 -598 42 0
91746 598 -15 -42 0
91746 -599 15 0
91746 -599 43 0
91746 599 -15 -43 0
91746 -600 15 0
91746 -600 44 0
91746 600 -15 -44 0
91746 -601 15 0
91746 -601 45 0
91746 601 -15 -45 0
91746 -602 16 0
91746 -602 17 0
91746 602 -16 -17 0
91746 -603 16 0
91746 -603 18 0
91746 603 -16 -18 0
91746 -604 16 0
91746 -604 19 0
91746 604 -16 -19 0
91746 -605 16 0
91746 -605 20 0
91746 605 -16 -20 0
91746 -606 16 0
91746 -606 21 0
91746 606 -16 -21 0
91746 -607 16 0
91746 -607 22 0
91746 607 -16 -22 0
91746 -608 16 0
91746 -608 23 0
91746 608 -16 -23 0
91746 -609 16 0
91746 -609 24 0
91746 609 -16 -24 0
91746 -610 16 0
91746 -610 25 0
91746 610 -16 -25 0
91746 -611 16 0
91746 -611 26 0
91746 611 -16 -26 0
91746 -612 16 0
91746 -612 27 0
91746 612 -16 -27 0
91746 -613 16 0
91746 -613 28 0
91746 613 -16 -28 0
91746 -614 16 0
91746 -614 29 0
91746 614 -16 -29 0
91746 -615 16 0
91746 -615 30 0
91746 615 -16 -30 0
91746 -616 16 0
91746 -616 31 0
91746 616 -16 -31 0
91746 -617 16 0
91746 -617 32 0
91746 617 -16 -32 0
91746 -618 16 0
91746 -618 33 0
91746 618 -16 -33 0
91746 -619 16 0
91746 -619 34 0
91746 619 -16 -34 0
91746 -620 16 0
91746 -620 35 0
91746 620 -16 -35 0
91746 -621 16 0
91746 -621 36 0
91746 621 -16 -36 0
91746 -622 16 0
91746 -622 37 0
91746 622 -16 -37 0
91746 -623 16 0
91746 -623 38 0
91746 623 -16 -38 0
91746 -624 16 0
91746 -624 39 0
91746 624 -16 -39 0
91746 -625 16 0
91746 -625 40 0
91746 625 -16 -40 0
91746 -626 16 0
91746 -626 41 0
91746 626 -16 -41 0
91746 -627 16 0
91746 -627 42 0
91746 627 -16 -42 0
91746 -628 16 0
91746 -628 43 0
91746 628 -16 -43 0
91746 -629 16 0
91746 -629 44 0
91746 629 -16 -44 0
91746 -630 16 0
91746 -630 45 0
91746 630 -16 -45 0
91746 -631 17 0
91746 -631 18 0
91746 631 -17 -18 0
91746 -632 17 0
91746 -632 19 0
91746 632 -17 -19 0
91746 -633 17 0
91746 -633 20 0
91746 633 -17 -20 0
91746 -634 17 0
91746 -634 21 0
91746 634 -17 -21 0
91746 -635 17 0
91746 -635 22 0
91746 635 -17 -22 0
91746 -636 17 0
91746 -636 23 0
91746 636 -17 -23 0
91746 -637 17 0
91746 -637 24 0
91746 637 -17 -24 0
91746 -638 17 0
91746 -638 25 0
91746 638 -17 -25 0
91746 -639 17 0
91746 -639 26 0
91746 639 -17 -26 0
91746 -640 17 0
91746 -640 27 0
91746 640 -17 -27 0
91746 -641 17 0
91746 -641 28 0
91746 641 -17 -28 0
91746 -642 17 0
91746 -642 29 0
91746 642 -17 -29 0
91746 -643 17 0
91746 -643 30 0
91746 643 -17 -30 0
91746 -644 17 0
91746 -644 31 0
91746 644 -17 -31 0
91746 -645 17 0
91746 -645 32 0
91746 645 -17 -32 0
91746 -646 17 0
91746 -646 33 0
91746 646 -17 -33 0
91746 -647 17 0
91746 -647 34 0
91746 647 -17 -34 0
91746 -648 17 0
91746 -648 35 0
91746 648 -17 -35 0
91746 -649 17 0
91746 -649 36 0
91746 649 -17 -36 0
91746 -650 17 0
91746 -650 37 0
91746 650 -17 -37 0
91746 -651 17 0
91746 -651 38 0
91746 651 -17 -38 0
91746 -652 17 0
91746 -652 39 0
91746 652 -17 -39 0
91746 -653 17 0
91746 -653 40 0
91746 653 -17 -40 0
91746 -654 17 0
91746 -654 41 0
91746 654 -17 -41 0
91746 -655 17 0
91746 -655 42 0
91746 655 -17 -42 0
91746 -656 17 0
91746 -656 43 0
91746 656 -17 -43 0
91746 -657 17 0
91746 -657 44 0
91746 657 -17 -44 0
91746 -658 17 0
91746 -658 45 0
91746 658 -17 -45 0
91746 -659 18 0
91746 -659 19 0
91746 659 -18 -19 0
91746 -660 18 0
91746 -660 20 0
91746 660 -18 -20 0
91746 -661 18 0
91746 -661 21 0
91746 661 -18 -21 0
91746 -662 18 0
91746 -662 22 0
91746 662 -18 -22 0
91746 -663 18 0
91746 -663 23 0
91746 663 -18 -23 0
91746 -664 18 0
91746 -664 24 0
91746 664 -18 -24 0
91746 -665 18 0
91746 -665 25 0
91746 665 -18 -25 0
91746 -666 18 0
91746 -666 26 0
91746 666 -18 -26 0
91746 -667 18 0
91746 -667 27 0
91746 667 -18 -27 0
91746 -668 18 0
91746 -668 28 0
91746 668 -18 -28 0
91746 -669 18 0
91746 -669 29 0
91746 669 -18 -29 0
91746 -670 18 0
91746 -670 30 0
91746 670 -18 -30 0
91746 -671 18 0
91746 -671 31 0
91746 671 -18 -31 0
91746 -672 18 0
91746 -672 32 0
91746 672 -18 -32 0
91746 -673 18 0
91746 -673 33 0
91746 673 -18 -33 0
91746 -674 18 0
91746 -674 34 0
91746 674 -18 -34 0
91746 -675 18 0
91746 -675 35 0
91746 675 -18 -35 0
91746 -676 18 0
91746 -676 36 0
91746 676 -18 -36 0
91746 -677 18 0
91746 -677 37 0
91746 677 -18 -37 0
91746 -678 18 0
91746 -678 38 0
91746 678 -18 -38 0
91746 -679 18 0
91746 -679 39 0
91746 679 -18 -39 0
91746 -680 18 0
91746 -680 40 0
91746 680 -18 -40 0
91746 -681 18 0
91746 -681 41 0
91746 681 -18 -41 0
91746 -682 18 0
91746 -682 42 0
91746 682 -18 -42 0
91746 -683 18 0
91746 -683 43 0
91746 683 -18 -43 0
91746 -684 18 0
91746 -684 44 0
91746 684 -18 -44 0
91746 -685 18 0
91746 -685 45 0
91746 685 -18 -45 0
91746 -686 19 0
91746 -686 20 0
91746 686 -19 -20 0
91746 -687 19 0
91746 -687 21 0
91746 687 -19 -21 0
91746 -688 19 0
91746 -688 22 0
91746 688 -19 -22 0
91746 -689 19 0
91746 -689 23 0
91746 689 -19 -23 0
91746 -690 19 0
91746 -690 24 0
91746 690 -19 -24 0
91746 -691 19 0
91746 -691 25 0
91746 691 -19 -25 0
91746 -692 19 0
91746 -692 26 0
91746 692 -19 -26 0
91746 -693 19 0
91746 -693 27 0
91746 693 -19 -27 0
91746 -694 19 0
91746 -694 28 0
91746 694 -19 -28 0
91746 -695 19 0
91746 -695 29 0
91746 695 -19 -29 0
91746 -696 19 0
91746 -696 30 0
91746 696 -19 -30 0
91746 -697 19 0
91746 -697 31 0
91746 697 -19 -31 0
91746 -698 19 0
91746 -698 32 0
91746 698 -19 -32 0
91746 -699 19 0
91746 -699 33 0
91746 699 -19 -33 0
91746 -700 19 0
91746 -700 34 0
91746 700 -19 -34 0
91746 -701 19 0
91746 -701 35 0
91746 701 -19 -35 0
91746 -702 19 0
91746 -702 36 0
91746 702 -19 -36 0
91746 -703 19 0
91746 -703 37 0
91746 703 -19 -37 0
91746 -704 19 0
91746 -704 38 0
91746 704 -19 -38 0
91746 -705 19 0
91746 -705 39 0
91746 705 -19 -39 0
91746 -706 19 0
91746 -706 40 0
91746 706 -19 -40 0
91746 -707 19 0
91746 -707 41 0
91746 707 -19 -41 0
91746 -708 19 0
91746 -708 42 0
91746 708 -19 -42 0
91746 -709 19 0
91746 -709 43 0
91746 709 -19 -43 0
91746 -710 19 0
91746 -710 44 0
91746 710 -19 -44 0
91746 -711 19 0
91746 -711 45 0
91746 711 -19 -45 0
91746 -712 20 0
91746 -712 21 0
91746 712 -20 -21 0
91746 -713 20 0
91746 -713 22 0
91746 713 -20 -22 0
91746 -714 20 0
91746 -714 23 0
91746 714 -20 -23 0
91746 -715 20 0
91746 -715 24 0
91746 715 -20 -24 0
91746 -716 20 0
91746 -716 25 0
91746 716 -20 -25 0
91746 -717 20 0
91746 -717 26 0
91746 717 -20 -26 0
91746 -718 20 0
91746 -718 27 0
91746 718 -20 -27 0
91746 -719 20 0
91746 -719 28 0
91746 719 -20 -28 0
91746 -720 20 0
91746 -720 29 0
91746 720 -20 -29 0
91746 -721 20 0
91746 -721 30 0
91746 721 -20 -30 0
91746 -722 20 0
91746 -722 31 0
91746 722 -20 -31 0
91746 -723 20 0
91746 -723 32 0
91746 723 -20 -32 0
91746 -724 20 0
91746 -724 33 0
91746 724 -20 -33 0
91746 -725 20 0
91746 -725 34 0
91746 725 -20 -34 0
91746 -726 20 0
91746 -726 35 0
91746 726 -20 -35 0
91746 -727 20 0
91746 -727 36 0
91746 727 -20 -36 0
91746 -728 20 0
91746 -728 37 0
91746 728 -20 -37 0
91746 -729 20 0
91746 -729 38 0
91746 729 -20 -38 0
91746 -730 20 0
91746 -730 39 0
91746 730 -20 -39 0
91746 -731 20 0
91746 -731 40 0
91746 731 -20 -40 0
91746 -732 20 0
91746 -732 41 0
91746 732 -20 -41 0
91746 -733 20 0
91746 -733 42 0
91746 733 -20 -42 0
91746 -734 20 0
91746 -734 43 0
91746 734 -20 -43 0
91746 -735 20 0
91746 -735 44 0
91746 735 -20 -44 0
91746 -736 20 0
91746 -736 45 0
91746 736 -20 -45 0
91746 -737 21 0
91746 -737 22 0
91746 737 -21 -22 0
91746 -738 21 0
91746 -738 23 0
91746 738 -21 -23 0
91746 -739 21 0
91746 -739 24 0
91746 739 -21 -24 0
91746 -740 21 0
91746 -740 25 0
91746 740 -21 -25 0
91746 -741 21 0
91746 -741 26 0
91746 741 -21 -26 0
91746 -742 21 0
91746 -742 27 0
91746 742 -21 -27 0
91746 -743 21 0
91746 -743 28 0
91746 743 -21 -28 0
91746 -744 21 0
91746 -744 29 0
91746 744 -21 -29 0
91746 -745 21 0
91746 -745 30 0
91746 745 -21 -30 0
91746 -746 21 0
91746 -746 31 0
91746 746 -21 -31 0
91746 -747 21 0
91746 -747 32 0
91746 747 -21 -32 0
91746 -748 21 0
91746 -748 33 0
91746 748 -21 -33 0
91746 -749 21 0
91746 -749 34 0
91746 749 -21 -34 0
91746 -750 21 0
91746 -750 35 0
91746 750 -21 -35 0
91746 -751 21 0
91746 -751 36 0
91746 751 -21 -36 0
91746 -752 21 0
91746 -752 37 0
91746 752 -21 -37 0
91746 -753 21 0
91746 -753 38 0
91746 753 -21 -38 0
91746 -754 21 0
91746 -754 39 0
91746 754 -21 -39 0
91746 -755 21 0
91746 -755 40 0
91746 755 -21 -40 0
91746 -756 21 0
91746 -756 41 0
91746 756 -21 -41 0
91746 -757 21 0
91746 -757 42 0
91746 757 -21 -42 0
91746 -758 21 0
91746 -758 43 0
91746 758 -21 -43 0
91746 -759 21 0
91746 -759 44 0
91746 759 -21 -44 0
91746 -760 21 0
91746 -760 45 0
91746 760 -21 -45 0
91746 -761 22 0
91746 -761 23 0
91746 761 -22 -23 0
91746 -762 22 0
91746 -762 24 0
91746 762 -22 -24 0
91746 -763 22 0
91746 -763 25 0
91746 763 -22 -25 0
91746 -764 22 0
91746 -764 26 0
91746 764 -22 -26 0
91746 -765 22 0
91746 -765 27 0
91746 765 -22 -27 0
91746 -766 22 0
91746 -766 28 0
91746 766 -22 -28 0
91746 -767 22 0
91746 -767 29 0
91746 767 -22 -29 0
91746 -768 22 0
91746 -768 30 0
91746 768 -22 -30 0
91746 -769 22 0
91746 -769 31 0
91746 769 -22 -31 0
91746 -770 22 0
91746 -770 32 0
91746 770 -22 -32 0
91746 -771 22 0
91746 -771 33 0
91746 771 -22 -33 0
91746 -772 22 0
91746 -772 34 0
91746 772 -22 -34 0
91746 -773 22 0
91746 -773 35 0
91746 773 -22 -35 0
91746 -774 22 0
91746 -774 36 0
91746 774 -22 -36 0
91746 -775 22 0
91746 -775 37 0
91746 775 -22 -37 0
91746 -776 22 0
91746 -776 38 0
91746 776 -22 -38 0
91746 -777 22 0
91746 -777 39 0
91746 777 -22 -39 0
91746 -778 22 0
91746 -778 40 0
91746 778 -22 -40 0
91746 -779 22 0
91746 -779 41 0
91746 779 -22 -41 0
91746 -780 22 0
91746 -780 42 0
91746 780 -22 -42 0
91746 -781 22 0
91746 -781 43 0
91746 781 -22 -43 0
91746 -782 22 0
91746 -782 44 0
91746 782 -22 -44 0
91746 -783 22 0
91746 -783 45 0
91746 783 -22 -45 0
91746 -784 23 0
91746 -784 24 0
91746 784 -23 -24 0
91746 -785 23 0
91746 -785 25 0
91746 785 -23 -25 0
91746 -786 23 0
91746 -786 26 0
91746 786 -23 -26 0
91746 -787 23 0
91746 -787 27 0
91746 787 -23 -27 0
91746 -788 23 0
91746 -788 28 0
91746 788 -23 -28 0
91746 -789 23 0
91746 -789 29 0
91746 789 -23 -29 0
91746 -790 23 0
91746 -790 30 0
91746 790 -23 -30 0
91746 -791 23 0
91746 -791 31 0
91746 791 -23 -31 0
91746 -792 23 0
91746 -792 32 0
91746 792 -23 -32 0
91746 -793 23 0
91746 -793 33 0
91746 793 -23 -33 0
91746 -794 23 0
91746 -794 34 0
91746 794 -23 -34 0
91746 -795 23 0
91746 -795 35 0
91746 795 -23 -35 0
91746 -796 23 0
91746 -796 36 0
91746 796 -23 -36 0
91746 -797 23 0
91746 -797 37 0
91746 797 -23 -37 0
91746 -798 23 0
91746 -798 38 0
91746 798 -23 -38 0
91746 -799 23 0
91746 -799 39 0
91746 799 -23 -39 0
91746 -800 23 0
91746 -800 40 0
91746 800 -23 -40 0
91746 -801 23 0
91746 -801 41 0
91746 801 -23 -41 0
91746 -802 23 0
91746 -802 42 0
91746 802 -23 -42 0
91746 -803 23 0
91746 -803 43 0
91746 803 -23 -43 0
91746 -804 23 0
91746 -804 44 0
91746 804 -23 -44 0
91746 -805 23 0
91746 -805 45 0
91746 805 -23 -45 0
91746 -806 24 0
91746 -806 25 0
91746 806 -24 -25 0
91746 -807 24 0
91746 -807 26 0
91746 807 -24 -26 0
91746 -808 24 0
91746 -808 27 0
91746 808 -24 -27 0
91746 -809 24 0
91746 -809 28 0
91746 809 -24 -28 0
91746 -810 24 0
91746 -810 29 0
91746 810 -24 -29 0
91746 -811 24 0
91746 -811 30 0
91746 811 -24 -30 0
91746 -812 24 0
91746 -812 31 0
91746 812 -24 -31 0
91746 -813 24 0
91746 -813 32 0
91746 813 -24 -32 0
91746 -814 24 0
91746 -814 33 0
91746 814 -24 -33 0
91746 -815 24 0
91746 -815 34 0
91746 815 -24 -34 0
91746 -816 24 0
91746 -816 35 0
91746 816 -24 -35 0
91746 -817 24 0
91746 -817 36 0
91746 817 -24 -36 0
91746 -818 24 0
91746 -818 37 0
91746 818 -24 -37 0
91746 -819 24 0
91746 -819 38 0
91746 819 -24 -38 0
91746 -820 24 0
91746 -820 39 0
91746 820 -24 -39 0
91746 -821 24 0
91746 -821 40 0
91746 821 -24 -40 0
91746 -822 24 0
91746 -822 41 0
91746 822 -24 -41 0
91746 -823 24 0
91746 -823 42 0
91746 823 -24 -42 0
91746 -824 24 0
91746 -824 43 0
91746 824 -24 -43 0
91746 -825 24 0
91746 -825 44 0
91746 825 -24 -44 0
91746 -826 24 0
91746 -826 45 0
91746 826 -24 -45 0
91746 -827 25 0
91746 -827 26 0
91746 827 -25 -26 0
91746 -828 25 0
91746 -828 27 0
91746 828 -25 -27 0
91746 -829 25 0
91746 -829 28 0
91746 829 -25 -28 0
91746 -830 25 0
91746 -830 29 0
91746 830 -25 -29 0
91746 -831 25 0
91746 -831 30 0
91746 831 -25 -30 0
91746 -832 25 0
91746 -832 31 0
91746 832 -25 -31 0
91746 -833 25 0
91746 -833 32 0
91746 833 -25 -32 0
91746 -834 25 0
91746 -834 33 0
91746 834 -25 -33 0
91746 -835 25 0
91746 -835 34 0
91746 835 -25 -34 0
91746 -836 25 0
91746 -836 35 0
91746 836 -25 -35 0
91746 -837 25 0
91746 -837 36 0
91746 837 -25 -36 0
91746 -838 25 0
91746 -838 37 0
91746 838 -25 -37 0
91746 -839 25 0
91746 -839 38 0
91746 839 -25 -38 0
91746 -840 25 0
91746 -840 39 0
91746 840 -25 -39 0
91746 -841 25 0
91746 -841 40 0
91746 841 -25 -40 0
91746 -842 25 0
91746 -842 41 0
91746 842 -25 -41 0
91746 -843 25 0
91746 -843 42 0
91746 843 -25 -42 0
91746 -844 25 0
91746 -844 43 0
91746 844 -25 -43 0
91746 -845 25 0
91746 -845 44 0
91746 845 -25 -44 0
91746 -846 25 0
91746 -846 45 0
91746 846 -25 -45 0
91746 -847 26 0
91746 -847 27 0
91746 847 -26 -27 0
91746 -848 26 0
91746 -848 28 0
91746 848 -26 -28 0
91746 -849 26 0
91746 -849 29 0
91746 849 -26 -29 0
91746 -850 26 0
91746 -850 30 0
91746 850 -26 -30 0
91746 -851 26 0
91746 -851 31 0
91746 851 -26 -31 0
91746 -852 26 0
91746 -852 32 0
91746 852 -26 -32 0
91746 -853 26 0
91746 -853 33 0
91746 853 -26 -33 0
91746 -854 26 0
91746 -854 34 0
91746 854 -26 -34 0
91746 -855 26 0
91746 -855 35 0
91746 855 -26 -35 0
91746 -856 26 0
91746 -856 36 0
91746 856 -26 -36 0
91746 -857 26 0
91746 -857 37 0
91746 857 -26 -37 0
91746 -858 26 0
91746 -858 38 0
91746 858 -26 -38 0
91746 -859 26 0
91746 -859 39 0
91746 859 -26 -39 0
91746 -860 26 0
91746 -860 40 0
91746 860 -26 -40 0
91746 -861 26 0
91746 -861 41 0
91746 861 -26 -41 0
91746 -862 26 0
91746 -862 42 0
91746 862 -26 -42 0
91746 -863 26 0
91746 -863 43 0
91746 863 -26 -43 0
91746 -864 26 0
91746 -864 44 0
91746 864 -26 -44 0
91746 -865 26 0
91746 -865 45 0
91746 865 -26 -45 0
91746 -866 27 0
91746 -866 28 0
91746 866 -27 -28 0
91746 -867 27 0
91746 -867 29 0
91746 867 -27 -29 0
91746 -868 27 0
91746 -868 30 0
91746 868 -27 -30 0
91746 -869 27 0
91746 -869 31 0
91746 869 -27 -31 0
91746 -870 27 0
91746 -870 32 0
91746 870 -27 -32 0
91746 -871 27 0
91746 -871 33 0
91746 871 -27 -33 0
91746 -872 27 0
91746 -872 34 0
91746 872 -27 -34 0
91746 -873 27 0
91746 -873 35 0
91746 873 -27 -35 0
91746 -874 27 0
91746 -874 36 0
91746 874 -27 -36 0
91746 -875 27 0
91746 -875 37 0
91746 875 -27 -37 0
91746 -876 27 0
91746 -876 38 0
91746 876 -27 -38 0
91746 -877 27 0
91746 -877 39 0
91746 877 -27 -39 0
91746 -878 27 0
91746 -878 40 0
91746 878 -27 -40 0
91746 -879 27 0
91746 -879 41 0
91746 879 -27 -41 0
91746 -880 27 0
91746 -880 42 0
91746 880 -27 -42 0
91746 -881 27 0
91746 -881 43 0
91746 881 -27 -43 0
91746 -882 27 0
91746 -882 44 0
91746 882 -27 -44 0
91746 -883 27 0
91746 -883 45 0
91746 883 -27 -45 0
91746 -884 28 0
91746 -884 29 0
91746 884 -28 -29 0
91746 -885 28 0
91746 -885 30 0
91746 885 -28 -30 0
91746 -886 28 0
91746 -886 31 0
91746 886 -28 -31 0
91746 -887 28 0
91746 -887 32 0
91746 887 -28 -32 0
91746 -888 28 0
91746 -888 33 0
91746 888 -28 -33 0
91746 -889 28 0
91746 -889 34 0
91746 889 -28 -34 0
91746 -890 28 0
91746 -890 35 0
91746 890 -28 -35 0
91746 -891 28 0
91746 -891 36 0
91746 891 -28 -36 0
91746 -892 28 0
91746 -892 37 0
91746 892 -28 -37 0
91746 -893 28 0
91746 -893 38 0
91746 893 -28 -38 0
91746 -894 28 0
91746 -894 39 0
91746 894 -28 -39 0
91746 -895 28 0
91746 -895 40 0
91746 895 -28 -40 0
91746 -896 28 0
91746 -896 41 0
91746 896 -28 -41 0
91746 -897 28 0
91746 -897 42 0
91746 897 -28 -42 0
91746 -898 28 0
91746 -898 43 0
91746 898 -28 -43 0
91746 -899 28 0
91746 -899 44 0
91746 899 -28 -44 0
91746 -900 28 0
91746 -900 45 0
91746 900 -28 -45 0
91746 -901 29 0
91746 -901 30 0
91746 901 -29 -30 0
91746 -902 29 0
91746 -902 31 0
91746 902 -29 -31 0
91746 -903 29 0
91746 -903 32 0
91746 903 -29 -32 0
91746 -904 29 0
91746 -904 33 0
91746 904 -29 -33 0
91746 -905 29 0
91746 -905 34 0
91746 905 -29 -34 0
91746 -906 29 0
91746 -906 35 0
91746 906 -29 -35 0
91746 -907 29 0
91746 -907 36 0
91746 907 -29 -36 0
91746 -908 29 0
91746 -908 37 0
91746 908 -29 -37 0
91746 -909 29 0
91746 -909 38 0
91746 909 -29 -38 0
91746 -910 29 0
91746 -910 39 0
91746 910 -29 -39 0
91746 -911 29 0
91746 -911 40 0
91746 911 -29 -40 0
91746 -912 29 0
91746 -912 41 0
91746 912 -29 -41 0
91746 -913 29 0
91746 -913 42 0
91746 913 -29 -42 0
91746 -914 29 0
91746 -914 43 0
91746 914 -29 -43 0
91746 -915 29 0
91746 -915 44 0
91746 915 -29 -44 0
91746 -916 29 0
91746 -916 45 0
91746 916 -29 -45 0
91746 -917 30 0
91746 -917 31 0
91746 917 -30 -31 0
91746 -918 30 0
91746 -918 32 0
91746 918 -30 -32 0
91746 -919 30 0
91746 -919 33 0
91746 919 -30 -33 0
91746 -920 30 0
91746 -920 34 0
91746 920 -30 -34 0
91746 -921 30 0
91746 -921 35 0
91746 921 -30 -35 0
91746 -922 30 0
91746 -922 36 0
91746 922 -30 -36 0
91746 -923 30 0
91746 -923 37 0
91746 923 -30 -37 0
91746 -924 30 0
91746 -924 38 0
91746 924 -30 -38 0
91746 -925 30 0
91746 -925 39 0
91746 925 -30 -39 0
91746 -926 30 0
91746 -926 40 0
91746 926 -30 -40 0
91746 -927 30 0
91746 -927 41 0
91746 927 -30 -41 0
91746 -928 30 0
91746 -928 42 0
91746 928 -30 -42 0
91746 -929 30 0
91746 -929 43 0
91746 929 -30 -43 0
91746 -930 30 0
91746 -930 44 0
91746 930 -30 -44 0
91746 -931 30 0
91746 -931 45 0
91746 931 -30 -45 0
91746 -932 31 0
91746 -932 32 0
91746 932 -31 -32 0
91746 -933 31 0
91746 -933 33 0
91746 933 -31 -33 0
91746 -934 31 0
91746 -934 34 0
91746 934 -31 -34 0
91746 -935 31 0
91746 -935 35 0
91746 935 -31 -35 0
91746 -936 31 0
91746 -936 36 0
91746 936 -31 -36 0
91746 -937 31 0
91746 -937 37 0
91746 937 -31 -37 0
91746 -938 31 0
91746 -938 38 0
91746 938 -31 -38 0
91746 -939 31 0
91746 -939 39 0
91746 939 -31 -39 0
91746 -940 31 0
91746 -940 40 0
91746 940 -31 -40 0
91746 -941 31 0
91746 -941 41 0
91746 941 -31 -41 0
91746 -942 31 0
91746 -942 42 0
91746 942 -31 -42 0
91746 -943 31 0
91746 -943 43 0
91746 943 -31 -43 0
91746 -944 31 0
91746 -944 44 0
91746 944 -31 -44 0
91746 -945 31 0
91746 -945 45 0
91746 945 -31 -45 0
91746 -946 32 0
91746 -946 33 0
91746 946 -32 -33 0
91746 -947 32 0
91746 -947 34 0
91746 947 -32 -34 0
91746 -948 32 0
91746 -948 35 0
91746 948 -32 -35 0
91746 -949 32 0
91746 -949 36 0
91746 949 -32 -36 0
91746 -950 32 0
91746 -950 37 0
91746 950 -32 -37 0
91746 -951 32 0
91746 -951 38 0
91746 951 -32 -38 0
91746 -952 32 0
91746 -952 39 0
91746 952 -32 -39 0
91746 -953 32 0
91746 -953 40 0
91746 953 -32 -40 0
91746 -954 32 0
91746 -954 41 0
91746 954 -32 -41 0
91746 -955 32 0
91746 -955 42 0
91746 955 -32 -42 0
91746 -956 32 0
91746 -956 43 0
91746 956 -32 -43 0
91746 -957 32 0
91746 -957 44 0
91746 957 -32 -44 0
91746 -958 32 0
91746 -958 45 0
91746 958 -32 -45 0
91746 -959 33 0
91746 -959 34 0
91746 959 -33 -34 0
91746 -960 33 0
91746 -960 35 0
91746 960 -33 -35 0
91746 -961 33 0
91746 -961 36 0
91746 961 -33 -36 0
91746 -962 33 0
91746 -962 37 0
91746 962 -33 -37 0
91746 -963 33 0
91746 -963 38 0
91746 963 -33 -38 0
91746 -964 33 0
91746 -964 39 0
91746 964 -33 -39 0
91746 -965 33 0
91746 -965 40 0
91746 965 -33 -40 0
91746 -966 33 0
91746 -966 41 0
91746 966 -33 -41 0
91746 -967 33 0
91746 -967 42 0
91746 967 -33 -42 0
91746 -968 33 0
91746 -968 43 0
91746 968 -33 -43 0
91746 -969 33 0
91746 -969 44 0
91746 969 -33 -44 0
91746 -970 33 0
91746 -970 45 0
91746 970 -33 -45 0
91746 -971 34 0
91746 -971 35 0
91746 971 -34 -35 0
91746 -972 34 0
91746 -972 36 0
91746 972 -34 -36 0
91746 -973 34 0
91746 -973 37 0
91746 973 -34 -37 0
91746 -974 34 0
91746 -974 38 0
91746 974 -34 -38 0
91746 -975 34 0
91746 -975 39 0
91746 975 -34 -39 0
91746 -976 34 0
91746 -976 40 0
91746 976 -34 -40 0
91746 -977 34 0
91746 -977 41 0
91746 977 -34 -41 0
91746 -978 34 0
91746 -978 42 0
91746 978 -34 -42 0
91746 -979 34 0
91746 -979 43 0
91746 979 -34 -43 0
91746 -980 34 0
91746 -980 44 0
91746 980 -34 -44 0
91746 -981 34 0
91746 -981 45 0
91746 981 -34 -45 0
91746 -982 35 0
91746 -982 36 0
91746 982 -35 -36 0
91746 -983 35 0
91746 -983 37 0
91746 983 -35 -37 0
91746 -984 35 0
91746 -984 38 0
91746 984 -35 -38 0
91746 -985 35 0
91746 -985 39 0
91746 985 -35 -39 0
91746 -986 35 0
91746 -986 40 0
91746 986 -35 -40 0
91746 -987 35 0
91746 -987 41 0
91746 987 -35 -41 0
91746 -988 35 0
91746 -988 42 0
91746 988 -35 -42 0
91746 -989 35 0
91746 -989 43 0
91746 989 -35 -43 0
91746 -990 35 0
91746 -990 44 0
91746 990 -35 -44 0
91746 -991 35 0
91746 -991 45 0
91746 991 -35 -45 0
91746 -992 36 0
91746 -992 37 0
91746 992 -36 -37 0
91746 -993 36 0
91746 -993 38 0
91746 993 -36 -38 0
91746 -994 36 0
91746 -994 39 0
91746 994 -36 -39 0
91746 -995 36 0
91746 -995 40 0
91746 995 -36 -40 0
91746 -996 36 0
91746 -996 41 0
91746 996 -36 -41 0
91746 -997 36 0
91746 -997 42 0
91746 997 -36 -42 0
91746 -998 36 0
91746 -998 43 0
91746 998 -36 -43 0
91746 -999 36 0
91746 -999 44 0
91746 999 -36 -44 0
91746 -1000 36 0
91746 -1000 45 0
91746 1000 -36 -45 0
91746 -1001 37 0
91746 -1001 38 0
91746 1001 -37 -38 0
91746 -1002 37 0
91746 -1002 39 0
91746 1002 -37 -39 0
91746 -1003 37 0
91746 -1003 40 0
91746 1003 -37 -40 0
91746 -1004 37 0
91746 -1004 41 0
91746 1004 -37 -41 0
91746 -1005 37 0
91746 -1005 42 0
91746 1005 -37 -42 0
91746 -1006 37 0
91746 -1006 43 0
91746 1006 -37 -43 0
91746 -1007 37 0
91746 -1007 44 0
91746 1007 -37 -44 0
91746 -1008 37 0
91746 -1008 45 0
91746 1008 -37 -45 0
91746 -1009 38 0
91746 -1009 39 0
91746 1009 -38 -39 0
91746 -1010 38 0
91746 -1010 40 0
91746 1010 -38 -40 0
91746 -1011 38 0
91746 -1011 41 0
91746 1011 -38 -41 0
91746 -1012 38 0
91746 -1012 42 0
91746 1012 -38 -42 0
91746 -1013 38 0
91746 -1013 43 0
91746 1013 -38 -43 0
91746 -1014 38 0
91746 -1014 44 0
91746 1014 -38 -44 0
91746 -1015 38 0
91746 -1015 45 0
91746 1015 -38 -45 0
91746 -1016 39 0
91746 -1016 40 0
91746 1016 -39 -40 0
91746 -1017 39 0
91746 -1017 41 0
91746 1017 -39 -41 0
91746 -1018 39 0
91746 -1018 42 0
91746 1018 -39 -42 0
91746 -1019 39 0
91746 -1019 43 0
91746 1019 -39 -43 0
91746 -1020 39 0
91746 -1020 44 0
91746 1020 -39 -44 0
91746 -1021 39 0
91746 -1021 45 0
91746 1021 -39 -45 0
91746 -1022 40 0
91746 -1022 41 0
91746 1022 -40 -41 0
91746 -1023 40 0
91746 -1023 42 0
91746 1023 -40 -42 0
91746 -1024 40 0
91746 -1024 43 0
91746 1024 -40 -43 0
91746 -1025 40 0
91746 -1025 44 0
91746 1025 -40 -44 0
91746 -1026 40 0
91746 -1026 45 0
91746 1026 -40 -45 0
91746 -1027 41 0
91746 -1027 42 0
91746 1027 -41 -42 0
91746 -1028 41 0
91746 -1028 43 0
91746 1028 -41 -43 0
91746 -1029 41 0
91746 -1029 44 0
91746 1029 -41 -44 0
91746 -1030 41 0
91746 -1030 45 0
91746 1030 -41 -45 0
91746 -1031 42 0
91746 -1031 43 0
91746 1031 -42 -43 0
91746 -1032 42 0
91746 -1032 44 0
91746 1032 -42 -44 0
91746 -1033 42 0
91746 -1033 45 0
91746 1033 -42 -45 0
91746 -1034 43 0
91746 -1034 44 0
91746 1034 -43 -44 0
91746 -1035 43 0
91746 -1035 45 0
91746 1035 -43 -45 0
91746 -1036 44 0
91746 -1036 45 0
91746 1036 -44 -45 0
49151 1 0
91736 -1 0
83562 47 0
91736 -47 0
106064 48 0
91736 -48 0
79004 49 0
91736 -49 0
90488 50 0
91736 -50 0
87442 51 0
91736 -51 0
68166 52 0
91736 -52 0
87984 53 0
91736 -53 0
111508 54 0
91736 -54 0
93000 55 0
91736 -55 0
76216 56 0
91736 -56 0
104834 57 0
91736 -57 0
92178 58 0
91736 -58 0
80274 59 0
91736 -59 0
105580 60 0
91736 -60 0
88590 61 0
91736 -61 0
87288 62 0
91736 -62 0
95330 63 0
91736 -63 0
81396 64 0
91736 -64 0
84616 65 0
91736 -65 0
81674 66 0
91736 -66 0
97038 67 0
91736 -67 0
83954 68 0
91736 -68 0
89474 69 0
91736 -69 0
84334 70 0
91736 -70 0
89964 71 0
91736 -71 0
83666 72 0
91736 -72 0
88840 73 0
91736 -73 0
86272 74 0
91736 -74 0
93230 75 0
91736 -75 0
92756 76 0
91736 -76 0
94098 77 0
91736 -77 0
96800 78 0
91736 -78 0
92208 79 0
91736 -79 0
95228 80 0
91736 -80 0
91106 81 0
91736 -81 0
88860 82 0
91736 -82 0
87108 83 0
91736 -83 0
89686 84 0
91736 -84 0
89854 85 0
91736 -85 0
94186 86 0
91736 -86 0
89992 87 0
91736 -87 0
92360 88 0
91736 -88 0
93998 89 0
91736 -89 0
95778 90 0
91736 -90 0
60246 2 0
91736 -2 0
105190 91 0
91736 -91 0
100276 92 0
91736 -92 0
73594 93 0
91736 -93 0
105870 94 0
91736 -94 0
79846 95 0
91736 -95 0
95226 96 0
91736 -96 0
108438 97 0
91736 -97 0
75494 98 0
91736 -98 0
97448 99 0
91736 -99 0
96498 100 0
91736 -100 0
87244 101 0
91736 -101 0
83958 102 0
91736 -102 0
79558 103 0
91736 -103 0
91294 104 0
91736 -104 0
94400 105 0
91736 -105 0
89296 106 0
91736 -106 0
82694 107 0
91736 -107 0
90086 108 0
91736 -108 0
92752 109 0
91736 -109 0
81888 110 0
91736 -110 0
88368 111 0
91736 -111 0
86980 112 0
91736 -112 0
77228 113 0
91736 -113 0
91984 114 0
91736 -114 0
81352 115 0
91736 -115 0
89626 116 0
91736 -116 0
100646 117 0
91736 -117 0
96216 118 0
91736 -118 0
86802 119 0
91736 -119 0
90136 120 0
91736 -120 0
95100 121 0
91736 -121 0
89028 122 0
91736 -122 0
94440 123 0
91736 -123 0
90756 124 0
91736 -124 0
90060 125 0
91736 -125 0
91116 126 0
91736 -126 0
86472 127 0
91736 -127 0
85288 128 0
91736 -128 0
90288 129 0
91736 -129 0
86966 130 0
91736 -130 0
91686 131 0
91736 -131 0
91292 132 0
91736 -132 0
90360 133 0
91736 -133 0
57920 3 0
91736 -3 0
93680 134 0
91736 -134 0
103662 135 0
91736 -135 0
94020 136 0
91736 -136 0
99318 137 0
91736 -137 0
91634 138 0
91736 -138 0
78230 139 0
91736 -139 0
112100 140 0
91736 -140 0
99414 141 0
91736 -141 0
78260 142 0
91736 -142 0
88358 143 0
91736 -143 0
91762 144 0
91736 -144 0
86838 145 0
91736 -145 0
103802 146 0
91736 -146 0
96768 147 0
91736 -147 0
87366 148 0
91736 -148 0
88146 149 0
91736 -149 0
106272 150 0
91736 -150 0
85964 151 0
91736 -151 0
92218 152 0
91736 -152 0
105470 153 0
91736 -153 0
103492 154 0
91736 -154 0
100462 155 0
91736 -155 0
97396 156 0
91736 -156 0
90474 157 0
91736 -157 0
85516 158 0
91736 -158 0
86956 159 0
91736 -159 0
91680 160 0
91736 -160 0
84312 161 0
91736 -161 0
88204 162 0
91736 -162 0
89020 163 0
91736 -163 0
100204 164 0
91736 -164 0
93004 165 0
91736 -165 0
92562 166 0
91736 -166 0
93408 167 0
91736 -167 0
85158 168 0
91736 -168 0
93330 169 0
91736 -169 0
90538 170 0
91736 -170 0
93466 171 0
91736 -171 0
88752 172 0
91736 -172 0
93064 173 0
91736 -173 0
90314 174 0
91736 -174 0
90102 175 0
91736 -175 0
53524 4 0
91736 -4 0
124010 176 0
91736 -176 0
90620 177 0
91736 -177 0
99466 178 0
91736 -178 0
96246 179 0
91736 -179 0
111166 180 0
91736 -180 0
95706 181 0
91736 -181 0
94572 182 0
91736 -182 0
86992 183 0
91736 -183 0
73438 184 0
91736 -184 0
104082 185 0
91736 -185 0
102000 186 0
91736 -186 0
87160 187 0
91736 -187 0
86042 188 0
91736 -188 0
95836 189 0
91736 -189 0
70792 190 0
91736 -190 0
89754 191 0
91736 -191 0
94830 192 0
91736 -192 0
99446 193 0
91736 -193 0
79212 194 0
91736 -194 0
100306 195 0
91736 -195 0
68958 196 0
91736 -196 0
85074 197 0
91736 -197 0
84508 198 0
91736 -198 0
78020 199 0
91736 -199 0
99600 200 0
91736 -200 0
81498 201 0
91736 -201 0
98374 202 0
91736 -202 0
104262 203 0
91736 -203 0
81644 204 0
91736 -204 0
93700 205 0
91736 -205 0
96682 206 0
91736 -206 0
83488 207 0
91736 -207 0
80856 208 0
91736 -208 0
94142 209 0
91736 -209 0
86144 210 0
91736 -210 0
96362 211 0
91736 -211 0
89232 212 0
91736 -212 0
92168 213 0
91736 -213 0
90648 214 0
91736 -214 0
94040 215 0
91736 -215 0
94488 216 0
91736 -216 0
48323 5 0
91736 -5 0
90030 217 0
91736 -217 0
74530 218 0
91736 -218 0
95112 219 0
91736 -219 0
87816 220 0
91736 -220 0
82576 221 0
91736 -221 0
85420 222 0
91736 -222 0
112010 223 0
91736 -223 0
101544 224 0
91736 -224 0
87530 225 0
91736 -225 0
93536 226 0
91736 -226 0
82628 227 0
91736 -227 0
93434 228 0
91736 -228 0
81992 229 0
91736 -229 0
86264 230 0
91736 -230 0
91464 231 0
91736 -231 0
89604 232 0
91736 -232 0
83828 233 0
91736 -233 0
96904 234 0
91736 -234 0
81150 235 0
91736 -235 0
90586 236 0
91736 -236 0
95398 237 0
91736 -237 0
90098 238 0
91736 -238 0
91728 239 0
91736 -239 0
103932 240 0
91736 -240 0
99992 241 0
91736 -241 0
97068 242 0
91736 -242 0
84740 243 0
91736 -243 0
98300 244 0
91736 -244 0
96012 245 0
91736 -245 0
91396 246 0
91736 -246 0
85540 247 0
91736 -247 0
105616 248 0
91736 -248 0
92778 249 0
91736 -249 0
87056 250 0
91736 -250 0
82860 251 0
91736 -251 0
90588 252 0
91736 -252 0
84548 253 0
91736 -253 0
92172 254 0
91736 -254 0
89840 255 0
91736 -255 0
88296 256 0
91736 -256 0
45312 6 0
91736 -6 0
96260 257 0
91736 -257 0
104154 258 0
91736 -258 0
78802 259 0
91736 -259 0
97726 260 0
91736 -260 0
74238 261 0
91736 -261 0
94962 262 0
91736 -262 0
102288 263 0
91736 -263 0
85162 264 0
91736 -264 0
107198 265 0
91736 -265 0
78112 266 0
91736 -266 0
99534 267 0
91736 -267 0
80598 268 0
91736 -268 0
94558 269 0
91736 -269 0
92816 270 0
91736 -270 0
76982 271 0
91736 -271 0
103520 272 0
91736 -272 0
86752 273 0
91736 -273 0
86818 274 0
91736 -274 0
86036 275 0
91736 -275 0
84870 276 0
91736 -276 0
93244 277 0
91736 -277 0
95150 278 0
91736 -278 0
91404 279 0
91736 -279 0
91032 280 0
91736 -280 0
95872 281 0
91736 -281 0
101108 282 0
91736 -282 0
101086 283 0
91736 -283 0
94930 284 0
91736 -284 0
97136 285 0
91736 -285 0
82702 286 0
91736 -286 0
90364 287 0
91736 -287 0
96250 288 0
91736 -288 0
80856 289 0
91736 -289 0
83690 290 0
91736 -290 0
94816 291 0
91736 -291 0
85938 292 0
91736 -292 0
92002 293 0
91736 -293 0
93116 294 0
91736 -294 0
93456 295 0
91736 -295 0
55707 7 0
91736 -7 0
111210 296 0
91736 -296 0
101884 297 0
91736 -297 0
91312 298 0
91736 -298 0
84906 299 0
91736 -299 0
109736 300 0
91736 -300 0
93232 301 0
91736 -301 0
87954 302 0
91736 -302 0
94252 303 0
91736 -303 0
90376 304 0
91736 -304 0
90218 305 0
91736 -305 0
86812 306 0
91736 -306 0
97816 307 0
91736 -307 0
87048 308 0
91736 -308 0
93144 309 0
91736 -309 0
106530 310 0
91736 -310 0
91292 311 0
91736 -311 0
95734 312 0
91736 -312 0
91988 313 0
91736 -313 0
106628 314 0
91736 -314 0
76442 315 0
91736 -315 0
100144 316 0
91736 -316 0
86942 317 0
91736 -317 0
96558 318 0
91736 -318 0
96068 319 0
91736 -319 0
97114 320 0
91736 -320 0
98422 321 0
91736 -321 0
86882 322 0
91736 -322 0
90160 323 0
91736 -323 0
87814 324 0
91736 -324 0
96400 325 0
91736 -325 0
92456 326 0
91736 -326 0
90880 327 0
91736 -327 0
93210 328 0
91736 -328 0
90424 329 0
91736 -329 0
93010 330 0
91736 -330 0
90978 331 0
91736 -331 0
94166 332 0
91736 -332 0
95434 333 0
91736 -333 0
58333 8 0
91736 -8 0
104832 334 0
91736 -334 0
95034 335 0
91736 -335 0
103366 336 0
91736 -336 0
76774 337 0
91736 -337 0
88408 338 0
91736 -338 0
90976 339 0
91736 -339 0
77308 340 0
91736 -340 0
94312 341 0
91736 -341 0
90824 342 0
91736 -342 0
97544 343 0
91736 -343 0
88632 344 0
91736 -344 0
100334 345 0
91736 -345 0
93580 346 0
91736 -346 0
83138 347 0
91736 -347 0
91352 348 0
91736 -348 0
101558 349 0
91736 -349 0
90302 350 0
91736 -350 0
98758 351 0
91736 -351 0
102578 352 0
91736 -352 0
82538 353 0
91736 -353 0
104496 354 0
91736 -354 0
98880 355 0
91736 -355 0
94054 356 0
91736 -356 0
87742 357 0
91736 -357 0
85938 358 0
91736 -358 0
92198 359 0
91736 -359 0
94422 360 0
91736 -360 0
95468 361 0
91736 -361 0
87416 362 0
91736 -362 0
92108 363 0
91736 -363 0
93986 364 0
91736 -364 0
92876 365 0
91736 -365 0
93802 366 0
91736 -366 0
94764 367 0
91736 -367 0
91988 368 0
91736 -368 0
91514 369 0
91736 -369 0
91822 370 0
91736 -370 0
50560 9 0
91736 -9 0
92306 371 0
91736 -371 0
81738 372 0
91736 -372 0
82136 373 0
91736 -373 0
95066 374 0
91736 -374 0
82742 375 0
91736 -375 0
96954 376 0
91736 -376 0
88526 377 0
91736 -377 0
89396 378 0
91736 -378 0
97974 379 0
91736 -379 0
107164 380 0
91736 -380 0
96874 381 0
91736 -381 0
85456 382 0
91736 -382 0
99452 383 0
91736 -383 0
93320 384 0
91736 -384 0
87122 385 0
91736 -385 0
110294 386 0
91736 -386 0
88288 387 0
91736 -387 0
92582 388 0
91736 -388 0
103156 389 0
91736 -389 0
75184 390 0
91736 -390 0
91118 391 0
91736 -391 0
96630 392 0
91736 -392 0
93948 393 0
91736 -393 0
90594 394 0
91736 -394 0
94394 395 0
91736 -395 0
93330 396 0
91736 -396 0
91664 397 0
91736 -397 0
96448 398 0
91736 -398 0
95726 399 0
91736 -399 0
96734 400 0
91736 -400 0
96488 401 0
91736 -401 0
94546 402 0
91736 -402 0
94586 403 0
91736 -403 0
92538 404 0
91736 -404 0
89054 405 0
91736 -405 0
88038 406 0
91736 -406 0
61054 10 0
91736 -10 0
78586 407 0
91736 -407 0
102948 408 0
91736 -408 0
106314 409 0
91736 -409 0
84962 410 0
91736 -410 0
89708 411 0
91736 -411 0
83198 412 0
91736 -412 0
94110 413 0
91736 -413 0
94556 414 0
91736 -414 0
92810 415 0
91736 -415 0
70322 416 0
91736 -416 0
95036 417 0
91736 -417 0
95498 418 0
91736 -418 0
78494 419 0
91736 -419 0
83092 420 0
91736 -420 0
87082 421 0
91736 -421 0
95052 422 0
91736 -422 0
90988 423 0
91736 -423 0
96374 424 0
91736 -424 0
92842 425 0
91736 -425 0
92798 426 0
91736 -426 0
92968 427 0
91736 -427 0
98654 428 0
91736 -428 0
89594 429 0
91736 -429 0
89272 430 0
91736 -430 0
88200 431 0
91736 -431 0
92130 432 0
91736 -432 0
86918 433 0
91736 -433 0
99138 434 0
91736 -434 0
93800 435 0
91736 -435 0
97370 436 0
91736 -436 0
95764 437 0
91736 -437 0
98168 438 0
91736 -438 0
91200 439 0
91736 -439 0
92024 440 0
91736 -440 0
92424 441 0
91736 -441 0
54625 11 0
91736 -11 0
117224 442 0
91736 -442 0
98774 443 0
91736 -443 0
98576 444 0
91736 -444 0
95786 445 0
91736 -445 0
101134 446 0
91736 -446 0
100660 447 0
91736 -447 0
92078 448 0
91736 -448 0
104696 449 0
91736 -449 0
72622 450 0
91736 -450 0
103066 451 0
91736 -451 0
90440 452 0
91736 -452 0
104402 453 0
91736 -453 0
77778 454 0
91736 -454 0
94698 455 0
91736 -455 0
84152 456 0
91736 -456 0
90868 457 0
91736 -457 0
104838 458 0
91736 -458 0
89386 459 0
91736 -459 0
78702 460 0
91736 -460 0
90680 461 0
91736 -461 0
97248 462 0
91736 -462 0
99260 463 0
91736 -463 0
91938 464 0
91736 -464 0
89102 465 0
91736 -465 0
92768 466 0
91736 -466 0
94466 467 0
91736 -467 0
86920 468 0
91736 -468 0
93066 469 0
91736 -469 0
93378 470 0
91736 -470 0
100746 471 0
91736 -471 0
91600 472 0
91736 -472 0
93480 473 0
91736 -473 0
90422 474 0
91736 -474 0
90274 475 0
91736 -475 0
74920 12 0
91736 -12 0
79274 476 0
91736 -476 0
85566 477 0
91736 -477 0
90056 478 0
91736 -478 0
85906 479 0
91736 -479 0
78274 480 0
91736 -480 0
103818 481 0
91736 -481 0
82254 482 0
91736 -482 0
108888 483 0
91736 -483 0
82578 484 0
91736 -484 0
98508 485 0
91736 -485 0
84082 486 0
91736 -486 0
91868 487 0
91736 -487 0
86290 488 0
91736 -488 0
89954 489 0
91736 -489 0
100586 490 0
91736 -490 0
98548 491 0
91736 -491 0
86530 492 0
91736 -492 0
100566 493 0
91736 -493 0
91270 494 0
91736 -494 0
87858 495 0
91736 -495 0
84864 496 0
91736 -496 0
88020 497 0
91736 -497 0
93206 498 0
91736 -498 0
87816 499 0
91736 -499 0
88022 500 0
91736 -500 0
95602 501 0
91736 -501 0
92064 502 0
91736 -502 0
94724 503 0
91736 -503 0
87296 504 0
91736 -504 0
94172 505 0
91736 -505 0
90396 506 0
91736 -506 0
92888 507 0
91736 -507 0
93456 508 0
91736 -508 0
78920 13 0
91736 -13 0
97996 509 0
91736 -509 0
87090 510 0
91736 -510 0
97624 511 0
91736 -511 0
78554 512 0
91736 -512 0
101280 513 0
91736 -513 0
82270 514 0
91736 -514 0
96602 515 0
91736 -515 0
99498 516 0
91736 -516 0
87224 517 0
91736 -517 0
101300 518 0
91736 -518 0
93118 519 0
91736 -519 0
88798 520 0
91736 -520 0
80220 521 0
91736 -521 0
78552 522 0
91736 -522 0
82010 523 0
91736 -523 0
95778 524 0
91736 -524 0
86738 525 0
91736 -525 0
86120 526 0
91736 -526 0
96508 527 0
91736 -527 0
88382 528 0
91736 -528 0
95552 529 0
91736 -529 0
86416 530 0
91736 -530 0
86824 531 0
91736 -531 0
97572 532 0
91736 -532 0
95166 533 0
91736 -533 0
93510 534 0
91736 -534 0
95726 535 0
91736 -535 0
84998 536 0
91736 -536 0
91784 537 0
91736 -537 0
90480 538 0
91736 -538 0
90602 539 0
91736 -539 0
89070 540 0
91736 -540 0
58129 14 0
91736 -14 0
90434 541 0
91736 -541 0
91218 542 0
91736 -542 0
101598 543 0
91736 -543 0
79608 544 0
91736 -544 0
83952 545 0
91736 -545 0
100184 546 0
91736 -546 0
82344 547 0
91736 -547 0
85806 548 0
91736 -548 0
78722 549 0
91736 -549 0
98950 550 0
91736 -550 0
100928 551 0
91736 -551 0
91996 552 0
91736 -552 0
95268 553 0
91736 -553 0
82524 554 0
91736 -554 0
83576 555 0
91736 -555 0
107232 556 0
91736 -556 0
87008 557 0
91736 -557 0
83412 558 0
91736 -558 0
92490 559 0
91736 -559 0
91616 560 0
91736 -560 0
92458 561 0
91736 -561 0
94866 562 0
91736 -562 0
91250 563 0
91736 -563 0
94882 564 0
91736 -564 0
94144 565 0
91736 -565 0
89518 566 0
91736 -566 0
90560 567 0
91736 -567 0
92908 568 0
91736 -568 0
91548 569 0
91736 -569 0
91478 570 0
91736 -570 0
91822 571 0
91736 -571 0
66173 15 0
91736 -15 0
100144 572 0
91736 -572 0
99412 573 0
91736 -573 0
88366 574 0
91736 -574 0
102772 575 0
91736 -575 0
98120 576 0
91736 -576 0
96228 577 0
91736 -577 0
75606 578 0
91736 -578 0
97646 579 0
91736 -579 0
98436 580 0
91736 -580 0
92802 581 0
91736 -581 0
93202 582 0
91736 -582 0
103064 583 0
91736 -583 0
92416 584 0
91736 -584 0
98776 585 0
91736 -585 0
85776 586 0
91736 -586 0
85638 587 0
91736 -587 0
84034 588 0
91736 -588 0
89662 589 0
91736 -589 0
83244 590 0
91736 -590 0
85682 591 0
91736 -591 0
102892 592 0
91736 -592 0
87752 593 0
91736 -593 0
84878 594 0
91736 -594 0
98970 595 0
91736 -595 0
96390 596 0
91736 -596 0
95578 597 0
91736 -597 0
96778 598 0
91736 -598 0
92210 599 0
91736 -599 0
91250 600 0
91736 -600 0
91650 601 0
91736 -601 0
67209 16 0
91736 -16 0
84358 602 0
91736 -602 0
100954 603 0
91736 -603 0
71662 604 0
91736 -604 0
93914 605 0
91736 -605 0
68808 606 0
91736 -606 0
105664 607 0
91736 -607 0
79432 608 0
91736 -608 0
103038 609 0
91736 -609 0
83360 610 0
91736 -610 0
94598 611 0
91736 -611 0
100182 612 0
91736 -612 0
87188 613 0
91736 -613 0
97872 614 0
91736 -614 0
94994 615 0
91736 -615 0
97040 616 0
91736 -616 0
96288 617 0
91736 -617 0
78546 618 0
91736 -618 0
98386 619 0
91736 -619 0
92474 620 0
91736 -620 0
83070 621 0
91736 -621 0
89746 622 0
91736 -622 0
93882 623 0
91736 -623 0
86386 624 0
91736 -624 0
93092 625 0
91736 -625 0
91062 626 0
91736 -626 0
90112 627 0
91736 -627 0
91184 628 0
91736 -628 0
92264 629 0
91736 -629 0
91908 630 0
91736 -630 0
100684 17 0
91736 -17 0
114378 631 0
91736 -631 0
87086 632 0
91736 -632 0
90250 633 0
91736 -633 0
87792 634 0
91736 -634 0
97706 635 0
91736 -635 0
80006 636 0
91736 -636 0
87358 637 0
91736 -637 0
93150 638 0
91736 -638 0
94224 639 0
91736 -639 0
82554 640 0
91736 -640 0
96970 641 0
91736 -641 0
85138 642 0
91736 -642 0
94678 643 0
91736 -643 0
102760 644 0
91736 -644 0
93198 645 0
91736 -645 0
85002 646 0
91736 -646 0
87230 647 0
91736 -647 0
90330 648 0
91736 -648 0
90718 649 0
91736 -649 0
94750 650 0
91736 -650 0
92596 651 0
91736 -651 0
97958 652 0
91736 -652 0
101684 653 0
91736 -653 0
90218 654 0
91736 -654 0
97580 655 0
91736 -655 0
91100 656 0
91736 -656 0
92114 657 0
91736 -657 0
92510 658 0
91736 -658 0
50601 18 0
91736 -18 0
82728 659 0
91736 -659 0
97694 660 0
91736 -660 0
92564 661 0
91736 -661 0
87620 662 0
91736 -662 0
94300 663 0
91736 -663 0
93836 664 0
91736 -664 0
79490 665 0
91736 -665 0
103140 666 0
91736 -666 0
85982 667 0
91736 -667 0
80580 668 0
91736 -668 0
100676 669 0
91736 -669 0
88462 670 0
91736 -670 0
86694 671 0
91736 -671 0
92116 672 0
91736 -672 0
103200 673 0
91736 -673 0
97804 674 0
91736 -674 0
97136 675 0
91736 -675 0
88326 676 0
91736 -676 0
88872 677 0
91736 -677 0
91426 678 0
91736 -678 0
84486 679 0
91736 -679 0
81956 680 0
91736 -680 0
95398 681 0
91736 -681 0
85096 682 0
91736 -682 0
93024 683 0
91736 -683 0
92048 684 0
91736 -684 0
92596 685 0
91736 -685 0
71876 19 0
91736 -19 0
89070 686 0
91736 -686 0
87712 687 0
91736 -687 0
87596 688 0
91736 -688 0
83666 689 0
91736 -689 0
106704 690 0
91736 -690 0
69864 691 0
91736 -691 0
95178 692 0
91736 -692 0
88074 693 0
91736 -693 0
68452 694 0
91736 -694 0
106846 695 0
91736 -695 0
91582 696 0
91736 -696 0
88704 697 0
91736 -697 0
96800 698 0
91736 -698 0
79612 699 0
91736 -699 0
105946 700 0
91736 -700 0
95294 701 0
91736 -701 0
81424 702 0
91736 -702 0
86784 703 0
91736 -703 0
90544 704 0
91736 -704 0
83904 705 0
91736 -705 0
89502 706 0
91736 -706 0
87684 707 0
91736 -707 0
86062 708 0
91736 -708 0
91302 709 0
91736 -709 0
93068 710 0
91736 -710 0
93112 711 0
91736 -711 0
78372 20 0
91736 -20 0
106696 712 0
91736 -712 0
88860 713 0
91736 -713 0
88040 714 0
91736 -714 0
81776 715 0
91736 -715 0
89226 716 0
91736 -716 0
95588 717 0
91736 -717 0
85004 718 0
91736 -718 0
98308 719 0
91736 -719 0
93528 720 0
91736 -720 0
83270 721 0
91736 -721 0
90210 722 0
91736 -722 0
98928 723 0
91736 -723 0
88134 724 0
91736 -724 0
91112 725 0
91736 -725 0
85722 726 0
91736 -726 0
94082 727 0
91736 -727 0
87610 728 0
91736 -728 0
92912 729 0
91736 -729 0
93024 730 0
91736 -730 0
95506 731 0
91736 -731 0
96340 732 0
91736 -732 0
95158 733 0
91736 -733 0
91566 734 0
91736 -734 0
90902 735 0
91736 -735 0
90274 736 0
91736 -736 0
74957 21 0
91736 -21 0
112520 737 0
91736 -737 0
85598 738 0
91736 -738 0
97728 739 0
91736 -739 0
92908 740 0
91736 -740 0
98648 741 0
91736 -741 0
101858 742 0
91736 -742 0
89962 743 0
91736 -743 0
94274 744 0
91736 -744 0
102692 745 0
91736 -745 0
93196 746 0
91736 -746 0
88900 747 0
91736 -747 0
92822 748 0
91736 -748 0
97518 749 0
91736 -749 0
94768 750 0
91736 -750 0
85144 751 0
91736 -751 0
95528 752 0
91736 -752 0
90128 753 0
91736 -753 0
87134 754 0
91736 -754 0
86906 755 0
91736 -755 0
96570 756 0
91736 -756 0
87260 757 0
91736 -757 0
92892 758 0
91736 -758 0
91430 759 0
91736 -759 0
91650 760 0
91736 -760 0
70238 22 0
91736 -22 0
97602 761 0
91736 -761 0
91640 762 0
91736 -762 0
87544 763 0
91736 -763 0
76262 764 0
91736 -764 0
89086 765 0
91736 -765 0
86196 766 0
91736 -766 0
93708 767 0
91736 -767 0
81418 768 0
91736 -768 0
85934 769 0
91736 -769 0
82154 770 0
91736 -770 0
91254 771 0
91736 -771 0
87596 772 0
91736 -772 0
89800 773 0
91736 -773 0
104788 774 0
91736 -774 0
89626 775 0
91736 -775 0
85774 776 0
91736 -776 0
96820 777 0
91736 -777 0
90132 778 0
91736 -778 0
89852 779 0
91736 -779 0
91290 780 0
91736 -780 0
92138 781 0
91736 -781 0
89168 782 0
91736 -782 0
87436 783 0
91736 -783 0
75883 23 0
91736 -23 0
97538 784 0
91736 -784 0
80384 785 0
91736 -785 0
96556 786 0
91736 -786 0
88698 787 0
91736 -787 0
86302 788 0
91736 -788 0
87072 789 0
91736 -789 0
96978 790 0
91736 -790 0
104002 791 0
91736 -791 0
98316 792 0
91736 -792 0
81558 793 0
91736 -793 0
89366 794 0
91736 -794 0
96196 795 0
91736 -795 0
90148 796 0
91736 -796 0
80062 797 0
91736 -797 0
100788 798 0
91736 -798 0
92232 799 0
91736 -799 0
98830 800 0
91736 -800 0
91344 801 0
91736 -801 0
98914 802 0
91736 -802 0
90418 803 0
91736 -803 0
94016 804 0
91736 -804 0
95348 805 0
91736 -805 0
77759 24 0
91736 -24 0
91172 806 0
91736 -806 0
82452 807 0
91736 -807 0
90630 808 0
91736 -808 0
112244 809 0
91736 -809 0
89552 810 0
91736 -810 0
90198 811 0
91736 -811 0
92506 812 0
91736 -812 0
89608 813 0
91736 -813 0
104384 814 0
91736 -814 0
84252 815 0
91736 -815 0
91600 816 0
91736 -816 0
92902 817 0
91736 -817 0
94120 818 0
91736 -818 0
94118 819 0
91736 -819 0
90360 820 0
91736 -820 0
86690 821 0
91736 -821 0
95604 822 0
91736 -822 0
90086 823 0
91736 -823 0
92254 824 0
91736 -824 0
90386 825 0
91736 -825 0
89758 826 0
91736 -826 0
61293 25 0
91736 -25 0
90028 827 0
91736 -827 0
81022 828 0
91736 -828 0
89270 829 0
91736 -829 0
105048 830 0
91736 -830 0
85008 831 0
91736 -831 0
100560 832 0
91736 -832 0
104402 833 0
91736 -833 0
90678 834 0
91736 -834 0
91488 835 0
91736 -835 0
101062 836 0
91736 -836 0
81596 837 0
91736 -837 0
78990 838 0
91736 -838 0
97370 839 0
91736 -839 0
80264 840 0
91736 -840 0
88852 841 0
91736 -841 0
93044 842 0
91736 -842 0
88666 843 0
91736 -843 0
91186 844 0
91736 -844 0
94106 845 0
91736 -845 0
94574 846 0
91736 -846 0
64596 26 0
91736 -26 0
99880 847 0
91736 -847 0
100102 848 0
91736 -848 0
85740 849 0
91736 -849 0
91182 850 0
91736 -850 0
95386 851 0
91736 -851 0
95132 852 0
91736 -852 0
94366 853 0
91736 -853 0
85288 854 0
91736 -854 0
93546 855 0
91736 -855 0
90932 856 0
91736 -856 0
90174 857 0
91736 -857 0
93996 858 0
91736 -858 0
88376 859 0
91736 -859 0
90416 860 0
91736 -860 0
90440 861 0
91736 -861 0
90488 862 0
91736 -862 0
91112 863 0
91736 -863 0
92150 864 0
91736 -864 0
91478 865 0
91736 -865 0
77984 27 0
91736 -27 0
85262 866 0
91736 -866 0
86988 867 0
91736 -867 0
84988 868 0
91736 -868 0
95766 869 0
91736 -869 0
96870 870 0
91736 -870 0
97046 871 0
91736 -871 0
91630 872 0
91736 -872 0
93290 873 0
91736 -873 0
86226 874 0
91736 -874 0
98768 875 0
91736 -875 0
93986 876 0
91736 -876 0
91068 877 0
91736 -877 0
91864 878 0
91736 -878 0
85548 879 0
91736 -879 0
89006 880 0
91736 -880 0
91134 881 0
91736 -881 0
90878 882 0
91736 -882 0
89586 883 0
91736 -883 0
71735 28 0
91736 -28 0
101694 884 0
91736 -884 0
87696 885 0
91736 -885 0
87866 886 0
91736 -886 0
90468 887 0
91736 -887 0
81964 888 0
91736 -888 0
108382 889 0
91736 -889 0
93292 890 0
91736 -890 0
89138 891 0
91736 -891 0
92058 892 0
91736 -892 0
89650 893 0
91736 -893 0
90060 894 0
91736 -894 0
89494 895 0
91736 -895 0
83296 896 0
91736 -896 0
87192 897 0
91736 -897 0
91424 898 0
91736 -898 0
92168 899 0
91736 -899 0
92080 900 0
91736 -900 0
84512 29 0
91736 -29 0
92472 901 0
91736 -901 0
93740 902 0
91736 -902 0
89914 903 0
91736 -903 0
93404 904 0
91736 -904 0
85336 905 0
91736 -905 0
91954 906 0
91736 -906 0
98542 907 0
91736 -907 0
91950 908 0
91736 -908 0
93496 909 0
91736 -909 0
100052 910 0
91736 -910 0
98012 911 0
91736 -911 0
90052 912 0
91736 -912 0
97798 913 0
91736 -913 0
91478 914 0
91736 -914 0
91634 915 0
91736 -915 0
92166 916 0
91736 -916 0
79517 30 0
91736 -30 0
90312 917 0
91736 -917 0
93396 918 0
91736 -918 0
90012 919 0
91736 -919 0
94864 920 0
91736 -920 0
91160 921 0
91736 -921 0
97642 922 0
91736 -922 0
88398 923 0
91736 -923 0
86434 924 0
91736 -924 0
94980 925 0
91736 -925 0
94064 926 0
91736 -926 0
92272 927 0
91736 -927 0
91850 928 0
91736 -928 0
92514 929 0
91736 -929 0
90602 930 0
91736 -930 0
90102 931 0
91736 -931 0
90714 31 0
91736 -31 0
83006 932 0
91736 -932 0
93870 933 0
91736 -933 0
94852 934 0
91736 -934 0
84152 935 0
91736 -935 0
97890 936 0
91736 -936 0
94808 937 0
91736 -937 0
85924 938 0
91736 -938 0
94566 939 0
91736 -939 0
87966 940 0
91736 -940 0
89770 941 0
91736 -941 0
89284 942 0
91736 -942 0
91972 943 0
91736 -943 0
90170 944 0
91736 -944 0
89414 945 0
91736 -945 0
89758 32 0
91736 -32 0
94992 946 0
91736 -946 0
89182 947 0
91736 -947 0
87124 948 0
91736 -948 0
101150 949 0
91736 -949 0
100032 950 0
91736 -950 0
83588 951 0
91736 -951 0
98264 952 0
91736 -952 0
88374 953 0
91736 -953 0
89084 954 0
91736 -954 0
89852 955 0
91736 -955 0
92436 956 0
91736 -956 0
89264 957 0
91736 -957 0
88296 958 0
91736 -958 0
87021 33 0
91736 -33 0
95954 959 0
91736 -959 0
88714 960 0
91736 -960 0
92812 961 0
91736 -961 0
83558 962 0
91736 -962 0
94178 963 0
91736 -963 0
95374 964 0
91736 -964 0
100734 965 0
91736 -965 0
89298 966 0
91736 -966 0
97702 967 0
91736 -967 0
90486 968 0
91736 -968 0
92258 969 0
91736 -969 0
92338 970 0
91736 -970 0
84881 34 0
91736 -34 0
89544 971 0
91736 -971 0
96680 972 0
91736 -972 0
89880 973 0
91736 -973 0
92210 974 0
91736 -974 0
95536 975 0
91736 -975 0
95704 976 0
91736 -976 0
93476 977 0
91736 -977 0
96954 978 0
91736 -978 0
91154 979 0
91736 -979 0
92240 980 0
91736 -980 0
92596 981 0
91736 -981 0
95827 35 0
91736 -35 0
95568 982 0
91736 -982 0
96276 983 0
91736 -983 0
89858 984 0
91736 -984 0
96886 985 0
91736 -985 0
95062 986 0
91736 -986 0
89266 987 0
91736 -987 0
94382 988 0
91736 -988 0
90894 989 0
91736 -989 0
90968 990 0
91736 -990 0
90360 991 0
91736 -991 0
78296 36 0
91736 -36 0
95646 992 0
91736 -992 0
95910 993 0
91736 -993 0
81298 994 0
91736 -994 0
88416 995 0
91736 -995 0
90734 996 0
91736 -996 0
86020 997 0
91736 -997 0
91300 998 0
91736 -998 0
93248 999 0
91736 -999 0
93284 1000 0
91736 -1000 0
76106 37 0
91736 -37 0
96758 1001 0
91736 -1001 0
90982 1002 0
91736 -1002 0
95950 1003 0
91736 -1003 0
96258 1004 0
91736 -1004 0
97848 1005 0
91736 -1005 0
91320 1006 0
91736 -1006 0
93824 1007 0
91736 -1007 0
95348 1008 0
91736 -1008 0
90403 38 0
91736 -38 0
93696 1009 0
91736 -1009 0
89736 1010 0
91736 -1010 0
93764 1011 0
91736 -1011 0
87836 1012 0
91736 -1012 0
93300 1013 0
91736 -1013 0
90722 1014 0
91736 -1014 0
90618 1015 0
91736 -1015 0
76905 39 0
91736 -39 0
84108 1016 0
91736 -1016 0
92086 1017 0
91736 -1017 0
84734 1018 0
91736 -1018 0
91718 1019 0
91736 -1019 0
93188 1020 0
91736 -1020 0
93284 1021 0
91736 -1021 0
79454 40 0
91736 -40 0
91076 1022 0
91736 -1022 0
82900 1023 0
91736 -1023 0
92420 1024 0
91736 -1024 0
91274 1025 0
91736 -1025 0
90618 1026 0
91736 -1026 0
89433 41 0
91736 -41 0
90546 1027 0
91736 -1027 0
89898 1028 0
91736 -1028 0
92936 1029 0
91736 -1029 0
92768 1030 0
91736 -1030 0
83770 42 0
91736 -42 0
92476 1031 0
91736 -1031 0
91256 1032 0
91736 -1032 0
90532 1033 0
91736 -1033 0
91914 43 0
91736 -43 0
92192 1034 0
91736 -1034 0
92252 1035 0
91736 -1035 0
92093 44 0
91736 -44 0
89414 1036 0
91736 -1036 0
91349 45 0
91736 -45 0
