c
c Generated WCNF file
c
p wcnf 991 4819 87328
87328 45 0
87328 -46 1 0
87328 -46 2 0
87328 46 -1 -2 0
87328 -47 1 0
87328 -47 3 0
87328 47 -1 -3 0
87328 -48 1 0
87328 -48 4 0
87328 48 -1 -4 0
87328 -49 1 0
87328 -49 5 0
87328 49 -1 -5 0
87328 -50 1 0
87328 -50 6 0
87328 50 -1 -6 0
87328 -51 1 0
87328 -51 7 0
87328 51 -1 -7 0
87328 -52 1 0
87328 -52 8 0
87328 52 -1 -8 0
87328 -53 1 0
87328 -53 9 0
87328 53 -1 -9 0
87328 -54 1 0
87328 -54 10 0
87328 54 -1 -10 0
87328 -55 1 0
87328 -55 11 0
87328 55 -1 -11 0
87328 -56 1 0
87328 -56 12 0
87328 56 -1 -12 0
87328 -57 1 0
87328 -57 13 0
87328 57 -1 -13 0
87328 -58 1 0
87328 -58 14 0
87328 58 -1 -14 0
87328 -59 1 0
87328 -59 15 0
87328 59 -1 -15 0
87328 -60 1 0
87328 -60 16 0
87328 60 -1 -16 0
87328 -61 1 0
87328 -61 17 0
87328 61 -1 -17 0
87328 -62 1 0
87328 -62 18 0
87328 62 -1 -18 0
87328 -63 1 0
87328 -63 19 0
87328 63 -1 -19 0
87328 -64 1 0
87328 -64 20 0
87328 64 -1 -20 0
87328 -65 1 0
87328 -65 21 0
87328 65 -1 -21 0
87328 -66 1 0
87328 -66 22 0
87328 66 -1 -22 0
87328 -67 1 0
87328 -67 23 0
87328 67 -1 -23 0
87328 -68 1 0
87328 -68 24 0
87328 68 -1 -24 0
87328 -69 1 0
87328 -69 25 0
87328 69 -1 -25 0
87328 -70 1 0
87328 -70 26 0
87328 70 -1 -26 0
87328 -71 1 0
87328 -71 27 0
87328 71 -1 -27 0
87328 -72 1 0
87328 -72 28 0
87328 72 -1 -28 0
87328 -73 1 0
87328 -73 29 0
87328 73 -1 -29 0
87328 -74 1 0
87328 -74 30 0
87328 74 -1 -30 0
87328 -75 1 0
87328 -75 31 0
87328 75 -1 -31 0
87328 -76 1 0
87328 -76 32 0
87328 76 -1 -32 0
87328 -77 1 0
87328 -77 33 0
87328 77 -1 -33 0
87328 -78 1 0
87328 -78 34 0
87328 78 -1 -34 0
87328 -79 1 0
87328 -79 35 0
87328 79 -1 -35 0
87328 -80 1 0
87328 -80 36 0
87328 80 -1 -36 0
87328 -81 1 0
87328 -81 37 0
87328 81 -1 -37 0
87328 -82 1 0
87328 -82 38 0
87328 82 -1 -38 0
87328 -83 1 0
87328 -83 39 0
87328 83 -1 -39 0
87328 -84 1 0
87328 -84 40 0
87328 84 -1 -40 0
87328 -85 1 0
87328 -85 41 0
87328 85 -1 -41 0
87328 -86 1 0
87328 -86 42 0
87328 86 -1 -42 0
87328 -87 1 0
87328 -87 43 0
87328 87 -1 -43 0
87328 -88 1 0
87328 -88 44 0
87328 88 -1 -44 0
87328 -89 2 0
87328 -89 3 0
87328 89 -2 -3 0
87328 -90 2 0
87328 -90 4 0
87328 90 -2 -4 0
87328 -91 2 0
87328 -91 5 0
87328 91 -2 -5 0
87328 -92 2 0
87328 -92 6 0
87328 92 -2 -6 0
87328 -93 2 0
87328 -93 7 0
87328 93 -2 -7 0
87328 -94 2 0
87328 -94 8 0
87328 94 -2 -8 0
87328 -95 2 0
87328 -95 9 0
87328 95 -2 -9 0
87328 -96 2 0
87328 -96 10 0
87328 96 -2 -10 0
87328 -97 2 0
87328 -97 11 0
87328 97 -2 -11 0
87328 -98 2 0
87328 -98 12 0
87328 98 -2 -12 0
87328 -99 2 0
87328 -99 13 0
87328 99 -2 -13 0
87328 -100 2 0
87328 -100 14 0
87328 100 -2 -14 0
87328 -101 2 0
87328 -101 15 0
87328 101 -2 -15 0
87328 -102 2 0
87328 -102 16 0
87328 102 -2 -16 0
87328 -103 2 0
87328 -103 17 0
87328 103 -2 -17 0
87328 -104 2 0
87328 -104 18 0
87328 104 -2 -18 0
87328 -105 2 0
87328 -105 19 0
87328 105 -2 -19 0
87328 -106 2 0
87328 -106 20 0
87328 106 -2 -20 0
87328 -107 2 0
87328 -107 21 0
87328 107 -2 -21 0
87328 -108 2 0
87328 -108 22 0
87328 108 -2 -22 0
87328 -109 2 0
87328 -109 23 0
87328 109 -2 -23 0
87328 -110 2 0
87328 -110 24 0
87328 110 -2 -24 0
87328 -111 2 0
87328 -111 25 0
87328 111 -2 -25 0
87328 -112 2 0
87328 -112 26 0
87328 112 -2 -26 0
87328 -113 2 0
87328 -113 27 0
87328 113 -2 -27 0
87328 -114 2 0
87328 -114 28 0
87328 114 -2 -28 0
87328 -115 2 0
87328 -115 29 0
87328 115 -2 -29 0
87328 -116 2 0
87328 -116 30 0
87328 116 -2 -30 0
87328 -117 2 0
87328 -117 31 0
87328 117 -2 -31 0
87328 -118 2 0
87328 -118 32 0
87328 118 -2 -32 0
87328 -119 2 0
87328 -119 33 0
87328 119 -2 -33 0
87328 -120 2 0
87328 -120 34 0
87328 120 -2 -34 0
87328 -121 2 0
87328 -121 35 0
87328 121 -2 -35 0
87328 -122 2 0
87328 -122 36 0
87328 122 -2 -36 0
87328 -123 2 0
87328 -123 37 0
87328 123 -2 -37 0
87328 -124 2 0
87328 -124 38 0
87328 124 -2 -38 0
87328 -125 2 0
87328 -125 39 0
87328 125 -2 -39 0
87328 -126 2 0
87328 -126 40 0
87328 126 -2 -40 0
87328 -127 2 0
87328 -127 41 0
87328 127 -2 -41 0
87328 -128 2 0
87328 -128 42 0
87328 128 -2 -42 0
87328 -129 2 0
87328 -129 43 0
87328 129 -2 -43 0
87328 -130 2 0
87328 -130 44 0
87328 130 -2 -44 0
87328 -131 3 0
87328 -131 4 0
87328 131 -3 -4 0
87328 -132 3 0
87328 -132 5 0
87328 132 -3 -5 0
87328 -133 3 0
87328 -133 6 0
87328 133 -3 -6 0
87328 -134 3 0
87328 -134 7 0
87328 134 -3 -7 0
87328 -135 3 0
87328 -135 8 0
87328 135 -3 -8 0
87328 -136 3 0
87328 -136 9 0
87328 136 -3 -9 0
87328 -137 3 0
87328 -137 10 0
87328 137 -3 -10 0
87328 -138 3 0
87328 -138 11 0
87328 138 -3 -11 0
87328 -139 3 0
87328 -139 12 0
87328 139 -3 -12 0
87328 -140 3 0
87328 -140 13 0
87328 140 -3 -13 0
87328 -141 3 0
87328 -141 14 0
87328 141 -3 -14 0
87328 -142 3 0
87328 -142 15 0
87328 142 -3 -15 0
87328 -143 3 0
87328 -143 16 0
87328 143 -3 -16 0
87328 -144 3 0
87328 -144 17 0
87328 144 -3 -17 0
87328 -145 3 0
87328 -145 18 0
87328 145 -3 -18 0
87328 -146 3 0
87328 -146 19 0
87328 146 -3 -19 0
87328 -147 3 0
87328 -147 20 0
87328 147 -3 -20 0
87328 -148 3 0
87328 -148 21 0
87328 148 -3 -21 0
87328 -149 3 0
87328 -149 22 0
87328 149 -3 -22 0
87328 -150 3 0
87328 -150 23 0
87328 150 -3 -23 0
87328 -151 3 0
87328 -151 24 0
87328 151 -3 -24 0
87328 -152 3 0
87328 -152 25 0
87328 152 -3 -25 0
87328 -153 3 0
87328 -153 26 0
87328 153 -3 -26 0
87328 -154 3 0
87328 -154 27 0
87328 154 -3 -27 0
87328 -155 3 0
87328 -155 28 0
87328 155 -3 -28 0
87328 -156 3 0
87328 -156 29 0
87328 156 -3 -29 0
87328 -157 3 0
87328 -157 30 0
87328 157 -3 -30 0
87328 -158 3 0
87328 -158 31 0
87328 158 -3 -31 0
87328 -159 3 0
87328 -159 32 0
87328 159 -3 -32 0
87328 -160 3 0
87328 -160 33 0
87328 160 -3 -33 0
87328 -161 3 0
87328 -161 34 0
87328 161 -3 -34 0
87328 -162 3 0
87328 -162 35 0
87328 162 -3 -35 0
87328 -163 3 0
87328 -163 36 0
87328 163 -3 -36 0
87328 -164 3 0
87328 -164 37 0
87328 164 -3 -37 0
87328 -165 3 0
87328 -165 38 0
87328 165 -3 -38 0
87328 -166 3 0
87328 -166 39 0
87328 166 -3 -39 0
87328 -167 3 0
87328 -167 40 0
87328 167 -3 -40 0
87328 -168 3 0
87328 -168 41 0
87328 168 -3 -41 0
87328 -169 3 0
87328 -169 42 0
87328 169 -3 -42 0
87328 -170 3 0
87328 -170 43 0
87328 170 -3 -43 0
87328 -171 3 0
87328 -171 44 0
87328 171 -3 -44 0
87328 -172 4 0
87328 -172 5 0
87328 172 -4 -5 0
87328 -173 4 0
87328 -173 6 0
87328 173 -4 -6 0
87328 -174 4 0
87328 -174 7 0
87328 174 -4 -7 0
87328 -175 4 0
87328 -175 8 0
87328 175 -4 -8 0
87328 -176 4 0
87328 -176 9 0
87328 176 -4 -9 0
87328 -177 4 0
87328 -177 10 0
87328 177 -4 -10 0
87328 -178 4 0
87328 -178 11 0
87328 178 -4 -11 0
87328 -179 4 0
87328 -179 12 0
87328 179 -4 -12 0
87328 -180 4 0
87328 -180 13 0
87328 180 -4 -13 0
87328 -181 4 0
87328 -181 14 0
87328 181 -4 -14 0
87328 -182 4 0
87328 -182 15 0
87328 182 -4 -15 0
87328 -183 4 0
87328 -183 16 0
87328 183 -4 -16 0
87328 -184 4 0
87328 -184 17 0
87328 184 -4 -17 0
87328 -185 4 0
87328 -185 18 0
87328 185 -4 -18 0
87328 -186 4 0
87328 -186 19 0
87328 186 -4 -19 0
87328 -187 4 0
87328 -187 20 0
87328 187 -4 -20 0
87328 -188 4 0
87328 -188 21 0
87328 188 -4 -21 0
87328 -189 4 0
87328 -189 22 0
87328 189 -4 -22 0
87328 -190 4 0
87328 -190 23 0
87328 190 -4 -23 0
87328 -191 4 0
87328 -191 24 0
87328 191 -4 -24 0
87328 -192 4 0
87328 -192 25 0
87328 192 -4 -25 0
87328 -193 4 0
87328 -193 26 0
87328 193 -4 -26 0
87328 -194 4 0
87328 -194 27 0
87328 194 -4 -27 0
87328 -195 4 0
87328 -195 28 0
87328 195 -4 -28 0
87328 -196 4 0
87328 -196 29 0
87328 196 -4 -29 0
87328 -197 4 0
87328 -197 30 0
87328 197 -4 -30 0
87328 -198 4 0
87328 -198 31 0
87328 198 -4 -31 0
87328 -199 4 0
87328 -199 32 0
87328 199 -4 -32 0
87328 -200 4 0
87328 -200 33 0
87328 200 -4 -33 0
87328 -201 4 0
87328 -201 34 0
87328 201 -4 -34 0
87328 -202 4 0
87328 -202 35 0
87328 202 -4 -35 0
87328 -203 4 0
87328 -203 36 0
87328 203 -4 -36 0
87328 -204 4 0
87328 -204 37 0
87328 204 -4 -37 0
87328 -205 4 0
87328 -205 38 0
87328 205 -4 -38 0
87328 -206 4 0
87328 -206 39 0
87328 206 -4 -39 0
87328 -207 4 0
87328 -207 40 0
87328 207 -4 -40 0
87328 -208 4 0
87328 -208 41 0
87328 208 -4 -41 0
87328 -209 4 0
87328 -209 42 0
87328 209 -4 -42 0
87328 -210 4 0
87328 -210 43 0
87328 210 -4 -43 0
87328 -211 4 0
87328 -211 44 0
87328 211 -4 -44 0
87328 -212 5 0
87328 -212 6 0
87328 212 -5 -6 0
87328 -213 5 0
87328 -213 7 0
87328 213 -5 -7 0
87328 -214 5 0
87328 -214 8 0
87328 214 -5 -8 0
87328 -215 5 0
87328 -215 9 0
87328 215 -5 -9 0
87328 -216 5 0
87328 -216 10 0
87328 216 -5 -10 0
87328 -217 5 0
87328 -217 11 0
87328 217 -5 -11 0
87328 -218 5 0
87328 -218 12 0
87328 218 -5 -12 0
87328 -219 5 0
87328 -219 13 0
87328 219 -5 -13 0
87328 -220 5 0
87328 -220 14 0
87328 220 -5 -14 0
87328 -221 5 0
87328 -221 15 0
87328 221 -5 -15 0
87328 -222 5 0
87328 -222 16 0
87328 222 -5 -16 0
87328 -223 5 0
87328 -223 17 0
87328 223 -5 -17 0
87328 -224 5 0
87328 -224 18 0
87328 224 -5 -18 0
87328 -225 5 0
87328 -225 19 0
87328 225 -5 -19 0
87328 -226 5 0
87328 -226 20 0
87328 226 -5 -20 0
87328 -227 5 0
87328 -227 21 0
87328 227 -5 -21 0
87328 -228 5 0
87328 -228 22 0
87328 228 -5 -22 0
87328 -229 5 0
87328 -229 23 0
87328 229 -5 -23 0
87328 -230 5 0
87328 -230 24 0
87328 230 -5 -24 0
87328 -231 5 0
87328 -231 25 0
87328 231 -5 -25 0
87328 -232 5 0
87328 -232 26 0
87328 232 -5 -26 0
87328 -233 5 0
87328 -233 27 0
87328 233 -5 -27 0
87328 -234 5 0
87328 -234 28 0
87328 234 -5 -28 0
87328 -235 5 0
87328 -235 29 0
87328 235 -5 -29 0
87328 -236 5 0
87328 -236 30 0
87328 236 -5 -30 0
87328 -237 5 0
87328 -237 31 0
87328 237 -5 -31 0
87328 -238 5 0
87328 -238 32 0
87328 238 -5 -32 0
87328 -239 5 0
87328 -239 33 0
87328 239 -5 -33 0
87328 -240 5 0
87328 -240 34 0
87328 240 -5 -34 0
87328 -241 5 0
87328 -241 35 0
87328 241 -5 -35 0
87328 -242 5 0
87328 -242 36 0
87328 242 -5 -36 0
87328 -243 5 0
87328 -243 37 0
87328 243 -5 -37 0
87328 -244 5 0
87328 -244 38 0
87328 244 -5 -38 0
87328 -245 5 0
87328 -245 39 0
87328 245 -5 -39 0
87328 -246 5 0
87328 -246 40 0
87328 246 -5 -40 0
87328 -247 5 0
87328 -247 41 0
87328 247 -5 -41 0
87328 -248 5 0
87328 -248 42 0
87328 248 -5 -42 0
87328 -249 5 0
87328 -249 43 0
87328 249 -5 -43 0
87328 -250 5 0
87328 -250 44 0
87328 250 -5 -44 0
87328 -251 6 0
87328 -251 7 0
87328 251 -6 -7 0
87328 -252 6 0
87328 -252 8 0
87328 252 -6 -8 0
87328 -253 6 0
87328 -253 9 0
87328 253 -6 -9 0
87328 -254 6 0
87328 -254 10 0
87328 254 -6 -10 0
87328 -255 6 0
87328 -255 11 0
87328 255 -6 -11 0
87328 -256 6 0
87328 -256 12 0
87328 256 -6 -12 0
87328 -257 6 0
87328 -257 13 0
87328 257 -6 -13 0
87328 -258 6 0
87328 -258 14 0
87328 258 -6 -14 0
87328 -259 6 0
87328 -259 15 0
87328 259 -6 -15 0
87328 -260 6 0
87328 -260 16 0
87328 260 -6 -16 0
87328 -261 6 0
87328 -261 17 0
87328 261 -6 -17 0
87328 -262 6 0
87328 -262 18 0
87328 262 -6 -18 0
87328 -263 6 0
87328 -263 19 0
87328 263 -6 -19 0
87328 -264 6 0
87328 -264 20 0
87328 264 -6 -20 0
87328 -265 6 0
87328 -265 21 0
87328 265 -6 -21 0
87328 -266 6 0
87328 -266 22 0
87328 266 -6 -22 0
87328 -267 6 0
87328 -267 23 0
87328 267 -6 -23 0
87328 -268 6 0
87328 -268 24 0
87328 268 -6 -24 0
87328 -269 6 0
87328 -269 25 0
87328 269 -6 -25 0
87328 -270 6 0
87328 -270 26 0
87328 270 -6 -26 0
87328 -271 6 0
87328 -271 27 0
87328 271 -6 -27 0
87328 -272 6 0
87328 -272 28 0
87328 272 -6 -28 0
87328 -273 6 0
87328 -273 29 0
87328 273 -6 -29 0
87328 -274 6 0
87328 -274 30 0
87328 274 -6 -30 0
87328 -275 6 0
87328 -275 31 0
87328 275 -6 -31 0
87328 -276 6 0
87328 -276 32 0
87328 276 -6 -32 0
87328 -277 6 0
87328 -277 33 0
87328 277 -6 -33 0
87328 -278 6 0
87328 -278 34 0
87328 278 -6 -34 0
87328 -279 6 0
87328 -279 35 0
87328 279 -6 -35 0
87328 -280 6 0
87328 -280 36 0
87328 280 -6 -36 0
87328 -281 6 0
87328 -281 37 0
87328 281 -6 -37 0
87328 -282 6 0
87328 -282 38 0
87328 282 -6 -38 0
87328 -283 6 0
87328 -283 39 0
87328 283 -6 -39 0
87328 -284 6 0
87328 -284 40 0
87328 284 -6 -40 0
87328 -285 6 0
87328 -285 41 0
87328 285 -6 -41 0
87328 -286 6 0
87328 -286 42 0
87328 286 -6 -42 0
87328 -287 6 0
87328 -287 43 0
87328 287 -6 -43 0
87328 -288 6 0
87328 -288 44 0
87328 288 -6 -44 0
87328 -289 7 0
87328 -289 8 0
87328 289 -7 -8 0
87328 -290 7 0
87328 -290 9 0
87328 290 -7 -9 0
87328 -291 7 0
87328 -291 10 0
87328 291 -7 -10 0
87328 -292 7 0
87328 -292 11 0
87328 292 -7 -11 0
87328 -293 7 0
87328 -293 12 0
87328 293 -7 -12 0
87328 -294 7 0
87328 -294 13 0
87328 294 -7 -13 0
87328 -295 7 0
87328 -295 14 0
87328 295 -7 -14 0
87328 -296 7 0
87328 -296 15 0
87328 296 -7 -15 0
87328 -297 7 0
87328 -297 16 0
87328 297 -7 -16 0
87328 -298 7 0
87328 -298 17 0
87328 298 -7 -17 0
87328 -299 7 0
87328 -299 18 0
87328 299 -7 -18 0
87328 -300 7 0
87328 -300 19 0
87328 300 -7 -19 0
87328 -301 7 0
87328 -301 20 0
87328 301 -7 -20 0
87328 -302 7 0
87328 -302 21 0
87328 302 -7 -21 0
87328 -303 7 0
87328 -303 22 0
87328 303 -7 -22 0
87328 -304 7 0
87328 -304 23 0
87328 304 -7 -23 0
87328 -305 7 0
87328 -305 24 0
87328 305 -7 -24 0
87328 -306 7 0
87328 -306 25 0
87328 306 -7 -25 0
87328 -307 7 0
87328 -307 26 0
87328 307 -7 -26 0
87328 -308 7 0
87328 -308 27 0
87328 308 -7 -27 0
87328 -309 7 0
87328 -309 28 0
87328 309 -7 -28 0
87328 -310 7 0
87328 -310 29 0
87328 310 -7 -29 0
87328 -311 7 0
87328 -311 30 0
87328 311 -7 -30 0
87328 -312 7 0
87328 -312 31 0
87328 312 -7 -31 0
87328 -313 7 0
87328 -313 32 0
87328 313 -7 -32 0
87328 -314 7 0
87328 -314 33 0
87328 314 -7 -33 0
87328 -315 7 0
87328 -315 34 0
87328 315 -7 -34 0
87328 -316 7 0
87328 -316 35 0
87328 316 -7 -35 0
87328 -317 7 0
87328 -317 36 0
87328 317 -7 -36 0
87328 -318 7 0
87328 -318 37 0
87328 318 -7 -37 0
87328 -319 7 0
87328 -319 38 0
87328 319 -7 -38 0
87328 -320 7 0
87328 -320 39 0
87328 320 -7 -39 0
87328 -321 7 0
87328 -321 40 0
87328 321 -7 -40 0
87328 -322 7 0
87328 -322 41 0
87328 322 -7 -41 0
87328 -323 7 0
87328 -323 42 0
87328 323 -7 -42 0
87328 -324 7 0
87328 -324 43 0
87328 324 -7 -43 0
87328 -325 7 0
87328 -325 44 0
87328 325 -7 -44 0
87328 -326 8 0
87328 -326 9 0
87328 326 -8 -9 0
87328 -327 8 0
87328 -327 10 0
87328 327 -8 -10 0
87328 -328 8 0
87328 -328 11 0
87328 328 -8 -11 0
87328 -329 8 0
87328 -329 12 0
87328 329 -8 -12 0
87328 -330 8 0
87328 -330 13 0
87328 330 -8 -13 0
87328 -331 8 0
87328 -331 14 0
87328 331 -8 -14 0
87328 -332 8 0
87328 -332 15 0
87328 332 -8 -15 0
87328 -333 8 0
87328 -333 16 0
87328 333 -8 -16 0
87328 -334 8 0
87328 -334 17 0
87328 334 -8 -17 0
87328 -335 8 0
87328 -335 18 0
87328 335 -8 -18 0
87328 -336 8 0
87328 -336 19 0
87328 336 -8 -19 0
87328 -337 8 0
87328 -337 20 0
87328 337 -8 -20 0
87328 -338 8 0
87328 -338 21 0
87328 338 -8 -21 0
87328 -339 8 0
87328 -339 22 0
87328 339 -8 -22 0
87328 -340 8 0
87328 -340 23 0
87328 340 -8 -23 0
87328 -341 8 0
87328 -341 24 0
87328 341 -8 -24 0
87328 -342 8 0
87328 -342 25 0
87328 342 -8 -25 0
87328 -343 8 0
87328 -343 26 0
87328 343 -8 -26 0
87328 -344 8 0
87328 -344 27 0
87328 344 -8 -27 0
87328 -345 8 0
87328 -345 28 0
87328 345 -8 -28 0
87328 -346 8 0
87328 -346 29 0
87328 346 -8 -29 0
87328 -347 8 0
87328 -347 30 0
87328 347 -8 -30 0
87328 -348 8 0
87328 -348 31 0
87328 348 -8 -31 0
87328 -349 8 0
87328 -349 32 0
87328 349 -8 -32 0
87328 -350 8 0
87328 -350 33 0
87328 350 -8 -33 0
87328 -351 8 0
87328 -351 34 0
87328 351 -8 -34 0
87328 -352 8 0
87328 -352 35 0
87328 352 -8 -35 0
87328 -353 8 0
87328 -353 36 0
87328 353 -8 -36 0
87328 -354 8 0
87328 -354 37 0
87328 354 -8 -37 0
87328 -355 8 0
87328 -355 38 0
87328 355 -8 -38 0
87328 -356 8 0
87328 -356 39 0
87328 356 -8 -39 0
87328 -357 8 0
87328 -357 40 0
87328 357 -8 -40 0
87328 -358 8 0
87328 -358 41 0
87328 358 -8 -41 0
87328 -359 8 0
87328 -359 42 0
87328 359 -8 -42 0
87328 -360 8 0
87328 -360 43 0
87328 360 -8 -43 0
87328 -361 8 0
87328 -361 44 0
87328 361 -8 -44 0
87328 -362 9 0
87328 -362 10 0
87328 362 -9 -10 0
87328 -363 9 0
87328 -363 11 0
87328 363 -9 -11 0
87328 -364 9 0
87328 -364 12 0
87328 364 -9 -12 0
87328 -365 9 0
87328 -365 13 0
87328 365 -9 -13 0
87328 -366 9 0
87328 -366 14 0
87328 366 -9 -14 0
87328 -367 9 0
87328 -367 15 0
87328 367 -9 -15 0
87328 -368 9 0
87328 -368 16 0
87328 368 -9 -16 0
87328 -369 9 0
87328 -369 17 0
87328 369 -9 -17 0
87328 -370 9 0
87328 -370 18 0
87328 370 -9 -18 0
87328 -371 9 0
87328 -371 19 0
87328 371 -9 -19 0
87328 -372 9 0
87328 -372 20 0
87328 372 -9 -20 0
87328 -373 9 0
87328 -373 21 0
87328 373 -9 -21 0
87328 -374 9 0
87328 -374 22 0
87328 374 -9 -22 0
87328 -375 9 0
87328 -375 23 0
87328 375 -9 -23 0
87328 -376 9 0
87328 -376 24 0
87328 376 -9 -24 0
87328 -377 9 0
87328 -377 25 0
87328 377 -9 -25 0
87328 -378 9 0
87328 -378 26 0
87328 378 -9 -26 0
87328 -379 9 0
87328 -379 27 0
87328 379 -9 -27 0
87328 -380 9 0
87328 -380 28 0
87328 380 -9 -28 0
87328 -381 9 0
87328 -381 29 0
87328 381 -9 -29 0
87328 -382 9 0
87328 -382 30 0
87328 382 -9 -30 0
87328 -383 9 0
87328 -383 31 0
87328 383 -9 -31 0
87328 -384 9 0
87328 -384 32 0
87328 384 -9 -32 0
87328 -385 9 0
87328 -385 33 0
87328 385 -9 -33 0
87328 -386 9 0
87328 -386 34 0
87328 386 -9 -34 0
87328 -387 9 0
87328 -387 35 0
87328 387 -9 -35 0
87328 -388 9 0
87328 -388 36 0
87328 388 -9 -36 0
87328 -389 9 0
87328 -389 37 0
87328 389 -9 -37 0
87328 -390 9 0
87328 -390 38 0
87328 390 -9 -38 0
87328 -391 9 0
87328 -391 39 0
87328 391 -9 -39 0
87328 -392 9 0
87328 -392 40 0
87328 392 -9 -40 0
87328 -393 9 0
87328 -393 41 0
87328 393 -9 -41 0
87328 -394 9 0
87328 -394 42 0
87328 394 -9 -42 0
87328 -395 9 0
87328 -395 43 0
87328 395 -9 -43 0
87328 -396 9 0
87328 -396 44 0
87328 396 -9 -44 0
87328 -397 10 0
87328 -397 11 0
87328 397 -10 -11 0
87328 -398 10 0
87328 -398 12 0
87328 398 -10 -12 0
87328 -399 10 0
87328 -399 13 0
87328 399 -10 -13 0
87328 -400 10 0
87328 -400 14 0
87328 400 -10 -14 0
87328 -401 10 0
87328 -401 15 0
87328 401 -10 -15 0
87328 -402 10 0
87328 -402 16 0
87328 402 -10 -16 0
87328 -403 10 0
87328 -403 17 0
87328 403 -10 -17 0
87328 -404 10 0
87328 -404 18 0
87328 404 -10 -18 0
87328 -405 10 0
87328 -405 19 0
87328 405 -10 -19 0
87328 -406 10 0
87328 -406 20 0
87328 406 -10 -20 0
87328 -407 10 0
87328 -407 21 0
87328 407 -10 -21 0
87328 -408 10 0
87328 -408 22 0
87328 408 -10 -22 0
87328 -409 10 0
87328 -409 23 0
87328 409 -10 -23 0
87328 -410 10 0
87328 -410 24 0
87328 410 -10 -24 0
87328 -411 10 0
87328 -411 25 0
87328 411 -10 -25 0
87328 -412 10 0
87328 -412 26 0
87328 412 -10 -26 0
87328 -413 10 0
87328 -413 27 0
87328 413 -10 -27 0
87328 -414 10 0
87328 -414 28 0
87328 414 -10 -28 0
87328 -415 10 0
87328 -415 29 0
87328 415 -10 -29 0
87328 -416 10 0
87328 -416 30 0
87328 416 -10 -30 0
87328 -417 10 0
87328 -417 31 0
87328 417 -10 -31 0
87328 -418 10 0
87328 -418 32 0
87328 418 -10 -32 0
87328 -419 10 0
87328 -419 33 0
87328 419 -10 -33 0
87328 -420 10 0
87328 -420 34 0
87328 420 -10 -34 0
87328 -421 10 0
87328 -421 35 0
87328 421 -10 -35 0
87328 -422 10 0
87328 -422 36 0
87328 422 -10 -36 0
87328 -423 10 0
87328 -423 37 0
87328 423 -10 -37 0
87328 -424 10 0
87328 -424 38 0
87328 424 -10 -38 0
87328 -425 10 0
87328 -425 39 0
87328 425 -10 -39 0
87328 -426 10 0
87328 -426 40 0
87328 426 -10 -40 0
87328 -427 10 0
87328 -427 41 0
87328 427 -10 -41 0
87328 -428 10 0
87328 -428 42 0
87328 428 -10 -42 0
87328 -429 10 0
87328 -429 43 0
87328 429 -10 -43 0
87328 -430 10 0
87328 -430 44 0
87328 430 -10 -44 0
87328 -431 11 0
87328 -431 12 0
87328 431 -11 -12 0
87328 -432 11 0
87328 -432 13 0
87328 432 -11 -13 0
87328 -433 11 0
87328 -433 14 0
87328 433 -11 -14 0
87328 -434 11 0
87328 -434 15 0
87328 434 -11 -15 0
87328 -435 11 0
87328 -435 16 0
87328 435 -11 -16 0
87328 -436 11 0
87328 -436 17 0
87328 436 -11 -17 0
87328 -437 11 0
87328 -437 18 0
87328 437 -11 -18 0
87328 -438 11 0
87328 -438 19 0
87328 438 -11 -19 0
87328 -439 11 0
87328 -439 20 0
87328 439 -11 -20 0
87328 -440 11 0
87328 -440 21 0
87328 440 -11 -21 0
87328 -441 11 0
87328 -441 22 0
87328 441 -11 -22 0
87328 -442 11 0
87328 -442 23 0
87328 442 -11 -23 0
87328 -443 11 0
87328 -443 24 0
87328 443 -11 -24 0
87328 -444 11 0
87328 -444 25 0
87328 444 -11 -25 0
87328 -445 11 0
87328 -445 26 0
87328 445 -11 -26 0
87328 -446 11 0
87328 -446 27 0
87328 446 -11 -27 0
87328 -447 11 0
87328 -447 28 0
87328 447 -11 -28 0
87328 -448 11 0
87328 -448 29 0
87328 448 -11 -29 0
87328 -449 11 0
87328 -449 30 0
87328 449 -11 -30 0
87328 -450 11 0
87328 -450 31 0
87328 450 -11 -31 0
87328 -451 11 0
87328 -451 32 0
87328 451 -11 -32 0
87328 -452 11 0
87328 -452 33 0
87328 452 -11 -33 0
87328 -453 11 0
87328 -453 34 0
87328 453 -11 -34 0
87328 -454 11 0
87328 -454 35 0
87328 454 -11 -35 0
87328 -455 11 0
87328 -455 36 0
87328 455 -11 -36 0
87328 -456 11 0
87328 -456 37 0
87328 456 -11 -37 0
87328 -457 11 0
87328 -457 38 0
87328 457 -11 -38 0
87328 -458 11 0
87328 -458 39 0
87328 458 -11 -39 0
87328 -459 11 0
87328 -459 40 0
87328 459 -11 -40 0
87328 -460 11 0
87328 -460 41 0
87328 460 -11 -41 0
87328 -461 11 0
87328 -461 42 0
87328 461 -11 -42 0
87328 -462 11 0
87328 -462 43 0
87328 462 -11 -43 0
87328 -463 11 0
87328 -463 44 0
87328 463 -11 -44 0
87328 -464 12 0
87328 -464 13 0
87328 464 -12 -13 0
87328 -465 12 0
87328 -465 14 0
87328 465 -12 -14 0
87328 -466 12 0
87328 -466 15 0
87328 466 -12 -15 0
87328 -467 12 0
87328 -467 16 0
87328 467 -12 -16 0
87328 -468 12 0
87328 -468 17 0
87328 468 -12 -17 0
87328 -469 12 0
87328 -469 18 0
87328 469 -12 -18 0
87328 -470 12 0
87328 -470 19 0
87328 470 -12 -19 0
87328 -471 12 0
87328 -471 20 0
87328 471 -12 -20 0
87328 -472 12 0
87328 -472 21 0
87328 472 -12 -21 0
87328 -473 12 0
87328 -473 22 0
87328 473 -12 -22 0
87328 -474 12 0
87328 -474 23 0
87328 474 -12 -23 0
87328 -475 12 0
87328 -475 24 0
87328 475 -12 -24 0
87328 -476 12 0
87328 -476 25 0
87328 476 -12 -25 0
87328 -477 12 0
87328 -477 26 0
87328 477 -12 -26 0
87328 -478 12 0
87328 -478 27 0
87328 478 -12 -27 0
87328 -479 12 0
87328 -479 28 0
87328 479 -12 -28 0
87328 -480 12 0
87328 -480 29 0
87328 480 -12 -29 0
87328 -481 12 0
87328 -481 30 0
87328 481 -12 -30 0
87328 -482 12 0
87328 -482 31 0
87328 482 -12 -31 0
87328 -483 12 0
87328 -483 32 0
87328 483 -12 -32 0
87328 -484 12 0
87328 -484 33 0
87328 484 -12 -33 0
87328 -485 12 0
87328 -485 34 0
87328 485 -12 -34 0
87328 -486 12 0
87328 -486 35 0
87328 486 -12 -35 0
87328 -487 12 0
87328 -487 36 0
87328 487 -12 -36 0
87328 -488 12 0
87328 -488 37 0
87328 488 -12 -37 0
87328 -489 12 0
87328 -489 38 0
87328 489 -12 -38 0
87328 -490 12 0
87328 -490 39 0
87328 490 -12 -39 0
87328 -491 12 0
87328 -491 40 0
87328 491 -12 -40 0
87328 -492 12 0
87328 -492 41 0
87328 492 -12 -41 0
87328 -493 12 0
87328 -493 42 0
87328 493 -12 -42 0
87328 -494 12 0
87328 -494 43 0
87328 494 -12 -43 0
87328 -495 12 0
87328 -495 44 0
87328 495 -12 -44 0
87328 -496 13 0
87328 -496 14 0
87328 496 -13 -14 0
87328 -497 13 0
87328 -497 15 0
87328 497 -13 -15 0
87328 -498 13 0
87328 -498 16 0
87328 498 -13 -16 0
87328 -499 13 0
87328 -499 17 0
87328 499 -13 -17 0
87328 -500 13 0
87328 -500 18 0
87328 500 -13 -18 0
87328 -501 13 0
87328 -501 19 0
87328 501 -13 -19 0
87328 -502 13 0
87328 -502 20 0
87328 502 -13 -20 0
87328 -503 13 0
87328 -503 21 0
87328 503 -13 -21 0
87328 -504 13 0
87328 -504 22 0
87328 504 -13 -22 0
87328 -505 13 0
87328 -505 23 0
87328 505 -13 -23 0
87328 -506 13 0
87328 -506 24 0
87328 506 -13 -24 0
87328 -507 13 0
87328 -507 25 0
87328 507 -13 -25 0
87328 -508 13 0
87328 -508 26 0
87328 508 -13 -26 0
87328 -509 13 0
87328 -509 27 0
87328 509 -13 -27 0
87328 -510 13 0
87328 -510 28 0
87328 510 -13 -28 0
87328 -511 13 0
87328 -511 29 0
87328 511 -13 -29 0
87328 -512 13 0
87328 -512 30 0
87328 512 -13 -30 0
87328 -513 13 0
87328 -513 31 0
87328 513 -13 -31 0
87328 -514 13 0
87328 -514 32 0
87328 514 -13 -32 0
87328 -515 13 0
87328 -515 33 0
87328 515 -13 -33 0
87328 -516 13 0
87328 -516 34 0
87328 516 -13 -34 0
87328 -517 13 0
87328 -517 35 0
87328 517 -13 -35 0
87328 -518 13 0
87328 -518 36 0
87328 518 -13 -36 0
87328 -519 13 0
87328 -519 37 0
87328 519 -13 -37 0
87328 -520 13 0
87328 -520 38 0
87328 520 -13 -38 0
87328 -521 13 0
87328 -521 39 0
87328 521 -13 -39 0
87328 -522 13 0
87328 -522 40 0
87328 522 -13 -40 0
87328 -523 13 0
87328 -523 41 0
87328 523 -13 -41 0
87328 -524 13 0
87328 -524 42 0
87328 524 -13 -42 0
87328 -525 13 0
87328 -525 43 0
87328 525 -13 -43 0
87328 -526 13 0
87328 -526 44 0
87328 526 -13 -44 0
87328 -527 14 0
87328 -527 15 0
87328 527 -14 -15 0
87328 -528 14 0
87328 -528 16 0
87328 528 -14 -16 0
87328 -529 14 0
87328 -529 17 0
87328 529 -14 -17 0
87328 -530 14 0
87328 -530 18 0
87328 530 -14 -18 0
87328 -531 14 0
87328 -531 19 0
87328 531 -14 -19 0
87328 -532 14 0
87328 -532 20 0
87328 532 -14 -20 0
87328 -533 14 0
87328 -533 21 0
87328 533 -14 -21 0
87328 -534 14 0
87328 -534 22 0
87328 534 -14 -22 0
87328 -535 14 0
87328 -535 23 0
87328 535 -14 -23 0
87328 -536 14 0
87328 -536 24 0
87328 536 -14 -24 0
87328 -537 14 0
87328 -537 25 0
87328 537 -14 -25 0
87328 -538 14 0
87328 -538 26 0
87328 538 -14 -26 0
87328 -539 14 0
87328 -539 27 0
87328 539 -14 -27 0
87328 -540 14 0
87328 -540 28 0
87328 540 -14 -28 0
87328 -541 14 0
87328 -541 29 0
87328 541 -14 -29 0
87328 -542 14 0
87328 -542 30 0
87328 542 -14 -30 0
87328 -543 14 0
87328 -543 31 0
87328 543 -14 -31 0
87328 -544 14 0
87328 -544 32 0
87328 544 -14 -32 0
87328 -545 14 0
87328 -545 33 0
87328 545 -14 -33 0
87328 -546 14 0
87328 -546 34 0
87328 546 -14 -34 0
87328 -547 14 0
87328 -547 35 0
87328 547 -14 -35 0
87328 -548 14 0
87328 -548 36 0
87328 548 -14 -36 0
87328 -549 14 0
87328 -549 37 0
87328 549 -14 -37 0
87328 -550 14 0
87328 -550 38 0
87328 550 -14 -38 0
87328 -551 14 0
87328 -551 39 0
87328 551 -14 -39 0
87328 -552 14 0
87328 -552 40 0
87328 552 -14 -40 0
87328 -553 14 0
87328 -553 41 0
87328 553 -14 -41 0
87328 -554 14 0
87328 -554 42 0
87328 554 -14 -42 0
87328 -555 14 0
87328 -555 43 0
87328 555 -14 -43 0
87328 -556 14 0
87328 -556 44 0
87328 556 -14 -44 0
87328 -557 15 0
87328 -557 16 0
87328 557 -15 -16 0
87328 -558 15 0
87328 -558 17 0
87328 558 -15 -17 0
87328 -559 15 0
87328 -559 18 0
87328 559 -15 -18 0
87328 -560 15 0
87328 -560 19 0
87328 560 -15 -19 0
87328 -561 15 0
87328 -561 20 0
87328 561 -15 -20 0
87328 -562 15 0
87328 -562 21 0
87328 562 -15 -21 0
87328 -563 15 0
87328 -563 22 0
87328 563 -15 -22 0
87328 -564 15 0
87328 -564 23 0
87328 564 -15 -23 0
87328 -565 15 0
87328 -565 24 0
87328 565 -15 -24 0
87328 -566 15 0
87328 -566 25 0
87328 566 -15 -25 0
87328 -567 15 0
87328 -567 26 0
87328 567 -15 -26 0
87328 -568 15 0
87328 -568 27 0
87328 568 -15 -27 0
87328 -569 15 0
87328 -569 28 0
87328 569 -15 -28 0
87328 -570 15 0
87328 -570 29 0
87328 570 -15 -29 0
87328 -571 15 0
87328 -571 30 0
87328 571 -15 -30 0
87328 -572 15 0
87328 -572 31 0
87328 572 -15 -31 0
87328 -573 15 0
87328 -573 32 0
87328 573 -15 -32 0
87328 -574 15 0
87328 -574 33 0
87328 574 -15 -33 0
87328 -575 15 0
87328 -575 34 0
87328 575 -15 -34 0
87328 -576 15 0
87328 -576 35 0
87328 576 -15 -35 0
87328 -577 15 0
87328 -577 36 0
87328 577 -15 -36 0
87328 -578 15 0
87328 -578 37 0
87328 578 -15 -37 0
87328 -579 15 0
87328 -579 38 0
87328 579 -15 -38 0
87328 -580 15 0
87328 -580 39 0
87328 580 -15 -39 0
87328 -581 15 0
87328 -581 40 0
87328 581 -15 -40 0
87328 -582 15 0
87328 -582 41 0
87328 582 -15 -41 0
87328 -583 15 0
87328 -583 42 0
87328 583 -15 -42 0
87328 -584 15 0
87328 -584 43 0
87328 584 -15 -43 0
87328 -585 15 0
87328 -585 44 0
87328 585 -15 -44 0
87328 -586 16 0
87328 -586 17 0
87328 586 -16 -17 0
87328 -587 16 0
87328 -587 18 0
87328 587 -16 -18 0
87328 -588 16 0
87328 -588 19 0
87328 588 -16 -19 0
87328 -589 16 0
87328 -589 20 0
87328 589 -16 -20 0
87328 -590 16 0
87328 -590 21 0
87328 590 -16 -21 0
87328 -591 16 0
87328 -591 22 0
87328 591 -16 -22 0
87328 -592 16 0
87328 -592 23 0
87328 592 -16 -23 0
87328 -593 16 0
87328 -593 24 0
87328 593 -16 -24 0
87328 -594 16 0
87328 -594 25 0
87328 594 -16 -25 0
87328 -595 16 0
87328 -595 26 0
87328 595 -16 -26 0
87328 -596 16 0
87328 -596 27 0
87328 596 -16 -27 0
87328 -597 16 0
87328 -597 28 0
87328 597 -16 -28 0
87328 -598 16 0
87328 -598 29 0
87328 598 -16 -29 0
87328 -599 16 0
87328 -599 30 0
87328 599 -16 -30 0
87328 -600 16 0
87328 -600 31 0
87328 600 -16 -31 0
87328 -601 16 0
87328 -601 32 0
87328 601 -16 -32 0
87328 -602 16 0
87328 -602 33 0
87328 602 -16 -33 0
87328 -603 16 0
87328 -603 34 0
87328 603 -16 -34 0
87328 -604 16 0
87328 -604 35 0
87328 604 -16 -35 0
87328 -605 16 0
87328 -605 36 0
87328 605 -16 -36 0
87328 -606 16 0
87328 -606 37 0
87328 606 -16 -37 0
87328 -607 16 0
87328 -607 38 0
87328 607 -16 -38 0
87328 -608 16 0
87328 -608 39 0
87328 608 -16 -39 0
87328 -609 16 0
87328 -609 40 0
87328 609 -16 -40 0
87328 -610 16 0
87328 -610 41 0
87328 610 -16 -41 0
87328 -611 16 0
87328 -611 42 0
87328 611 -16 -42 0
87328 -612 16 0
87328 -612 43 0
87328 612 -16 -43 0
87328 -613 16 0
87328 -613 44 0
87328 613 -16 -44 0
87328 -614 17 0
87328 -614 18 0
87328 614 -17 -18 0
87328 -615 17 0
87328 -615 19 0
87328 615 -17 -19 0
87328 -616 17 0
87328 -616 20 0
87328 616 -17 -20 0
87328 -617 17 0
87328 -617 21 0
87328 617 -17 -21 0
87328 -618 17 0
87328 -618 22 0
87328 618 -17 -22 0
87328 -619 17 0
87328 -619 23 0
87328 619 -17 -23 0
87328 -620 17 0
87328 -620 24 0
87328 620 -17 -24 0
87328 -621 17 0
87328 -621 25 0
87328 621 -17 -25 0
87328 -622 17 0
87328 -622 26 0
87328 622 -17 -26 0
87328 -623 17 0
87328 -623 27 0
87328 623 -17 -27 0
87328 -624 17 0
87328 -624 28 0
87328 624 -17 -28 0
87328 -625 17 0
87328 -625 29 0
87328 625 -17 -29 0
87328 -626 17 0
87328 -626 30 0
87328 626 -17 -30 0
87328 -627 17 0
87328 -627 31 0
87328 627 -17 -31 0
87328 -628 17 0
87328 -628 32 0
87328 628 -17 -32 0
87328 -629 17 0
87328 -629 33 0
87328 629 -17 -33 0
87328 -630 17 0
87328 -630 34 0
87328 630 -17 -34 0
87328 -631 17 0
87328 -631 35 0
87328 631 -17 -35 0
87328 -632 17 0
87328 -632 36 0
87328 632 -17 -36 0
87328 -633 17 0
87328 -633 37 0
87328 633 -17 -37 0
87328 -634 17 0
87328 -634 38 0
87328 634 -17 -38 0
87328 -635 17 0
87328 -635 39 0
87328 635 -17 -39 0
87328 -636 17 0
87328 -636 40 0
87328 636 -17 -40 0
87328 -637 17 0
87328 -637 41 0
87328 637 -17 -41 0
87328 -638 17 0
87328 -638 42 0
87328 638 -17 -42 0
87328 -639 17 0
87328 -639 43 0
87328 639 -17 -43 0
87328 -640 17 0
87328 -640 44 0
87328 640 -17 -44 0
87328 -641 18 0
87328 -641 19 0
87328 641 -18 -19 0
87328 -642 18 0
87328 -642 20 0
87328 642 -18 -20 0
87328 -643 18 0
87328 -643 21 0
87328 643 -18 -21 0
87328 -644 18 0
87328 -644 22 0
87328 644 -18 -22 0
87328 -645 18 0
87328 -645 23 0
87328 645 -18 -23 0
87328 -646 18 0
87328 -646 24 0
87328 646 -18 -24 0
87328 -647 18 0
87328 -647 25 0
87328 647 -18 -25 0
87328 -648 18 0
87328 -648 26 0
87328 648 -18 -26 0
87328 -649 18 0
87328 -649 27 0
87328 649 -18 -27 0
87328 -650 18 0
87328 -650 28 0
87328 650 -18 -28 0
87328 -651 18 0
87328 -651 29 0
87328 651 -18 -29 0
87328 -652 18 0
87328 -652 30 0
87328 652 -18 -30 0
87328 -653 18 0
87328 -653 31 0
87328 653 -18 -31 0
87328 -654 18 0
87328 -654 32 0
87328 654 -18 -32 0
87328 -655 18 0
87328 -655 33 0
87328 655 -18 -33 0
87328 -656 18 0
87328 -656 34 0
87328 656 -18 -34 0
87328 -657 18 0
87328 -657 35 0
87328 657 -18 -35 0
87328 -658 18 0
87328 -658 36 0
87328 658 -18 -36 0
87328 -659 18 0
87328 -659 37 0
87328 659 -18 -37 0
87328 -660 18 0
87328 -660 38 0
87328 660 -18 -38 0
87328 -661 18 0
87328 -661 39 0
87328 661 -18 -39 0
87328 -662 18 0
87328 -662 40 0
87328 662 -18 -40 0
87328 -663 18 0
87328 -663 41 0
87328 663 -18 -41 0
87328 -664 18 0
87328 -664 42 0
87328 664 -18 -42 0
87328 -665 18 0
87328 -665 43 0
87328 665 -18 -43 0
87328 -666 18 0
87328 -666 44 0
87328 666 -18 -44 0
87328 -667 19 0
87328 -667 20 0
87328 667 -19 -20 0
87328 -668 19 0
87328 -668 21 0
87328 668 -19 -21 0
87328 -669 19 0
87328 -669 22 0
87328 669 -19 -22 0
87328 -670 19 0
87328 -670 23 0
87328 670 -19 -23 0
87328 -671 19 0
87328 -671 24 0
87328 671 -19 -24 0
87328 -672 19 0
87328 -672 25 0
87328 672 -19 -25 0
87328 -673 19 0
87328 -673 26 0
87328 673 -19 -26 0
87328 -674 19 0
87328 -674 27 0
87328 674 -19 -27 0
87328 -675 19 0
87328 -675 28 0
87328 675 -19 -28 0
87328 -676 19 0
87328 -676 29 0
87328 676 -19 -29 0
87328 -677 19 0
87328 -677 30 0
87328 677 -19 -30 0
87328 -678 19 0
87328 -678 31 0
87328 678 -19 -31 0
87328 -679 19 0
87328 -679 32 0
87328 679 -19 -32 0
87328 -680 19 0
87328 -680 33 0
87328 680 -19 -33 0
87328 -681 19 0
87328 -681 34 0
87328 681 -19 -34 0
87328 -682 19 0
87328 -682 35 0
87328 682 -19 -35 0
87328 -683 19 0
87328 -683 36 0
87328 683 -19 -36 0
87328 -684 19 0
87328 -684 37 0
87328 684 -19 -37 0
87328 -685 19 0
87328 -685 38 0
87328 685 -19 -38 0
87328 -686 19 0
87328 -686 39 0
87328 686 -19 -39 0
87328 -687 19 0
87328 -687 40 0
87328 687 -19 -40 0
87328 -688 19 0
87328 -688 41 0
87328 688 -19 -41 0
87328 -689 19 0
87328 -689 42 0
87328 689 -19 -42 0
87328 -690 19 0
87328 -690 43 0
87328 690 -19 -43 0
87328 -691 19 0
87328 -691 44 0
87328 691 -19 -44 0
87328 -692 20 0
87328 -692 21 0
87328 692 -20 -21 0
87328 -693 20 0
87328 -693 22 0
87328 693 -20 -22 0
87328 -694 20 0
87328 -694 23 0
87328 694 -20 -23 0
87328 -695 20 0
87328 -695 24 0
87328 695 -20 -24 0
87328 -696 20 0
87328 -696 25 0
87328 696 -20 -25 0
87328 -697 20 0
87328 -697 26 0
87328 697 -20 -26 0
87328 -698 20 0
87328 -698 27 0
87328 698 -20 -27 0
87328 -699 20 0
87328 -699 28 0
87328 699 -20 -28 0
87328 -700 20 0
87328 -700 29 0
87328 700 -20 -29 0
87328 -701 20 0
87328 -701 30 0
87328 701 -20 -30 0
87328 -702 20 0
87328 -702 31 0
87328 702 -20 -31 0
87328 -703 20 0
87328 -703 32 0
87328 703 -20 -32 0
87328 -704 20 0
87328 -704 33 0
87328 704 -20 -33 0
87328 -705 20 0
87328 -705 34 0
87328 705 -20 -34 0
87328 -706 20 0
87328 -706 35 0
87328 706 -20 -35 0
87328 -707 20 0
87328 -707 36 0
87328 707 -20 -36 0
87328 -708 20 0
87328 -708 37 0
87328 708 -20 -37 0
87328 -709 20 0
87328 -709 38 0
87328 709 -20 -38 0
87328 -710 20 0
87328 -710 39 0
87328 710 -20 -39 0
87328 -711 20 0
87328 -711 40 0
87328 711 -20 -40 0
87328 -712 20 0
87328 -712 41 0
87328 712 -20 -41 0
87328 -713 20 0
87328 -713 42 0
87328 713 -20 -42 0
87328 -714 20 0
87328 -714 43 0
87328 714 -20 -43 0
87328 -715 20 0
87328 -715 44 0
87328 715 -20 -44 0
87328 -716 21 0
87328 -716 22 0
87328 716 -21 -22 0
87328 -717 21 0
87328 -717 23 0
87328 717 -21 -23 0
87328 -718 21 0
87328 -718 24 0
87328 718 -21 -24 0
87328 -719 21 0
87328 -719 25 0
87328 719 -21 -25 0
87328 -720 21 0
87328 -720 26 0
87328 720 -21 -26 0
87328 -721 21 0
87328 -721 27 0
87328 721 -21 -27 0
87328 -722 21 0
87328 -722 28 0
87328 722 -21 -28 0
87328 -723 21 0
87328 -723 29 0
87328 723 -21 -29 0
87328 -724 21 0
87328 -724 30 0
87328 724 -21 -30 0
87328 -725 21 0
87328 -725 31 0
87328 725 -21 -31 0
87328 -726 21 0
87328 -726 32 0
87328 726 -21 -32 0
87328 -727 21 0
87328 -727 33 0
87328 727 -21 -33 0
87328 -728 21 0
87328 -728 34 0
87328 728 -21 -34 0
87328 -729 21 0
87328 -729 35 0
87328 729 -21 -35 0
87328 -730 21 0
87328 -730 36 0
87328 730 -21 -36 0
87328 -731 21 0
87328 -731 37 0
87328 731 -21 -37 0
87328 -732 21 0
87328 -732 38 0
87328 732 -21 -38 0
87328 -733 21 0
87328 -733 39 0
87328 733 -21 -39 0
87328 -734 21 0
87328 -734 40 0
87328 734 -21 -40 0
87328 -735 21 0
87328 -735 41 0
87328 735 -21 -41 0
87328 -736 21 0
87328 -736 42 0
87328 736 -21 -42 0
87328 -737 21 0
87328 -737 43 0
87328 737 -21 -43 0
87328 -738 21 0
87328 -738 44 0
87328 738 -21 -44 0
87328 -739 22 0
87328 -739 23 0
87328 739 -22 -23 0
87328 -740 22 0
87328 -740 24 0
87328 740 -22 -24 0
87328 -741 22 0
87328 -741 25 0
87328 741 -22 -25 0
87328 -742 22 0
87328 -742 26 0
87328 742 -22 -26 0
87328 -743 22 0
87328 -743 27 0
87328 743 -22 -27 0
87328 -744 22 0
87328 -744 28 0
87328 744 -22 -28 0
87328 -745 22 0
87328 -745 29 0
87328 745 -22 -29 0
87328 -746 22 0
87328 -746 30 0
87328 746 -22 -30 0
87328 -747 22 0
87328 -747 31 0
87328 747 -22 -31 0
87328 -748 22 0
87328 -748 32 0
87328 748 -22 -32 0
87328 -749 22 0
87328 -749 33 0
87328 749 -22 -33 0
87328 -750 22 0
87328 -750 34 0
87328 750 -22 -34 0
87328 -751 22 0
87328 -751 35 0
87328 751 -22 -35 0
87328 -752 22 0
87328 -752 36 0
87328 752 -22 -36 0
87328 -753 22 0
87328 -753 37 0
87328 753 -22 -37 0
87328 -754 22 0
87328 -754 38 0
87328 754 -22 -38 0
87328 -755 22 0
87328 -755 39 0
87328 755 -22 -39 0
87328 -756 22 0
87328 -756 40 0
87328 756 -22 -40 0
87328 -757 22 0
87328 -757 41 0
87328 757 -22 -41 0
87328 -758 22 0
87328 -758 42 0
87328 758 -22 -42 0
87328 -759 22 0
87328 -759 43 0
87328 759 -22 -43 0
87328 -760 22 0
87328 -760 44 0
87328 760 -22 -44 0
87328 -761 23 0
87328 -761 24 0
87328 761 -23 -24 0
87328 -762 23 0
87328 -762 25 0
87328 762 -23 -25 0
87328 -763 23 0
87328 -763 26 0
87328 763 -23 -26 0
87328 -764 23 0
87328 -764 27 0
87328 764 -23 -27 0
87328 -765 23 0
87328 -765 28 0
87328 765 -23 -28 0
87328 -766 23 0
87328 -766 29 0
87328 766 -23 -29 0
87328 -767 23 0
87328 -767 30 0
87328 767 -23 -30 0
87328 -768 23 0
87328 -768 31 0
87328 768 -23 -31 0
87328 -769 23 0
87328 -769 32 0
87328 769 -23 -32 0
87328 -770 23 0
87328 -770 33 0
87328 770 -23 -33 0
87328 -771 23 0
87328 -771 34 0
87328 771 -23 -34 0
87328 -772 23 0
87328 -772 35 0
87328 772 -23 -35 0
87328 -773 23 0
87328 -773 36 0
87328 773 -23 -36 0
87328 -774 23 0
87328 -774 37 0
87328 774 -23 -37 0
87328 -775 23 0
87328 -775 38 0
87328 775 -23 -38 0
87328 -776 23 0
87328 -776 39 0
87328 776 -23 -39 0
87328 -777 23 0
87328 -777 40 0
87328 777 -23 -40 0
87328 -778 23 0
87328 -778 41 0
87328 778 -23 -41 0
87328 -779 23 0
87328 -779 42 0
87328 779 -23 -42 0
87328 -780 23 0
87328 -780 43 0
87328 780 -23 -43 0
87328 -781 23 0
87328 -781 44 0
87328 781 -23 -44 0
87328 -782 24 0
87328 -782 25 0
87328 782 -24 -25 0
87328 -783 24 0
87328 -783 26 0
87328 783 -24 -26 0
87328 -784 24 0
87328 -784 27 0
87328 784 -24 -27 0
87328 -785 24 0
87328 -785 28 0
87328 785 -24 -28 0
87328 -786 24 0
87328 -786 29 0
87328 786 -24 -29 0
87328 -787 24 0
87328 -787 30 0
87328 787 -24 -30 0
87328 -788 24 0
87328 -788 31 0
87328 788 -24 -31 0
87328 -789 24 0
87328 -789 32 0
87328 789 -24 -32 0
87328 -790 24 0
87328 -790 33 0
87328 790 -24 -33 0
87328 -791 24 0
87328 -791 34 0
87328 791 -24 -34 0
87328 -792 24 0
87328 -792 35 0
87328 792 -24 -35 0
87328 -793 24 0
87328 -793 36 0
87328 793 -24 -36 0
87328 -794 24 0
87328 -794 37 0
87328 794 -24 -37 0
87328 -795 24 0
87328 -795 38 0
87328 795 -24 -38 0
87328 -796 24 0
87328 -796 39 0
87328 796 -24 -39 0
87328 -797 24 0
87328 -797 40 0
87328 797 -24 -40 0
87328 -798 24 0
87328 -798 41 0
87328 798 -24 -41 0
87328 -799 24 0
87328 -799 42 0
87328 799 -24 -42 0
87328 -800 24 0
87328 -800 43 0
87328 800 -24 -43 0
87328 -801 24 0
87328 -801 44 0
87328 801 -24 -44 0
87328 -802 25 0
87328 -802 26 0
87328 802 -25 -26 0
87328 -803 25 0
87328 -803 27 0
87328 803 -25 -27 0
87328 -804 25 0
87328 -804 28 0
87328 804 -25 -28 0
87328 -805 25 0
87328 -805 29 0
87328 805 -25 -29 0
87328 -806 25 0
87328 -806 30 0
87328 806 -25 -30 0
87328 -807 25 0
87328 -807 31 0
87328 807 -25 -31 0
87328 -808 25 0
87328 -808 32 0
87328 808 -25 -32 0
87328 -809 25 0
87328 -809 33 0
87328 809 -25 -33 0
87328 -810 25 0
87328 -810 34 0
87328 810 -25 -34 0
87328 -811 25 0
87328 -811 35 0
87328 811 -25 -35 0
87328 -812 25 0
87328 -812 36 0
87328 812 -25 -36 0
87328 -813 25 0
87328 -813 37 0
87328 813 -25 -37 0
87328 -814 25 0
87328 -814 38 0
87328 814 -25 -38 0
87328 -815 25 0
87328 -815 39 0
87328 815 -25 -39 0
87328 -816 25 0
87328 -816 40 0
87328 816 -25 -40 0
87328 -817 25 0
87328 -817 41 0
87328 817 -25 -41 0
87328 -818 25 0
87328 -818 42 0
87328 818 -25 -42 0
87328 -819 25 0
87328 -819 43 0
87328 819 -25 -43 0
87328 -820 25 0
87328 -820 44 0
87328 820 -25 -44 0
87328 -821 26 0
87328 -821 27 0
87328 821 -26 -27 0
87328 -822 26 0
87328 -822 28 0
87328 822 -26 -28 0
87328 -823 26 0
87328 -823 29 0
87328 823 -26 -29 0
87328 -824 26 0
87328 -824 30 0
87328 824 -26 -30 0
87328 -825 26 0
87328 -825 31 0
87328 825 -26 -31 0
87328 -826 26 0
87328 -826 32 0
87328 826 -26 -32 0
87328 -827 26 0
87328 -827 33 0
87328 827 -26 -33 0
87328 -828 26 0
87328 -828 34 0
87328 828 -26 -34 0
87328 -829 26 0
87328 -829 35 0
87328 829 -26 -35 0
87328 -830 26 0
87328 -830 36 0
87328 830 -26 -36 0
87328 -831 26 0
87328 -831 37 0
87328 831 -26 -37 0
87328 -832 26 0
87328 -832 38 0
87328 832 -26 -38 0
87328 -833 26 0
87328 -833 39 0
87328 833 -26 -39 0
87328 -834 26 0
87328 -834 40 0
87328 834 -26 -40 0
87328 -835 26 0
87328 -835 41 0
87328 835 -26 -41 0
87328 -836 26 0
87328 -836 42 0
87328 836 -26 -42 0
87328 -837 26 0
87328 -837 43 0
87328 837 -26 -43 0
87328 -838 26 0
87328 -838 44 0
87328 838 -26 -44 0
87328 -839 27 0
87328 -839 28 0
87328 839 -27 -28 0
87328 -840 27 0
87328 -840 29 0
87328 840 -27 -29 0
87328 -841 27 0
87328 -841 30 0
87328 841 -27 -30 0
87328 -842 27 0
87328 -842 31 0
87328 842 -27 -31 0
87328 -843 27 0
87328 -843 32 0
87328 843 -27 -32 0
87328 -844 27 0
87328 -844 33 0
87328 844 -27 -33 0
87328 -845 27 0
87328 -845 34 0
87328 845 -27 -34 0
87328 -846 27 0
87328 -846 35 0
87328 846 -27 -35 0
87328 -847 27 0
87328 -847 36 0
87328 847 -27 -36 0
87328 -848 27 0
87328 -848 37 0
87328 848 -27 -37 0
87328 -849 27 0
87328 -849 38 0
87328 849 -27 -38 0
87328 -850 27 0
87328 -850 39 0
87328 850 -27 -39 0
87328 -851 27 0
87328 -851 40 0
87328 851 -27 -40 0
87328 -852 27 0
87328 -852 41 0
87328 852 -27 -41 0
87328 -853 27 0
87328 -853 42 0
87328 853 -27 -42 0
87328 -854 27 0
87328 -854 43 0
87328 854 -27 -43 0
87328 -855 27 0
87328 -855 44 0
87328 855 -27 -44 0
87328 -856 28 0
87328 -856 29 0
87328 856 -28 -29 0
87328 -857 28 0
87328 -857 30 0
87328 857 -28 -30 0
87328 -858 28 0
87328 -858 31 0
87328 858 -28 -31 0
87328 -859 28 0
87328 -859 32 0
87328 859 -28 -32 0
87328 -860 28 0
87328 -860 33 0
87328 860 -28 -33 0
87328 -861 28 0
87328 -861 34 0
87328 861 -28 -34 0
87328 -862 28 0
87328 -862 35 0
87328 862 -28 -35 0
87328 -863 28 0
87328 -863 36 0
87328 863 -28 -36 0
87328 -864 28 0
87328 -864 37 0
87328 864 -28 -37 0
87328 -865 28 0
87328 -865 38 0
87328 865 -28 -38 0
87328 -866 28 0
87328 -866 39 0
87328 866 -28 -39 0
87328 -867 28 0
87328 -867 40 0
87328 867 -28 -40 0
87328 -868 28 0
87328 -868 41 0
87328 868 -28 -41 0
87328 -869 28 0
87328 -869 42 0
87328 869 -28 -42 0
87328 -870 28 0
87328 -870 43 0
87328 870 -28 -43 0
87328 -871 28 0
87328 -871 44 0
87328 871 -28 -44 0
87328 -872 29 0
87328 -872 30 0
87328 872 -29 -30 0
87328 -873 29 0
87328 -873 31 0
87328 873 -29 -31 0
87328 -874 29 0
87328 -874 32 0
87328 874 -29 -32 0
87328 -875 29 0
87328 -875 33 0
87328 875 -29 -33 0
87328 -876 29 0
87328 -876 34 0
87328 876 -29 -34 0
87328 -877 29 0
87328 -877 35 0
87328 877 -29 -35 0
87328 -878 29 0
87328 -878 36 0
87328 878 -29 -36 0
87328 -879 29 0
87328 -879 37 0
87328 879 -29 -37 0
87328 -880 29 0
87328 -880 38 0
87328 880 -29 -38 0
87328 -881 29 0
87328 -881 39 0
87328 881 -29 -39 0
87328 -882 29 0
87328 -882 40 0
87328 882 -29 -40 0
87328 -883 29 0
87328 -883 41 0
87328 883 -29 -41 0
87328 -884 29 0
87328 -884 42 0
87328 884 -29 -42 0
87328 -885 29 0
87328 -885 43 0
87328 885 -29 -43 0
87328 -886 29 0
87328 -886 44 0
87328 886 -29 -44 0
87328 -887 30 0
87328 -887 31 0
87328 887 -30 -31 0
87328 -888 30 0
87328 -888 32 0
87328 888 -30 -32 0
87328 -889 30 0
87328 -889 33 0
87328 889 -30 -33 0
87328 -890 30 0
87328 -890 34 0
87328 890 -30 -34 0
87328 -891 30 0
87328 -891 35 0
87328 891 -30 -35 0
87328 -892 30 0
87328 -892 36 0
87328 892 -30 -36 0
87328 -893 30 0
87328 -893 37 0
87328 893 -30 -37 0
87328 -894 30 0
87328 -894 38 0
87328 894 -30 -38 0
87328 -895 30 0
87328 -895 39 0
87328 895 -30 -39 0
87328 -896 30 0
87328 -896 40 0
87328 896 -30 -40 0
87328 -897 30 0
87328 -897 41 0
87328 897 -30 -41 0
87328 -898 30 0
87328 -898 42 0
87328 898 -30 -42 0
87328 -899 30 0
87328 -899 43 0
87328 899 -30 -43 0
87328 -900 30 0
87328 -900 44 0
87328 900 -30 -44 0
87328 -901 31 0
87328 -901 32 0
87328 901 -31 -32 0
87328 -902 31 0
87328 -902 33 0
87328 902 -31 -33 0
87328 -903 31 0
87328 -903 34 0
87328 903 -31 -34 0
87328 -904 31 0
87328 -904 35 0
87328 904 -31 -35 0
87328 -905 31 0
87328 -905 36 0
87328 905 -31 -36 0
87328 -906 31 0
87328 -906 37 0
87328 906 -31 -37 0
87328 -907 31 0
87328 -907 38 0
87328 907 -31 -38 0
87328 -908 31 0
87328 -908 39 0
87328 908 -31 -39 0
87328 -909 31 0
87328 -909 40 0
87328 909 -31 -40 0
87328 -910 31 0
87328 -910 41 0
87328 910 -31 -41 0
87328 -911 31 0
87328 -911 42 0
87328 911 -31 -42 0
87328 -912 31 0
87328 -912 43 0
87328 912 -31 -43 0
87328 -913 31 0
87328 -913 44 0
87328 913 -31 -44 0
87328 -914 32 0
87328 -914 33 0
87328 914 -32 -33 0
87328 -915 32 0
87328 -915 34 0
87328 915 -32 -34 0
87328 -916 32 0
87328 -916 35 0
87328 916 -32 -35 0
87328 -917 32 0
87328 -917 36 0
87328 917 -32 -36 0
87328 -918 32 0
87328 -918 37 0
87328 918 -32 -37 0
87328 -919 32 0
87328 -919 38 0
87328 919 -32 -38 0
87328 -920 32 0
87328 -920 39 0
87328 920 -32 -39 0
87328 -921 32 0
87328 -921 40 0
87328 921 -32 -40 0
87328 -922 32 0
87328 -922 41 0
87328 922 -32 -41 0
87328 -923 32 0
87328 -923 42 0
87328 923 -32 -42 0
87328 -924 32 0
87328 -924 43 0
87328 924 -32 -43 0
87328 -925 32 0
87328 -925 44 0
87328 925 -32 -44 0
87328 -926 33 0
87328 -926 34 0
87328 926 -33 -34 0
87328 -927 33 0
87328 -927 35 0
87328 927 -33 -35 0
87328 -928 33 0
87328 -928 36 0
87328 928 -33 -36 0
87328 -929 33 0
87328 -929 37 0
87328 929 -33 -37 0
87328 -930 33 0
87328 -930 38 0
87328 930 -33 -38 0
87328 -931 33 0
87328 -931 39 0
87328 931 -33 -39 0
87328 -932 33 0
87328 -932 40 0
87328 932 -33 -40 0
87328 -933 33 0
87328 -933 41 0
87328 933 -33 -41 0
87328 -934 33 0
87328 -934 42 0
87328 934 -33 -42 0
87328 -935 33 0
87328 -935 43 0
87328 935 -33 -43 0
87328 -936 33 0
87328 -936 44 0
87328 936 -33 -44 0
87328 -937 34 0
87328 -937 35 0
87328 937 -34 -35 0
87328 -938 34 0
87328 -938 36 0
87328 938 -34 -36 0
87328 -939 34 0
87328 -939 37 0
87328 939 -34 -37 0
87328 -940 34 0
87328 -940 38 0
87328 940 -34 -38 0
87328 -941 34 0
87328 -941 39 0
87328 941 -34 -39 0
87328 -942 34 0
87328 -942 40 0
87328 942 -34 -40 0
87328 -943 34 0
87328 -943 41 0
87328 943 -34 -41 0
87328 -944 34 0
87328 -944 42 0
87328 944 -34 -42 0
87328 -945 34 0
87328 -945 43 0
87328 945 -34 -43 0
87328 -946 34 0
87328 -946 44 0
87328 946 -34 -44 0
87328 -947 35 0
87328 -947 36 0
87328 947 -35 -36 0
87328 -948 35 0
87328 -948 37 0
87328 948 -35 -37 0
87328 -949 35 0
87328 -949 38 0
87328 949 -35 -38 0
87328 -950 35 0
87328 -950 39 0
87328 950 -35 -39 0
87328 -951 35 0
87328 -951 40 0
87328 951 -35 -40 0
87328 -952 35 0
87328 -952 41 0
87328 952 -35 -41 0
87328 -953 35 0
87328 -953 42 0
87328 953 -35 -42 0
87328 -954 35 0
87328 -954 43 0
87328 954 -35 -43 0
87328 -955 35 0
87328 -955 44 0
87328 955 -35 -44 0
87328 -956 36 0
87328 -956 37 0
87328 956 -36 -37 0
87328 -957 36 0
87328 -957 38 0
87328 957 -36 -38 0
87328 -958 36 0
87328 -958 39 0
87328 958 -36 -39 0
87328 -959 36 0
87328 -959 40 0
87328 959 -36 -40 0
87328 -960 36 0
87328 -960 41 0
87328 960 -36 -41 0
87328 -961 36 0
87328 -961 42 0
87328 961 -36 -42 0
87328 -962 36 0
87328 -962 43 0
87328 962 -36 -43 0
87328 -963 36 0
87328 -963 44 0
87328 963 -36 -44 0
87328 -964 37 0
87328 -964 38 0
87328 964 -37 -38 0
87328 -965 37 0
87328 -965 39 0
87328 965 -37 -39 0
87328 -966 37 0
87328 -966 40 0
87328 966 -37 -40 0
87328 -967 37 0
87328 -967 41 0
87328 967 -37 -41 0
87328 -968 37 0
87328 -968 42 0
87328 968 -37 -42 0
87328 -969 37 0
87328 -969 43 0
87328 969 -37 -43 0
87328 -970 37 0
87328 -970 44 0
87328 970 -37 -44 0
87328 -971 38 0
87328 -971 39 0
87328 971 -38 -39 0
87328 -972 38 0
87328 -972 40 0
87328 972 -38 -40 0
87328 -973 38 0
87328 -973 41 0
87328 973 -38 -41 0
87328 -974 38 0
87328 -974 42 0
87328 974 -38 -42 0
87328 -975 38 0
87328 -975 43 0
87328 975 -38 -43 0
87328 -976 38 0
87328 -976 44 0
87328 976 -38 -44 0
87328 -977 39 0
87328 -977 40 0
87328 977 -39 -40 0
87328 -978 39 0
87328 -978 41 0
87328 978 -39 -41 0
87328 -979 39 0
87328 -979 42 0
87328 979 -39 -42 0
87328 -980 39 0
87328 -980 43 0
87328 980 -39 -43 0
87328 -981 39 0
87328 -981 44 0
87328 981 -39 -44 0
87328 -982 40 0
87328 -982 41 0
87328 982 -40 -41 0
87328 -983 40 0
87328 -983 42 0
87328 983 -40 -42 0
87328 -984 40 0
87328 -984 43 0
87328 984 -40 -43 0
87328 -985 40 0
87328 -985 44 0
87328 985 -40 -44 0
87328 -986 41 0
87328 -986 42 0
87328 986 -41 -42 0
87328 -987 41 0
87328 -987 43 0
87328 987 -41 -43 0
87328 -988 41 0
87328 -988 44 0
87328 988 -41 -44 0
87328 -989 42 0
87328 -989 43 0
87328 989 -42 -43 0
87328 -990 42 0
87328 -990 44 0
87328 990 -42 -44 0
87328 -991 43 0
87328 -991 44 0
87328 991 -43 -44 0
30856 1 0
87318 -1 0
100690 46 0
87318 -46 0
105222 47 0
87318 -47 0
88070 48 0
87318 -48 0
114828 49 0
87318 -49 0
65664 50 0
87318 -50 0
77090 51 0
87318 -51 0
85298 52 0
87318 -52 0
69522 53 0
87318 -53 0
73822 54 0
87318 -54 0
94604 55 0
87318 -55 0
98422 56 0
87318 -56 0
88778 57 0
87318 -57 0
96002 58 0
87318 -58 0
93042 59 0
87318 -59 0
95734 60 0
87318 -60 0
78516 61 0
87318 -61 0
74040 62 0
87318 -62 0
96766 63 0
87318 -63 0
75048 64 0
87318 -64 0
75884 65 0
87318 -65 0
87740 66 0
87318 -66 0
88538 67 0
87318 -67 0
90816 68 0
87318 -68 0
88902 69 0
87318 -69 0
93614 70 0
87318 -70 0
82766 71 0
87318 -71 0
79154 72 0
87318 -72 0
83026 73 0
87318 -73 0
76196 74 0
87318 -74 0
95936 75 0
87318 -75 0
82748 76 0
87318 -76 0
90584 77 0
87318 -77 0
80858 78 0
87318 -78 0
79730 79 0
87318 -79 0
93088 80 0
87318 -80 0
81674 81 0
87318 -81 0
92698 82 0
87318 -82 0
89290 83 0
87318 -83 0
88234 84 0
87318 -84 0
83726 85 0
87318 -85 0
86536 86 0
87318 -86 0
87280 87 0
87318 -87 0
88192 88 0
87318 -88 0
60624 2 0
87318 -2 0
78278 89 0
87318 -89 0
98200 90 0
87318 -90 0
102284 91 0
87318 -91 0
80298 92 0
87318 -92 0
84264 93 0
87318 -93 0
89888 94 0
87318 -94 0
95350 95 0
87318 -95 0
73036 96 0
87318 -96 0
90336 97 0
87318 -97 0
91736 98 0
87318 -98 0
75054 99 0
87318 -99 0
101148 100 0
87318 -100 0
78164 101 0
87318 -101 0
89846 102 0
87318 -102 0
96582 103 0
87318 -103 0
84158 104 0
87318 -104 0
77200 105 0
87318 -105 0
97200 106 0
87318 -106 0
92054 107 0
87318 -107 0
70610 108 0
87318 -108 0
84256 109 0
87318 -109 0
82676 110 0
87318 -110 0
78844 111 0
87318 -111 0
91328 112 0
87318 -112 0
70096 113 0
87318 -113 0
77310 114 0
87318 -114 0
103066 115 0
87318 -115 0
86692 116 0
87318 -116 0
84324 117 0
87318 -117 0
92974 118 0
87318 -118 0
87756 119 0
87318 -119 0
86944 120 0
87318 -120 0
85518 121 0
87318 -121 0
87096 122 0
87318 -122 0
84978 123 0
87318 -123 0
90418 124 0
87318 -124 0
87226 125 0
87318 -125 0
86508 126 0
87318 -126 0
84720 127 0
87318 -127 0
86836 128 0
87318 -128 0
89138 129 0
87318 -129 0
88230 130 0
87318 -130 0
84400 3 0
87318 -3 0
100248 131 0
87318 -131 0
81434 132 0
87318 -132 0
88298 133 0
87318 -133 0
92470 134 0
87318 -134 0
103562 135 0
87318 -135 0
100900 136 0
87318 -136 0
85318 137 0
87318 -137 0
90742 138 0
87318 -138 0
70916 139 0
87318 -139 0
70872 140 0
87318 -140 0
79584 141 0
87318 -141 0
86166 142 0
87318 -142 0
72656 143 0
87318 -143 0
91710 144 0
87318 -144 0
84032 145 0
87318 -145 0
76544 146 0
87318 -146 0
97852 147 0
87318 -147 0
89266 148 0
87318 -148 0
76648 149 0
87318 -149 0
83192 150 0
87318 -150 0
92070 151 0
87318 -151 0
66244 152 0
87318 -152 0
82530 153 0
87318 -153 0
91520 154 0
87318 -154 0
86234 155 0
87318 -155 0
85646 156 0
87318 -156 0
85720 157 0
87318 -157 0
81558 158 0
87318 -158 0
89122 159 0
87318 -159 0
90142 160 0
87318 -160 0
92894 161 0
87318 -161 0
86804 162 0
87318 -162 0
81232 163 0
87318 -163 0
90744 164 0
87318 -164 0
89804 165 0
87318 -165 0
85794 166 0
87318 -166 0
83852 167 0
87318 -167 0
86566 168 0
87318 -168 0
84342 169 0
87318 -169 0
90742 170 0
87318 -170 0
88534 171 0
87318 -171 0
44149 4 0
87318 -4 0
71760 172 0
87318 -172 0
89916 173 0
87318 -173 0
81224 174 0
87318 -174 0
85160 175 0
87318 -175 0
86186 176 0
87318 -176 0
99096 177 0
87318 -177 0
78610 178 0
87318 -178 0
75386 179 0
87318 -179 0
108878 180 0
87318 -180 0
99520 181 0
87318 -181 0
78158 182 0
87318 -182 0
87392 183 0
87318 -183 0
94852 184 0
87318 -184 0
75498 185 0
87318 -185 0
76894 186 0
87318 -186 0
97860 187 0
87318 -187 0
82136 188 0
87318 -188 0
95204 189 0
87318 -189 0
74910 190 0
87318 -190 0
85850 191 0
87318 -191 0
89596 192 0
87318 -192 0
90438 193 0
87318 -193 0
97056 194 0
87318 -194 0
100670 195 0
87318 -195 0
78958 196 0
87318 -196 0
93450 197 0
87318 -197 0
90804 198 0
87318 -198 0
86352 199 0
87318 -199 0
80804 200 0
87318 -200 0
89470 201 0
87318 -201 0
94838 202 0
87318 -202 0
86552 203 0
87318 -203 0
96520 204 0
87318 -204 0
83444 205 0
87318 -205 0
84860 206 0
87318 -206 0
91048 207 0
87318 -207 0
89676 208 0
87318 -208 0
92698 209 0
87318 -209 0
88214 210 0
87318 -210 0
86634 211 0
87318 -211 0
82402 5 0
87318 -5 0
85364 212 0
87318 -212 0
87522 213 0
87318 -213 0
88286 214 0
87318 -214 0
104156 215 0
87318 -215 0
97896 216 0
87318 -216 0
86682 217 0
87318 -217 0
65402 218 0
87318 -218 0
77116 219 0
87318 -219 0
92434 220 0
87318 -220 0
67094 221 0
87318 -221 0
81374 222 0
87318 -222 0
104198 223 0
87318 -223 0
94038 224 0
87318 -224 0
87552 225 0
87318 -225 0
99880 226 0
87318 -226 0
91798 227 0
87318 -227 0
89926 228 0
87318 -228 0
92826 229 0
87318 -229 0
88436 230 0
87318 -230 0
79606 231 0
87318 -231 0
89696 232 0
87318 -232 0
83432 233 0
87318 -233 0
84358 234 0
87318 -234 0
96870 235 0
87318 -235 0
103812 236 0
87318 -236 0
83874 237 0
87318 -237 0
93738 238 0
87318 -238 0
90080 239 0
87318 -239 0
87776 240 0
87318 -240 0
92944 241 0
87318 -241 0
86282 242 0
87318 -242 0
87338 243 0
87318 -243 0
90400 244 0
87318 -244 0
87800 245 0
87318 -245 0
89526 246 0
87318 -246 0
84124 247 0
87318 -247 0
89986 248 0
87318 -248 0
88036 249 0
87318 -249 0
87736 250 0
87318 -250 0
47607 6 0
87318 -6 0
88232 251 0
87318 -251 0
88492 252 0
87318 -252 0
85606 253 0
87318 -253 0
77138 254 0
87318 -254 0
86220 255 0
87318 -255 0
89990 256 0
87318 -256 0
90666 257 0
87318 -257 0
95450 258 0
87318 -258 0
82554 259 0
87318 -259 0
95192 260 0
87318 -260 0
94814 261 0
87318 -261 0
75956 262 0
87318 -262 0
88124 263 0
87318 -263 0
80658 264 0
87318 -264 0
78408 265 0
87318 -265 0
91076 266 0
87318 -266 0
82748 267 0
87318 -267 0
84036 268 0
87318 -268 0
88084 269 0
87318 -269 0
92502 270 0
87318 -270 0
83826 271 0
87318 -271 0
72460 272 0
87318 -272 0
83372 273 0
87318 -273 0
76134 274 0
87318 -274 0
86374 275 0
87318 -275 0
91582 276 0
87318 -276 0
89582 277 0
87318 -277 0
86068 278 0
87318 -278 0
82224 279 0
87318 -279 0
87886 280 0
87318 -280 0
84132 281 0
87318 -281 0
83508 282 0
87318 -282 0
91286 283 0
87318 -283 0
86968 284 0
87318 -284 0
85090 285 0
87318 -285 0
84516 286 0
87318 -286 0
86648 287 0
87318 -287 0
88040 288 0
87318 -288 0
48729 7 0
87318 -7 0
91312 289 0
87318 -289 0
91454 290 0
87318 -290 0
82320 291 0
87318 -291 0
92474 292 0
87318 -292 0
76990 293 0
87318 -293 0
100220 294 0
87318 -294 0
103134 295 0
87318 -295 0
67188 296 0
87318 -296 0
113850 297 0
87318 -297 0
95908 298 0
87318 -298 0
77494 299 0
87318 -299 0
100548 300 0
87318 -300 0
103548 301 0
87318 -301 0
91266 302 0
87318 -302 0
101410 303 0
87318 -303 0
84910 304 0
87318 -304 0
93332 305 0
87318 -305 0
76298 306 0
87318 -306 0
94344 307 0
87318 -307 0
80396 308 0
87318 -308 0
75170 309 0
87318 -309 0
85132 310 0
87318 -310 0
85814 311 0
87318 -311 0
90524 312 0
87318 -312 0
89538 313 0
87318 -313 0
97164 314 0
87318 -314 0
89752 315 0
87318 -315 0
78320 316 0
87318 -316 0
87964 317 0
87318 -317 0
85078 318 0
87318 -318 0
92564 319 0
87318 -319 0
90050 320 0
87318 -320 0
88898 321 0
87318 -321 0
82166 322 0
87318 -322 0
86818 323 0
87318 -323 0
88154 324 0
87318 -324 0
88762 325 0
87318 -325 0
51631 8 0
87318 -8 0
85760 326 0
87318 -326 0
91272 327 0
87318 -327 0
80540 328 0
87318 -328 0
92426 329 0
87318 -329 0
86928 330 0
87318 -330 0
77966 331 0
87318 -331 0
91694 332 0
87318 -332 0
102792 333 0
87318 -333 0
91544 334 0
87318 -334 0
90628 335 0
87318 -335 0
74166 336 0
87318 -336 0
81010 337 0
87318 -337 0
85730 338 0
87318 -338 0
80046 339 0
87318 -339 0
80624 340 0
87318 -340 0
95386 341 0
87318 -341 0
91334 342 0
87318 -342 0
90310 343 0
87318 -343 0
88502 344 0
87318 -344 0
87230 345 0
87318 -345 0
80350 346 0
87318 -346 0
87244 347 0
87318 -347 0
88668 348 0
87318 -348 0
95820 349 0
87318 -349 0
89658 350 0
87318 -350 0
81920 351 0
87318 -351 0
80786 352 0
87318 -352 0
99424 353 0
87318 -353 0
83632 354 0
87318 -354 0
80676 355 0
87318 -355 0
96624 356 0
87318 -356 0
85086 357 0
87318 -357 0
83874 358 0
87318 -358 0
82356 359 0
87318 -359 0
87496 360 0
87318 -360 0
88800 361 0
87318 -361 0
19908 9 0
87318 -9 0
74448 362 0
87318 -362 0
114618 363 0
87318 -363 0
100702 364 0
87318 -364 0
106412 365 0
87318 -365 0
99966 366 0
87318 -366 0
108398 367 0
87318 -367 0
78778 368 0
87318 -368 0
71180 369 0
87318 -369 0
86246 370 0
87318 -370 0
99640 371 0
87318 -371 0
79388 372 0
87318 -372 0
75016 373 0
87318 -373 0
93532 374 0
87318 -374 0
91008 375 0
87318 -375 0
80924 376 0
87318 -376 0
96686 377 0
87318 -377 0
90714 378 0
87318 -378 0
86704 379 0
87318 -379 0
89618 380 0
87318 -380 0
80264 381 0
87318 -381 0
77162 382 0
87318 -382 0
79168 383 0
87318 -383 0
92166 384 0
87318 -384 0
79278 385 0
87318 -385 0
82872 386 0
87318 -386 0
90224 387 0
87318 -387 0
88004 388 0
87318 -388 0
93812 389 0
87318 -389 0
82944 390 0
87318 -390 0
90754 391 0
87318 -391 0
88740 392 0
87318 -392 0
90226 393 0
87318 -393 0
84348 394 0
87318 -394 0
80344 395 0
87318 -395 0
85608 396 0
87318 -396 0
60765 10 0
87318 -10 0
107228 397 0
87318 -397 0
80070 398 0
87318 -398 0
92106 399 0
87318 -399 0
105452 400 0
87318 -400 0
89288 401 0
87318 -401 0
96936 402 0
87318 -402 0
76164 403 0
87318 -403 0
77628 404 0
87318 -404 0
99032 405 0
87318 -405 0
96070 406 0
87318 -406 0
86226 407 0
87318 -407 0
91654 408 0
87318 -408 0
86254 409 0
87318 -409 0
93240 410 0
87318 -410 0
98836 411 0
87318 -411 0
97696 412 0
87318 -412 0
68502 413 0
87318 -413 0
69948 414 0
87318 -414 0
95338 415 0
87318 -415 0
88528 416 0
87318 -416 0
88456 417 0
87318 -417 0
89788 418 0
87318 -418 0
85074 419 0
87318 -419 0
86494 420 0
87318 -420 0
83670 421 0
87318 -421 0
83052 422 0
87318 -422 0
82766 423 0
87318 -423 0
87286 424 0
87318 -424 0
86626 425 0
87318 -425 0
90272 426 0
87318 -426 0
87948 427 0
87318 -427 0
88232 428 0
87318 -428 0
82536 429 0
87318 -429 0
85988 430 0
87318 -430 0
79793 11 0
87318 -11 0
80672 431 0
87318 -431 0
76304 432 0
87318 -432 0
82240 433 0
87318 -433 0
81416 434 0
87318 -434 0
92910 435 0
87318 -435 0
91706 436 0
87318 -436 0
91794 437 0
87318 -437 0
80394 438 0
87318 -438 0
91740 439 0
87318 -439 0
90838 440 0
87318 -440 0
81950 441 0
87318 -441 0
94554 442 0
87318 -442 0
79068 443 0
87318 -443 0
90210 444 0
87318 -444 0
86180 445 0
87318 -445 0
90138 446 0
87318 -446 0
92406 447 0
87318 -447 0
85650 448 0
87318 -448 0
93310 449 0
87318 -449 0
85942 450 0
87318 -450 0
89742 451 0
87318 -451 0
82048 452 0
87318 -452 0
85280 453 0
87318 -453 0
91890 454 0
87318 -454 0
93250 455 0
87318 -455 0
89048 456 0
87318 -456 0
85520 457 0
87318 -457 0
85726 458 0
87318 -458 0
84452 459 0
87318 -459 0
88962 460 0
87318 -460 0
87524 461 0
87318 -461 0
91118 462 0
87318 -462 0
87774 463 0
87318 -463 0
127591 12 0
87318 -12 0
75118 464 0
87318 -464 0
82018 465 0
87318 -465 0
72662 466 0
87318 -466 0
98832 467 0
87318 -467 0
91720 468 0
87318 -468 0
83562 469 0
87318 -469 0
98226 470 0
87318 -470 0
107474 471 0
87318 -471 0
90328 472 0
87318 -472 0
92766 473 0
87318 -473 0
96872 474 0
87318 -474 0
78966 475 0
87318 -475 0
82334 476 0
87318 -476 0
85818 477 0
87318 -477 0
88746 478 0
87318 -478 0
92522 479 0
87318 -479 0
96994 480 0
87318 -480 0
98716 481 0
87318 -481 0
87518 482 0
87318 -482 0
87436 483 0
87318 -483 0
92398 484 0
87318 -484 0
91172 485 0
87318 -485 0
88240 486 0
87318 -486 0
85900 487 0
87318 -487 0
83424 488 0
87318 -488 0
91256 489 0
87318 -489 0
84260 490 0
87318 -490 0
89300 491 0
87318 -491 0
86616 492 0
87318 -492 0
92364 493 0
87318 -493 0
89066 494 0
87318 -494 0
87166 495 0
87318 -495 0
131469 13 0
87318 -13 0
79614 496 0
87318 -496 0
89980 497 0
87318 -497 0
92928 498 0
87318 -498 0
88882 499 0
87318 -499 0
92108 500 0
87318 -500 0
91090 501 0
87318 -501 0
87334 502 0
87318 -502 0
90354 503 0
87318 -503 0
63258 504 0
87318 -504 0
91130 505 0
87318 -505 0
90224 506 0
87318 -506 0
77694 507 0
87318 -507 0
74300 508 0
87318 -508 0
85410 509 0
87318 -509 0
91388 510 0
87318 -510 0
91478 511 0
87318 -511 0
79634 512 0
87318 -512 0
89112 513 0
87318 -513 0
90252 514 0
87318 -514 0
97852 515 0
87318 -515 0
86484 516 0
87318 -516 0
78672 517 0
87318 -517 0
90924 518 0
87318 -518 0
79190 519 0
87318 -519 0
93720 520 0
87318 -520 0
89972 521 0
87318 -521 0
85874 522 0
87318 -522 0
82704 523 0
87318 -523 0
87156 524 0
87318 -524 0
91096 525 0
87318 -525 0
89028 526 0
87318 -526 0
69257 14 0
87318 -14 0
92132 527 0
87318 -527 0
82220 528 0
87318 -528 0
84448 529 0
87318 -529 0
102730 530 0
87318 -530 0
76524 531 0
87318 -531 0
85972 532 0
87318 -532 0
92200 533 0
87318 -533 0
82656 534 0
87318 -534 0
84614 535 0
87318 -535 0
94016 536 0
87318 -536 0
88350 537 0
87318 -537 0
68352 538 0
87318 -538 0
113834 539 0
87318 -539 0
85562 540 0
87318 -540 0
75520 541 0
87318 -541 0
86344 542 0
87318 -542 0
92262 543 0
87318 -543 0
76248 544 0
87318 -544 0
90480 545 0
87318 -545 0
87358 546 0
87318 -546 0
91634 547 0
87318 -547 0
84840 548 0
87318 -548 0
82802 549 0
87318 -549 0
83426 550 0
87318 -550 0
85870 551 0
87318 -551 0
81086 552 0
87318 -552 0
87566 553 0
87318 -553 0
84306 554 0
87318 -554 0
93300 555 0
87318 -555 0
88724 556 0
87318 -556 0
78176 15 0
87318 -15 0
99192 557 0
87318 -557 0
107910 558 0
87318 -558 0
86324 559 0
87318 -559 0
79440 560 0
87318 -560 0
99248 561 0
87318 -561 0
94712 562 0
87318 -562 0
93954 563 0
87318 -563 0
86106 564 0
87318 -564 0
87872 565 0
87318 -565 0
83396 566 0
87318 -566 0
88874 567 0
87318 -567 0
90036 568 0
87318 -568 0
80706 569 0
87318 -569 0
92428 570 0
87318 -570 0
100718 571 0
87318 -571 0
87368 572 0
87318 -572 0
90888 573 0
87318 -573 0
95434 574 0
87318 -574 0
87458 575 0
87318 -575 0
84048 576 0
87318 -576 0
88144 577 0
87318 -577 0
80056 578 0
87318 -578 0
90400 579 0
87318 -579 0
89208 580 0
87318 -580 0
88920 581 0
87318 -581 0
82408 582 0
87318 -582 0
88970 583 0
87318 -583 0
88682 584 0
87318 -584 0
88382 585 0
87318 -585 0
42260 16 0
87318 -16 0
76846 586 0
87318 -586 0
96008 587 0
87318 -587 0
76054 588 0
87318 -588 0
85804 589 0
87318 -589 0
84640 590 0
87318 -590 0
87218 591 0
87318 -591 0
83550 592 0
87318 -592 0
81970 593 0
87318 -593 0
85290 594 0
87318 -594 0
91574 595 0
87318 -595 0
98100 596 0
87318 -596 0
95026 597 0
87318 -597 0
93548 598 0
87318 -598 0
96018 599 0
87318 -599 0
75446 600 0
87318 -600 0
79338 601 0
87318 -601 0
75828 602 0
87318 -602 0
94288 603 0
87318 -603 0
101292 604 0
87318 -604 0
77686 605 0
87318 -605 0
100720 606 0
87318 -606 0
82164 607 0
87318 -607 0
80096 608 0
87318 -608 0
85240 609 0
87318 -609 0
94040 610 0
87318 -610 0
86522 611 0
87318 -611 0
87160 612 0
87318 -612 0
85988 613 0
87318 -613 0
62633 17 0
87318 -17 0
81624 614 0
87318 -614 0
96644 615 0
87318 -615 0
86134 616 0
87318 -616 0
81674 617 0
87318 -617 0
80846 618 0
87318 -618 0
88706 619 0
87318 -619 0
83950 620 0
87318 -620 0
101460 621 0
87318 -621 0
93492 622 0
87318 -622 0
80894 623 0
87318 -623 0
92346 624 0
87318 -624 0
89222 625 0
87318 -625 0
87174 626 0
87318 -626 0
88998 627 0
87318 -627 0
81808 628 0
87318 -628 0
81638 629 0
87318 -629 0
87480 630 0
87318 -630 0
91348 631 0
87318 -631 0
87934 632 0
87318 -632 0
91278 633 0
87318 -633 0
86080 634 0
87318 -634 0
83704 635 0
87318 -635 0
88730 636 0
87318 -636 0
92608 637 0
87318 -637 0
90262 638 0
87318 -638 0
85716 639 0
87318 -639 0
85608 640 0
87318 -640 0
67750 18 0
87318 -18 0
89996 641 0
87318 -641 0
88500 642 0
87318 -642 0
70868 643 0
87318 -643 0
82528 644 0
87318 -644 0
75602 645 0
87318 -645 0
83396 646 0
87318 -646 0
92322 647 0
87318 -647 0
92216 648 0
87318 -648 0
81594 649 0
87318 -649 0
87006 650 0
87318 -650 0
86176 651 0
87318 -651 0
76566 652 0
87318 -652 0
91490 653 0
87318 -653 0
85078 654 0
87318 -654 0
90338 655 0
87318 -655 0
89534 656 0
87318 -656 0
82230 657 0
87318 -657 0
91484 658 0
87318 -658 0
89850 659 0
87318 -659 0
89306 660 0
87318 -660 0
85648 661 0
87318 -661 0
88336 662 0
87318 -662 0
85782 663 0
87318 -663 0
90780 664 0
87318 -664 0
93230 665 0
87318 -665 0
88838 666 0
87318 -666 0
49979 19 0
87318 -19 0
89184 667 0
87318 -667 0
86138 668 0
87318 -668 0
73600 669 0
87318 -669 0
64004 670 0
87318 -670 0
91916 671 0
87318 -671 0
90272 672 0
87318 -672 0
83600 673 0
87318 -673 0
103048 674 0
87318 -674 0
92364 675 0
87318 -675 0
83118 676 0
87318 -676 0
91388 677 0
87318 -677 0
84928 678 0
87318 -678 0
92160 679 0
87318 -679 0
82188 680 0
87318 -680 0
86488 681 0
87318 -681 0
90292 682 0
87318 -682 0
85208 683 0
87318 -683 0
87234 684 0
87318 -684 0
81206 685 0
87318 -685 0
87534 686 0
87318 -686 0
83920 687 0
87318 -687 0
87604 688 0
87318 -688 0
85414 689 0
87318 -689 0
91222 690 0
87318 -690 0
88306 691 0
87318 -691 0
42151 20 0
87318 -20 0
75922 692 0
87318 -692 0
93186 693 0
87318 -693 0
90352 694 0
87318 -694 0
79706 695 0
87318 -695 0
87974 696 0
87318 -696 0
89448 697 0
87318 -697 0
95056 698 0
87318 -698 0
97218 699 0
87318 -699 0
81924 700 0
87318 -700 0
74818 701 0
87318 -701 0
94588 702 0
87318 -702 0
81282 703 0
87318 -703 0
93034 704 0
87318 -704 0
84900 705 0
87318 -705 0
76766 706 0
87318 -706 0
95416 707 0
87318 -707 0
78896 708 0
87318 -708 0
84558 709 0
87318 -709 0
91670 710 0
87318 -710 0
89210 711 0
87318 -711 0
86144 712 0
87318 -712 0
87292 713 0
87318 -713 0
84218 714 0
87318 -714 0
87014 715 0
87318 -715 0
65631 21 0
87318 -21 0
77968 716 0
87318 -716 0
85756 717 0
87318 -717 0
75792 718 0
87318 -718 0
91412 719 0
87318 -719 0
97010 720 0
87318 -720 0
86924 721 0
87318 -721 0
90738 722 0
87318 -722 0
85012 723 0
87318 -723 0
78802 724 0
87318 -724 0
95052 725 0
87318 -725 0
79922 726 0
87318 -726 0
88086 727 0
87318 -727 0
87202 728 0
87318 -728 0
83324 729 0
87318 -729 0
94406 730 0
87318 -730 0
86056 731 0
87318 -731 0
84700 732 0
87318 -732 0
86116 733 0
87318 -733 0
88046 734 0
87318 -734 0
87806 735 0
87318 -735 0
90264 736 0
87318 -736 0
90776 737 0
87318 -737 0
87888 738 0
87318 -738 0
87849 22 0
87318 -22 0
82824 739 0
87318 -739 0
83952 740 0
87318 -740 0
84588 741 0
87318 -741 0
82226 742 0
87318 -742 0
75668 743 0
87318 -743 0
91490 744 0
87318 -744 0
91396 745 0
87318 -745 0
81598 746 0
87318 -746 0
91970 747 0
87318 -747 0
91964 748 0
87318 -748 0
88538 749 0
87318 -749 0
83864 750 0
87318 -750 0
85700 751 0
87318 -751 0
93822 752 0
87318 -752 0
84238 753 0
87318 -753 0
90826 754 0
87318 -754 0
87334 755 0
87318 -755 0
85152 756 0
87318 -756 0
86288 757 0
87318 -757 0
88760 758 0
87318 -758 0
92692 759 0
87318 -759 0
88496 760 0
87318 -760 0
55009 23 0
87318 -23 0
98138 761 0
87318 -761 0
86564 762 0
87318 -762 0
79332 763 0
87318 -763 0
103032 764 0
87318 -764 0
89738 765 0
87318 -765 0
77260 766 0
87318 -766 0
79376 767 0
87318 -767 0
87854 768 0
87318 -768 0
90648 769 0
87318 -769 0
86942 770 0
87318 -770 0
88892 771 0
87318 -771 0
88754 772 0
87318 -772 0
83808 773 0
87318 -773 0
91876 774 0
87318 -774 0
83084 775 0
87318 -775 0
89038 776 0
87318 -776 0
86586 777 0
87318 -777 0
84668 778 0
87318 -778 0
87062 779 0
87318 -779 0
92566 780 0
87318 -780 0
89218 781 0
87318 -781 0
79126 24 0
87318 -24 0
87896 782 0
87318 -782 0
94312 783 0
87318 -783 0
81546 784 0
87318 -784 0
95286 785 0
87318 -785 0
100784 786 0
87318 -786 0
88508 787 0
87318 -787 0
87622 788 0
87318 -788 0
81082 789 0
87318 -789 0
86548 790 0
87318 -790 0
89234 791 0
87318 -791 0
88994 792 0
87318 -792 0
90556 793 0
87318 -793 0
85070 794 0
87318 -794 0
86244 795 0
87318 -795 0
83866 796 0
87318 -796 0
87788 797 0
87318 -797 0
91036 798 0
87318 -798 0
90460 799 0
87318 -799 0
86458 800 0
87318 -800 0
85950 801 0
87318 -801 0
83607 25 0
87318 -25 0
78476 802 0
87318 -802 0
89616 803 0
87318 -803 0
89468 804 0
87318 -804 0
84388 805 0
87318 -805 0
78020 806 0
87318 -806 0
86792 807 0
87318 -807 0
89490 808 0
87318 -808 0
96044 809 0
87318 -809 0
90044 810 0
87318 -810 0
85284 811 0
87318 -811 0
85174 812 0
87318 -812 0
88722 813 0
87318 -813 0
94272 814 0
87318 -814 0
89560 815 0
87318 -815 0
85366 816 0
87318 -816 0
82768 817 0
87318 -817 0
84260 818 0
87318 -818 0
89442 819 0
87318 -819 0
88990 820 0
87318 -820 0
87449 26 0
87318 -26 0
100390 821 0
87318 -821 0
89134 822 0
87318 -822 0
75688 823 0
87318 -823 0
71908 824 0
87318 -824 0
85732 825 0
87318 -825 0
90584 826 0
87318 -826 0
90512 827 0
87318 -827 0
86898 828 0
87318 -828 0
90028 829 0
87318 -829 0
81618 830 0
87318 -830 0
87368 831 0
87318 -831 0
89520 832 0
87318 -832 0
87772 833 0
87318 -833 0
81756 834 0
87318 -834 0
85696 835 0
87318 -835 0
83556 836 0
87318 -836 0
92570 837 0
87318 -837 0
88990 838 0
87318 -838 0
66417 27 0
87318 -27 0
78654 839 0
87318 -839 0
105720 840 0
87318 -840 0
90366 841 0
87318 -841 0
92446 842 0
87318 -842 0
93050 843 0
87318 -843 0
86250 844 0
87318 -844 0
86632 845 0
87318 -845 0
84316 846 0
87318 -846 0
91244 847 0
87318 -847 0
85114 848 0
87318 -848 0
93834 849 0
87318 -849 0
84886 850 0
87318 -850 0
90296 851 0
87318 -851 0
88564 852 0
87318 -852 0
91462 853 0
87318 -853 0
84848 854 0
87318 -854 0
85988 855 0
87318 -855 0
61088 28 0
87318 -28 0
87688 856 0
87318 -856 0
83778 857 0
87318 -857 0
84170 858 0
87318 -858 0
84198 859 0
87318 -859 0
84578 860 0
87318 -860 0
83536 861 0
87318 -861 0
90434 862 0
87318 -862 0
79452 863 0
87318 -863 0
84876 864 0
87318 -864 0
87960 865 0
87318 -865 0
86350 866 0
87318 -866 0
83838 867 0
87318 -867 0
86332 868 0
87318 -868 0
81324 869 0
87318 -869 0
86268 870 0
87318 -870 0
87736 871 0
87318 -871 0
58763 29 0
87318 -29 0
72624 872 0
87318 -872 0
90884 873 0
87318 -873 0
88298 874 0
87318 -874 0
87952 875 0
87318 -875 0
83916 876 0
87318 -876 0
84830 877 0
87318 -877 0
89114 878 0
87318 -878 0
90430 879 0
87318 -879 0
84862 880 0
87318 -880 0
91596 881 0
87318 -881 0
84828 882 0
87318 -882 0
85770 883 0
87318 -883 0
83010 884 0
87318 -884 0
89356 885 0
87318 -885 0
88724 886 0
87318 -886 0
68244 30 0
87318 -30 0
89830 887 0
87318 -887 0
86628 888 0
87318 -888 0
91068 889 0
87318 -889 0
85916 890 0
87318 -890 0
81680 891 0
87318 -891 0
85190 892 0
87318 -892 0
87158 893 0
87318 -893 0
89914 894 0
87318 -894 0
88684 895 0
87318 -895 0
83662 896 0
87318 -896 0
85556 897 0
87318 -897 0
83398 898 0
87318 -898 0
90894 899 0
87318 -899 0
88914 900 0
87318 -900 0
76497 31 0
87318 -31 0
94876 901 0
87318 -901 0
82574 902 0
87318 -902 0
88266 903 0
87318 -903 0
92564 904 0
87318 -904 0
81148 905 0
87318 -905 0
93628 906 0
87318 -906 0
84708 907 0
87318 -907 0
88798 908 0
87318 -908 0
85368 909 0
87318 -909 0
87966 910 0
87318 -910 0
82366 911 0
87318 -911 0
84760 912 0
87318 -912 0
87128 913 0
87318 -913 0
74351 32 0
87318 -32 0
85800 914 0
87318 -914 0
90562 915 0
87318 -915 0
90862 916 0
87318 -916 0
82578 917 0
87318 -917 0
87578 918 0
87318 -918 0
86924 919 0
87318 -919 0
80084 920 0
87318 -920 0
87284 921 0
87318 -921 0
91234 922 0
87318 -922 0
89624 923 0
87318 -923 0
87992 924 0
87318 -924 0
86368 925 0
87318 -925 0
64253 33 0
87318 -33 0
83830 926 0
87318 -926 0
99996 927 0
87318 -927 0
82926 928 0
87318 -928 0
95528 929 0
87318 -929 0
84862 930 0
87318 -930 0
82564 931 0
87318 -931 0
87008 932 0
87318 -932 0
91916 933 0
87318 -933 0
87582 934 0
87318 -934 0
86072 935 0
87318 -935 0
85988 936 0
87318 -936 0
79788 34 0
87318 -34 0
89428 937 0
87318 -937 0
91778 938 0
87318 -938 0
85314 939 0
87318 -939 0
89100 940 0
87318 -940 0
89618 941 0
87318 -941 0
87694 942 0
87318 -942 0
85474 943 0
87318 -943 0
86724 944 0
87318 -944 0
86792 945 0
87318 -945 0
87584 946 0
87318 -946 0
86526 35 0
87318 -35 0
93706 947 0
87318 -947 0
78256 948 0
87318 -948 0
88528 949 0
87318 -949 0
92902 950 0
87318 -950 0
88820 951 0
87318 -951 0
83622 952 0
87318 -952 0
87074 953 0
87318 -953 0
86398 954 0
87318 -954 0
88078 955 0
87318 -955 0
77885 36 0
87318 -36 0
90884 956 0
87318 -956 0
87170 957 0
87318 -957 0
82114 958 0
87318 -958 0
85676 959 0
87318 -959 0
90946 960 0
87318 -960 0
85210 961 0
87318 -961 0
85118 962 0
87318 -962 0
86102 963 0
87318 -963 0
92784 37 0
87318 -37 0
88716 964 0
87318 -964 0
90232 965 0
87318 -965 0
87654 966 0
87318 -966 0
85216 967 0
87318 -967 0
87312 968 0
87318 -968 0
85732 969 0
87318 -969 0
87280 970 0
87318 -970 0
73282 38 0
87318 -38 0
88576 971 0
87318 -971 0
86000 972 0
87318 -972 0
89436 973 0
87318 -973 0
85298 974 0
87318 -974 0
86214 975 0
87318 -975 0
86938 976 0
87318 -976 0
84717 39 0
87318 -39 0
87104 977 0
87318 -977 0
90632 978 0
87318 -978 0
89714 979 0
87318 -979 0
88578 980 0
87318 -980 0
86558 981 0
87318 -981 0
84903 40 0
87318 -40 0
87838 982 0
87318 -982 0
84060 983 0
87318 -983 0
89302 984 0
87318 -984 0
87926 985 0
87318 -985 0
90376 41 0
87318 -41 0
87074 986 0
87318 -986 0
89040 987 0
87318 -987 0
88648 988 0
87318 -988 0
79823 42 0
87318 -42 0
86450 989 0
87318 -989 0
87698 990 0
87318 -990 0
78633 43 0
87318 -43 0
85608 991 0
87318 -991 0
85437 44 0
87318 -44 0
