c
c Generated WCNF file
c
p wcnf 1082 5268 91844
91844 47 0
91844 -48 1 0
91844 -48 2 0
91844 48 -1 -2 0
91844 -49 1 0
91844 -49 3 0
91844 49 -1 -3 0
91844 -50 1 0
91844 -50 4 0
91844 50 -1 -4 0
91844 -51 1 0
91844 -51 5 0
91844 51 -1 -5 0
91844 -52 1 0
91844 -52 6 0
91844 52 -1 -6 0
91844 -53 1 0
91844 -53 7 0
91844 53 -1 -7 0
91844 -54 1 0
91844 -54 8 0
91844 54 -1 -8 0
91844 -55 1 0
91844 -55 9 0
91844 55 -1 -9 0
91844 -56 1 0
91844 -56 10 0
91844 56 -1 -10 0
91844 -57 1 0
91844 -57 11 0
91844 57 -1 -11 0
91844 -58 1 0
91844 -58 12 0
91844 58 -1 -12 0
91844 -59 1 0
91844 -59 13 0
91844 59 -1 -13 0
91844 -60 1 0
91844 -60 14 0
91844 60 -1 -14 0
91844 -61 1 0
91844 -61 15 0
91844 61 -1 -15 0
91844 -62 1 0
91844 -62 16 0
91844 62 -1 -16 0
91844 -63 1 0
91844 -63 17 0
91844 63 -1 -17 0
91844 -64 1 0
91844 -64 18 0
91844 64 -1 -18 0
91844 -65 1 0
91844 -65 19 0
91844 65 -1 -19 0
91844 -66 1 0
91844 -66 20 0
91844 66 -1 -20 0
91844 -67 1 0
91844 -67 21 0
91844 67 -1 -21 0
91844 -68 1 0
91844 -68 22 0
91844 68 -1 -22 0
91844 -69 1 0
91844 -69 23 0
91844 69 -1 -23 0
91844 -70 1 0
91844 -70 24 0
91844 70 -1 -24 0
91844 -71 1 0
91844 -71 25 0
91844 71 -1 -25 0
91844 -72 1 0
91844 -72 26 0
91844 72 -1 -26 0
91844 -73 1 0
91844 -73 27 0
91844 73 -1 -27 0
91844 -74 1 0
91844 -74 28 0
91844 74 -1 -28 0
91844 -75 1 0
91844 -75 29 0
91844 75 -1 -29 0
91844 -76 1 0
91844 -76 30 0
91844 76 -1 -30 0
91844 -77 1 0
91844 -77 31 0
91844 77 -1 -31 0
91844 -78 1 0
91844 -78 32 0
91844 78 -1 -32 0
91844 -79 1 0
91844 -79 33 0
91844 79 -1 -33 0
91844 -80 1 0
91844 -80 34 0
91844 80 -1 -34 0
91844 -81 1 0
91844 -81 35 0
91844 81 -1 -35 0
91844 -82 1 0
91844 -82 36 0
91844 82 -1 -36 0
91844 -83 1 0
91844 -83 37 0
91844 83 -1 -37 0
91844 -84 1 0
91844 -84 38 0
91844 84 -1 -38 0
91844 -85 1 0
91844 -85 39 0
91844 85 -1 -39 0
91844 -86 1 0
91844 -86 40 0
91844 86 -1 -40 0
91844 -87 1 0
91844 -87 41 0
91844 87 -1 -41 0
91844 -88 1 0
91844 -88 42 0
91844 88 -1 -42 0
91844 -89 1 0
91844 -89 43 0
91844 89 -1 -43 0
91844 -90 1 0
91844 -90 44 0
91844 90 -1 -44 0
91844 -91 1 0
91844 -91 45 0
91844 91 -1 -45 0
91844 -92 1 0
91844 -92 46 0
91844 92 -1 -46 0
91844 -93 2 0
91844 -93 3 0
91844 93 -2 -3 0
91844 -94 2 0
91844 -94 4 0
91844 94 -2 -4 0
91844 -95 2 0
91844 -95 5 0
91844 95 -2 -5 0
91844 -96 2 0
91844 -96 6 0
91844 96 -2 -6 0
91844 -97 2 0
91844 -97 7 0
91844 97 -2 -7 0
91844 -98 2 0
91844 -98 8 0
91844 98 -2 -8 0
91844 -99 2 0
91844 -99 9 0
91844 99 -2 -9 0
91844 -100 2 0
91844 -100 10 0
91844 100 -2 -10 0
91844 -101 2 0
91844 -101 11 0
91844 101 -2 -11 0
91844 -102 2 0
91844 -102 12 0
91844 102 -2 -12 0
91844 -103 2 0
91844 -103 13 0
91844 103 -2 -13 0
91844 -104 2 0
91844 -104 14 0
91844 104 -2 -14 0
91844 -105 2 0
91844 -105 15 0
91844 105 -2 -15 0
91844 -106 2 0
91844 -106 16 0
91844 106 -2 -16 0
91844 -107 2 0
91844 -107 17 0
91844 107 -2 -17 0
91844 -108 2 0
91844 -108 18 0
91844 108 -2 -18 0
91844 -109 2 0
91844 -109 19 0
91844 109 -2 -19 0
91844 -110 2 0
91844 -110 20 0
91844 110 -2 -20 0
91844 -111 2 0
91844 -111 21 0
91844 111 -2 -21 0
91844 -112 2 0
91844 -112 22 0
91844 112 -2 -22 0
91844 -113 2 0
91844 -113 23 0
91844 113 -2 -23 0
91844 -114 2 0
91844 -114 24 0
91844 114 -2 -24 0
91844 -115 2 0
91844 -115 25 0
91844 115 -2 -25 0
91844 -116 2 0
91844 -116 26 0
91844 116 -2 -26 0
91844 -117 2 0
91844 -117 27 0
91844 117 -2 -27 0
91844 -118 2 0
91844 -118 28 0
91844 118 -2 -28 0
91844 -119 2 0
91844 -119 29 0
91844 119 -2 -29 0
91844 -120 2 0
91844 -120 30 0
91844 120 -2 -30 0
91844 -121 2 0
91844 -121 31 0
91844 121 -2 -31 0
91844 -122 2 0
91844 -122 32 0
91844 122 -2 -32 0
91844 -123 2 0
91844 -123 33 0
91844 123 -2 -33 0
91844 -124 2 0
91844 -124 34 0
91844 124 -2 -34 0
91844 -125 2 0
91844 -125 35 0
91844 125 -2 -35 0
91844 -126 2 0
91844 -126 36 0
91844 126 -2 -36 0
91844 -127 2 0
91844 -127 37 0
91844 127 -2 -37 0
91844 -128 2 0
91844 -128 38 0
91844 128 -2 -38 0
91844 -129 2 0
91844 -129 39 0
91844 129 -2 -39 0
91844 -130 2 0
91844 -130 40 0
91844 130 -2 -40 0
91844 -131 2 0
91844 -131 41 0
91844 131 -2 -41 0
91844 -132 2 0
91844 -132 42 0
91844 132 -2 -42 0
91844 -133 2 0
91844 -133 43 0
91844 133 -2 -43 0
91844 -134 2 0
91844 -134 44 0
91844 134 -2 -44 0
91844 -135 2 0
91844 -135 45 0
91844 135 -2 -45 0
91844 -136 2 0
91844 -136 46 0
91844 136 -2 -46 0
91844 -137 3 0
91844 -137 4 0
91844 137 -3 -4 0
91844 -138 3 0
91844 -138 5 0
91844 138 -3 -5 0
91844 -139 3 0
91844 -139 6 0
91844 139 -3 -6 0
91844 -140 3 0
91844 -140 7 0
91844 140 -3 -7 0
91844 -141 3 0
91844 -141 8 0
91844 141 -3 -8 0
91844 -142 3 0
91844 -142 9 0
91844 142 -3 -9 0
91844 -143 3 0
91844 -143 10 0
91844 143 -3 -10 0
91844 -144 3 0
91844 -144 11 0
91844 144 -3 -11 0
91844 -145 3 0
91844 -145 12 0
91844 145 -3 -12 0
91844 -146 3 0
91844 -146 13 0
91844 146 -3 -13 0
91844 -147 3 0
91844 -147 14 0
91844 147 -3 -14 0
91844 -148 3 0
91844 -148 15 0
91844 148 -3 -15 0
91844 -149 3 0
91844 -149 16 0
91844 149 -3 -16 0
91844 -150 3 0
91844 -150 17 0
91844 150 -3 -17 0
91844 -151 3 0
91844 -151 18 0
91844 151 -3 -18 0
91844 -152 3 0
91844 -152 19 0
91844 152 -3 -19 0
91844 -153 3 0
91844 -153 20 0
91844 153 -3 -20 0
91844 -154 3 0
91844 -154 21 0
91844 154 -3 -21 0
91844 -155 3 0
91844 -155 22 0
91844 155 -3 -22 0
91844 -156 3 0
91844 -156 23 0
91844 156 -3 -23 0
91844 -157 3 0
91844 -157 24 0
91844 157 -3 -24 0
91844 -158 3 0
91844 -158 25 0
91844 158 -3 -25 0
91844 -159 3 0
91844 -159 26 0
91844 159 -3 -26 0
91844 -160 3 0
91844 -160 27 0
91844 160 -3 -27 0
91844 -161 3 0
91844 -161 28 0
91844 161 -3 -28 0
91844 -162 3 0
91844 -162 29 0
91844 162 -3 -29 0
91844 -163 3 0
91844 -163 30 0
91844 163 -3 -30 0
91844 -164 3 0
91844 -164 31 0
91844 164 -3 -31 0
91844 -165 3 0
91844 -165 32 0
91844 165 -3 -32 0
91844 -166 3 0
91844 -166 33 0
91844 166 -3 -33 0
91844 -167 3 0
91844 -167 34 0
91844 167 -3 -34 0
91844 -168 3 0
91844 -168 35 0
91844 168 -3 -35 0
91844 -169 3 0
91844 -169 36 0
91844 169 -3 -36 0
91844 -170 3 0
91844 -170 37 0
91844 170 -3 -37 0
91844 -171 3 0
91844 -171 38 0
91844 171 -3 -38 0
91844 -172 3 0
91844 -172 39 0
91844 172 -3 -39 0
91844 -173 3 0
91844 -173 40 0
91844 173 -3 -40 0
91844 -174 3 0
91844 -174 41 0
91844 174 -3 -41 0
91844 -175 3 0
91844 -175 42 0
91844 175 -3 -42 0
91844 -176 3 0
91844 -176 43 0
91844 176 -3 -43 0
91844 -177 3 0
91844 -177 44 0
91844 177 -3 -44 0
91844 -178 3 0
91844 -178 45 0
91844 178 -3 -45 0
91844 -179 3 0
91844 -179 46 0
91844 179 -3 -46 0
91844 -180 4 0
91844 -180 5 0
91844 180 -4 -5 0
91844 -181 4 0
91844 -181 6 0
91844 181 -4 -6 0
91844 -182 4 0
91844 -182 7 0
91844 182 -4 -7 0
91844 -183 4 0
91844 -183 8 0
91844 183 -4 -8 0
91844 -184 4 0
91844 -184 9 0
91844 184 -4 -9 0
91844 -185 4 0
91844 -185 10 0
91844 185 -4 -10 0
91844 -186 4 0
91844 -186 11 0
91844 186 -4 -11 0
91844 -187 4 0
91844 -187 12 0
91844 187 -4 -12 0
91844 -188 4 0
91844 -188 13 0
91844 188 -4 -13 0
91844 -189 4 0
91844 -189 14 0
91844 189 -4 -14 0
91844 -190 4 0
91844 -190 15 0
91844 190 -4 -15 0
91844 -191 4 0
91844 -191 16 0
91844 191 -4 -16 0
91844 -192 4 0
91844 -192 17 0
91844 192 -4 -17 0
91844 -193 4 0
91844 -193 18 0
91844 193 -4 -18 0
91844 -194 4 0
91844 -194 19 0
91844 194 -4 -19 0
91844 -195 4 0
91844 -195 20 0
91844 195 -4 -20 0
91844 -196 4 0
91844 -196 21 0
91844 196 -4 -21 0
91844 -197 4 0
91844 -197 22 0
91844 197 -4 -22 0
91844 -198 4 0
91844 -198 23 0
91844 198 -4 -23 0
91844 -199 4 0
91844 -199 24 0
91844 199 -4 -24 0
91844 -200 4 0
91844 -200 25 0
91844 200 -4 -25 0
91844 -201 4 0
91844 -201 26 0
91844 201 -4 -26 0
91844 -202 4 0
91844 -202 27 0
91844 202 -4 -27 0
91844 -203 4 0
91844 -203 28 0
91844 203 -4 -28 0
91844 -204 4 0
91844 -204 29 0
91844 204 -4 -29 0
91844 -205 4 0
91844 -205 30 0
91844 205 -4 -30 0
91844 -206 4 0
91844 -206 31 0
91844 206 -4 -31 0
91844 -207 4 0
91844 -207 32 0
91844 207 -4 -32 0
91844 -208 4 0
91844 -208 33 0
91844 208 -4 -33 0
91844 -209 4 0
91844 -209 34 0
91844 209 -4 -34 0
91844 -210 4 0
91844 -210 35 0
91844 210 -4 -35 0
91844 -211 4 0
91844 -211 36 0
91844 211 -4 -36 0
91844 -212 4 0
91844 -212 37 0
91844 212 -4 -37 0
91844 -213 4 0
91844 -213 38 0
91844 213 -4 -38 0
91844 -214 4 0
91844 -214 39 0
91844 214 -4 -39 0
91844 -215 4 0
91844 -215 40 0
91844 215 -4 -40 0
91844 -216 4 0
91844 -216 41 0
91844 216 -4 -41 0
91844 -217 4 0
91844 -217 42 0
91844 217 -4 -42 0
91844 -218 4 0
91844 -218 43 0
91844 218 -4 -43 0
91844 -219 4 0
91844 -219 44 0
91844 219 -4 -44 0
91844 -220 4 0
91844 -220 45 0
91844 220 -4 -45 0
91844 -221 4 0
91844 -221 46 0
91844 221 -4 -46 0
91844 -222 5 0
91844 -222 6 0
91844 222 -5 -6 0
91844 -223 5 0
91844 -223 7 0
91844 223 -5 -7 0
91844 -224 5 0
91844 -224 8 0
91844 224 -5 -8 0
91844 -225 5 0
91844 -225 9 0
91844 225 -5 -9 0
91844 -226 5 0
91844 -226 10 0
91844 226 -5 -10 0
91844 -227 5 0
91844 -227 11 0
91844 227 -5 -11 0
91844 -228 5 0
91844 -228 12 0
91844 228 -5 -12 0
91844 -229 5 0
91844 -229 13 0
91844 229 -5 -13 0
91844 -230 5 0
91844 -230 14 0
91844 230 -5 -14 0
91844 -231 5 0
91844 -231 15 0
91844 231 -5 -15 0
91844 -232 5 0
91844 -232 16 0
91844 232 -5 -16 0
91844 -233 5 0
91844 -233 17 0
91844 233 -5 -17 0
91844 -234 5 0
91844 -234 18 0
91844 234 -5 -18 0
91844 -235 5 0
91844 -235 19 0
91844 235 -5 -19 0
91844 -236 5 0
91844 -236 20 0
91844 236 -5 -20 0
91844 -237 5 0
91844 -237 21 0
91844 237 -5 -21 0
91844 -238 5 0
91844 -238 22 0
91844 238 -5 -22 0
91844 -239 5 0
91844 -239 23 0
91844 239 -5 -23 0
91844 -240 5 0
91844 -240 24 0
91844 240 -5 -24 0
91844 -241 5 0
91844 -241 25 0
91844 241 -5 -25 0
91844 -242 5 0
91844 -242 26 0
91844 242 -5 -26 0
91844 -243 5 0
91844 -243 27 0
91844 243 -5 -27 0
91844 -244 5 0
91844 -244 28 0
91844 244 -5 -28 0
91844 -245 5 0
91844 -245 29 0
91844 245 -5 -29 0
91844 -246 5 0
91844 -246 30 0
91844 246 -5 -30 0
91844 -247 5 0
91844 -247 31 0
91844 247 -5 -31 0
91844 -248 5 0
91844 -248 32 0
91844 248 -5 -32 0
91844 -249 5 0
91844 -249 33 0
91844 249 -5 -33 0
91844 -250 5 0
91844 -250 34 0
91844 250 -5 -34 0
91844 -251 5 0
91844 -251 35 0
91844 251 -5 -35 0
91844 -252 5 0
91844 -252 36 0
91844 252 -5 -36 0
91844 -253 5 0
91844 -253 37 0
91844 253 -5 -37 0
91844 -254 5 0
91844 -254 38 0
91844 254 -5 -38 0
91844 -255 5 0
91844 -255 39 0
91844 255 -5 -39 0
91844 -256 5 0
91844 -256 40 0
91844 256 -5 -40 0
91844 -257 5 0
91844 -257 41 0
91844 257 -5 -41 0
91844 -258 5 0
91844 -258 42 0
91844 258 -5 -42 0
91844 -259 5 0
91844 -259 43 0
91844 259 -5 -43 0
91844 -260 5 0
91844 -260 44 0
91844 260 -5 -44 0
91844 -261 5 0
91844 -261 45 0
91844 261 -5 -45 0
91844 -262 5 0
91844 -262 46 0
91844 262 -5 -46 0
91844 -263 6 0
91844 -263 7 0
91844 263 -6 -7 0
91844 -264 6 0
91844 -264 8 0
91844 264 -6 -8 0
91844 -265 6 0
91844 -265 9 0
91844 265 -6 -9 0
91844 -266 6 0
91844 -266 10 0
91844 266 -6 -10 0
91844 -267 6 0
91844 -267 11 0
91844 267 -6 -11 0
91844 -268 6 0
91844 -268 12 0
91844 268 -6 -12 0
91844 -269 6 0
91844 -269 13 0
91844 269 -6 -13 0
91844 -270 6 0
91844 -270 14 0
91844 270 -6 -14 0
91844 -271 6 0
91844 -271 15 0
91844 271 -6 -15 0
91844 -272 6 0
91844 -272 16 0
91844 272 -6 -16 0
91844 -273 6 0
91844 -273 17 0
91844 273 -6 -17 0
91844 -274 6 0
91844 -274 18 0
91844 274 -6 -18 0
91844 -275 6 0
91844 -275 19 0
91844 275 -6 -19 0
91844 -276 6 0
91844 -276 20 0
91844 276 -6 -20 0
91844 -277 6 0
91844 -277 21 0
91844 277 -6 -21 0
91844 -278 6 0
91844 -278 22 0
91844 278 -6 -22 0
91844 -279 6 0
91844 -279 23 0
91844 279 -6 -23 0
91844 -280 6 0
91844 -280 24 0
91844 280 -6 -24 0
91844 -281 6 0
91844 -281 25 0
91844 281 -6 -25 0
91844 -282 6 0
91844 -282 26 0
91844 282 -6 -26 0
91844 -283 6 0
91844 -283 27 0
91844 283 -6 -27 0
91844 -284 6 0
91844 -284 28 0
91844 284 -6 -28 0
91844 -285 6 0
91844 -285 29 0
91844 285 -6 -29 0
91844 -286 6 0
91844 -286 30 0
91844 286 -6 -30 0
91844 -287 6 0
91844 -287 31 0
91844 287 -6 -31 0
91844 -288 6 0
91844 -288 32 0
91844 288 -6 -32 0
91844 -289 6 0
91844 -289 33 0
91844 289 -6 -33 0
91844 -290 6 0
91844 -290 34 0
91844 290 -6 -34 0
91844 -291 6 0
91844 -291 35 0
91844 291 -6 -35 0
91844 -292 6 0
91844 -292 36 0
91844 292 -6 -36 0
91844 -293 6 0
91844 -293 37 0
91844 293 -6 -37 0
91844 -294 6 0
91844 -294 38 0
91844 294 -6 -38 0
91844 -295 6 0
91844 -295 39 0
91844 295 -6 -39 0
91844 -296 6 0
91844 -296 40 0
91844 296 -6 -40 0
91844 -297 6 0
91844 -297 41 0
91844 297 -6 -41 0
91844 -298 6 0
91844 -298 42 0
91844 298 -6 -42 0
91844 -299 6 0
91844 -299 43 0
91844 299 -6 -43 0
91844 -300 6 0
91844 -300 44 0
91844 300 -6 -44 0
91844 -301 6 0
91844 -301 45 0
91844 301 -6 -45 0
91844 -302 6 0
91844 -302 46 0
91844 302 -6 -46 0
91844 -303 7 0
91844 -303 8 0
91844 303 -7 -8 0
91844 -304 7 0
91844 -304 9 0
91844 304 -7 -9 0
91844 -305 7 0
91844 -305 10 0
91844 305 -7 -10 0
91844 -306 7 0
91844 -306 11 0
91844 306 -7 -11 0
91844 -307 7 0
91844 -307 12 0
91844 307 -7 -12 0
91844 -308 7 0
91844 -308 13 0
91844 308 -7 -13 0
91844 -309 7 0
91844 -309 14 0
91844 309 -7 -14 0
91844 -310 7 0
91844 -310 15 0
91844 310 -7 -15 0
91844 -311 7 0
91844 -311 16 0
91844 311 -7 -16 0
91844 -312 7 0
91844 -312 17 0
91844 312 -7 -17 0
91844 -313 7 0
91844 -313 18 0
91844 313 -7 -18 0
91844 -314 7 0
91844 -314 19 0
91844 314 -7 -19 0
91844 -315 7 0
91844 -315 20 0
91844 315 -7 -20 0
91844 -316 7 0
91844 -316 21 0
91844 316 -7 -21 0
91844 -317 7 0
91844 -317 22 0
91844 317 -7 -22 0
91844 -318 7 0
91844 -318 23 0
91844 318 -7 -23 0
91844 -319 7 0
91844 -319 24 0
91844 319 -7 -24 0
91844 -320 7 0
91844 -320 25 0
91844 320 -7 -25 0
91844 -321 7 0
91844 -321 26 0
91844 321 -7 -26 0
91844 -322 7 0
91844 -322 27 0
91844 322 -7 -27 0
91844 -323 7 0
91844 -323 28 0
91844 323 -7 -28 0
91844 -324 7 0
91844 -324 29 0
91844 324 -7 -29 0
91844 -325 7 0
91844 -325 30 0
91844 325 -7 -30 0
91844 -326 7 0
91844 -326 31 0
91844 326 -7 -31 0
91844 -327 7 0
91844 -327 32 0
91844 327 -7 -32 0
91844 -328 7 0
91844 -328 33 0
91844 328 -7 -33 0
91844 -329 7 0
91844 -329 34 0
91844 329 -7 -34 0
91844 -330 7 0
91844 -330 35 0
91844 330 -7 -35 0
91844 -331 7 0
91844 -331 36 0
91844 331 -7 -36 0
91844 -332 7 0
91844 -332 37 0
91844 332 -7 -37 0
91844 -333 7 0
91844 -333 38 0
91844 333 -7 -38 0
91844 -334 7 0
91844 -334 39 0
91844 334 -7 -39 0
91844 -335 7 0
91844 -335 40 0
91844 335 -7 -40 0
91844 -336 7 0
91844 -336 41 0
91844 336 -7 -41 0
91844 -337 7 0
91844 -337 42 0
91844 337 -7 -42 0
91844 -338 7 0
91844 -338 43 0
91844 338 -7 -43 0
91844 -339 7 0
91844 -339 44 0
91844 339 -7 -44 0
91844 -340 7 0
91844 -340 45 0
91844 340 -7 -45 0
91844 -341 7 0
91844 -341 46 0
91844 341 -7 -46 0
91844 -342 8 0
91844 -342 9 0
91844 342 -8 -9 0
91844 -343 8 0
91844 -343 10 0
91844 343 -8 -10 0
91844 -344 8 0
91844 -344 11 0
91844 344 -8 -11 0
91844 -345 8 0
91844 -345 12 0
91844 345 -8 -12 0
91844 -346 8 0
91844 -346 13 0
91844 346 -8 -13 0
91844 -347 8 0
91844 -347 14 0
91844 347 -8 -14 0
91844 -348 8 0
91844 -348 15 0
91844 348 -8 -15 0
91844 -349 8 0
91844 -349 16 0
91844 349 -8 -16 0
91844 -350 8 0
91844 -350 17 0
91844 350 -8 -17 0
91844 -351 8 0
91844 -351 18 0
91844 351 -8 -18 0
91844 -352 8 0
91844 -352 19 0
91844 352 -8 -19 0
91844 -353 8 0
91844 -353 20 0
91844 353 -8 -20 0
91844 -354 8 0
91844 -354 21 0
91844 354 -8 -21 0
91844 -355 8 0
91844 -355 22 0
91844 355 -8 -22 0
91844 -356 8 0
91844 -356 23 0
91844 356 -8 -23 0
91844 -357 8 0
91844 -357 24 0
91844 357 -8 -24 0
91844 -358 8 0
91844 -358 25 0
91844 358 -8 -25 0
91844 -359 8 0
91844 -359 26 0
91844 359 -8 -26 0
91844 -360 8 0
91844 -360 27 0
91844 360 -8 -27 0
91844 -361 8 0
91844 -361 28 0
91844 361 -8 -28 0
91844 -362 8 0
91844 -362 29 0
91844 362 -8 -29 0
91844 -363 8 0
91844 -363 30 0
91844 363 -8 -30 0
91844 -364 8 0
91844 -364 31 0
91844 364 -8 -31 0
91844 -365 8 0
91844 -365 32 0
91844 365 -8 -32 0
91844 -366 8 0
91844 -366 33 0
91844 366 -8 -33 0
91844 -367 8 0
91844 -367 34 0
91844 367 -8 -34 0
91844 -368 8 0
91844 -368 35 0
91844 368 -8 -35 0
91844 -369 8 0
91844 -369 36 0
91844 369 -8 -36 0
91844 -370 8 0
91844 -370 37 0
91844 370 -8 -37 0
91844 -371 8 0
91844 -371 38 0
91844 371 -8 -38 0
91844 -372 8 0
91844 -372 39 0
91844 372 -8 -39 0
91844 -373 8 0
91844 -373 40 0
91844 373 -8 -40 0
91844 -374 8 0
91844 -374 41 0
91844 374 -8 -41 0
91844 -375 8 0
91844 -375 42 0
91844 375 -8 -42 0
91844 -376 8 0
91844 -376 43 0
91844 376 -8 -43 0
91844 -377 8 0
91844 -377 44 0
91844 377 -8 -44 0
91844 -378 8 0
91844 -378 45 0
91844 378 -8 -45 0
91844 -379 8 0
91844 -379 46 0
91844 379 -8 -46 0
91844 -380 9 0
91844 -380 10 0
91844 380 -9 -10 0
91844 -381 9 0
91844 -381 11 0
91844 381 -9 -11 0
91844 -382 9 0
91844 -382 12 0
91844 382 -9 -12 0
91844 -383 9 0
91844 -383 13 0
91844 383 -9 -13 0
91844 -384 9 0
91844 -384 14 0
91844 384 -9 -14 0
91844 -385 9 0
91844 -385 15 0
91844 385 -9 -15 0
91844 -386 9 0
91844 -386 16 0
91844 386 -9 -16 0
91844 -387 9 0
91844 -387 17 0
91844 387 -9 -17 0
91844 -388 9 0
91844 -388 18 0
91844 388 -9 -18 0
91844 -389 9 0
91844 -389 19 0
91844 389 -9 -19 0
91844 -390 9 0
91844 -390 20 0
91844 390 -9 -20 0
91844 -391 9 0
91844 -391 21 0
91844 391 -9 -21 0
91844 -392 9 0
91844 -392 22 0
91844 392 -9 -22 0
91844 -393 9 0
91844 -393 23 0
91844 393 -9 -23 0
91844 -394 9 0
91844 -394 24 0
91844 394 -9 -24 0
91844 -395 9 0
91844 -395 25 0
91844 395 -9 -25 0
91844 -396 9 0
91844 -396 26 0
91844 396 -9 -26 0
91844 -397 9 0
91844 -397 27 0
91844 397 -9 -27 0
91844 -398 9 0
91844 -398 28 0
91844 398 -9 -28 0
91844 -399 9 0
91844 -399 29 0
91844 399 -9 -29 0
91844 -400 9 0
91844 -400 30 0
91844 400 -9 -30 0
91844 -401 9 0
91844 -401 31 0
91844 401 -9 -31 0
91844 -402 9 0
91844 -402 32 0
91844 402 -9 -32 0
91844 -403 9 0
91844 -403 33 0
91844 403 -9 -33 0
91844 -404 9 0
91844 -404 34 0
91844 404 -9 -34 0
91844 -405 9 0
91844 -405 35 0
91844 405 -9 -35 0
91844 -406 9 0
91844 -406 36 0
91844 406 -9 -36 0
91844 -407 9 0
91844 -407 37 0
91844 407 -9 -37 0
91844 -408 9 0
91844 -408 38 0
91844 408 -9 -38 0
91844 -409 9 0
91844 -409 39 0
91844 409 -9 -39 0
91844 -410 9 0
91844 -410 40 0
91844 410 -9 -40 0
91844 -411 9 0
91844 -411 41 0
91844 411 -9 -41 0
91844 -412 9 0
91844 -412 42 0
91844 412 -9 -42 0
91844 -413 9 0
91844 -413 43 0
91844 413 -9 -43 0
91844 -414 9 0
91844 -414 44 0
91844 414 -9 -44 0
91844 -415 9 0
91844 -415 45 0
91844 415 -9 -45 0
91844 -416 9 0
91844 -416 46 0
91844 416 -9 -46 0
91844 -417 10 0
91844 -417 11 0
91844 417 -10 -11 0
91844 -418 10 0
91844 -418 12 0
91844 418 -10 -12 0
91844 -419 10 0
91844 -419 13 0
91844 419 -10 -13 0
91844 -420 10 0
91844 -420 14 0
91844 420 -10 -14 0
91844 -421 10 0
91844 -421 15 0
91844 421 -10 -15 0
91844 -422 10 0
91844 -422 16 0
91844 422 -10 -16 0
91844 -423 10 0
91844 -423 17 0
91844 423 -10 -17 0
91844 -424 10 0
91844 -424 18 0
91844 424 -10 -18 0
91844 -425 10 0
91844 -425 19 0
91844 425 -10 -19 0
91844 -426 10 0
91844 -426 20 0
91844 426 -10 -20 0
91844 -427 10 0
91844 -427 21 0
91844 427 -10 -21 0
91844 -428 10 0
91844 -428 22 0
91844 428 -10 -22 0
91844 -429 10 0
91844 -429 23 0
91844 429 -10 -23 0
91844 -430 10 0
91844 -430 24 0
91844 430 -10 -24 0
91844 -431 10 0
91844 -431 25 0
91844 431 -10 -25 0
91844 -432 10 0
91844 -432 26 0
91844 432 -10 -26 0
91844 -433 10 0
91844 -433 27 0
91844 433 -10 -27 0
91844 -434 10 0
91844 -434 28 0
91844 434 -10 -28 0
91844 -435 10 0
91844 -435 29 0
91844 435 -10 -29 0
91844 -436 10 0
91844 -436 30 0
91844 436 -10 -30 0
91844 -437 10 0
91844 -437 31 0
91844 437 -10 -31 0
91844 -438 10 0
91844 -438 32 0
91844 438 -10 -32 0
91844 -439 10 0
91844 -439 33 0
91844 439 -10 -33 0
91844 -440 10 0
91844 -440 34 0
91844 440 -10 -34 0
91844 -441 10 0
91844 -441 35 0
91844 441 -10 -35 0
91844 -442 10 0
91844 -442 36 0
91844 442 -10 -36 0
91844 -443 10 0
91844 -443 37 0
91844 443 -10 -37 0
91844 -444 10 0
91844 -444 38 0
91844 444 -10 -38 0
91844 -445 10 0
91844 -445 39 0
91844 445 -10 -39 0
91844 -446 10 0
91844 -446 40 0
91844 446 -10 -40 0
91844 -447 10 0
91844 -447 41 0
91844 447 -10 -41 0
91844 -448 10 0
91844 -448 42 0
91844 448 -10 -42 0
91844 -449 10 0
91844 -449 43 0
91844 449 -10 -43 0
91844 -450 10 0
91844 -450 44 0
91844 450 -10 -44 0
91844 -451 10 0
91844 -451 45 0
91844 451 -10 -45 0
91844 -452 10 0
91844 -452 46 0
91844 452 -10 -46 0
91844 -453 11 0
91844 -453 12 0
91844 453 -11 -12 0
91844 -454 11 0
91844 -454 13 0
91844 454 -11 -13 0
91844 -455 11 0
91844 -455 14 0
91844 455 -11 -14 0
91844 -456 11 0
91844 -456 15 0
91844 456 -11 -15 0
91844 -457 11 0
91844 -457 16 0
91844 457 -11 -16 0
91844 -458 11 0
91844 -458 17 0
91844 458 -11 -17 0
91844 -459 11 0
91844 -459 18 0
91844 459 -11 -18 0
91844 -460 11 0
91844 -460 19 0
91844 460 -11 -19 0
91844 -461 11 0
91844 -461 20 0
91844 461 -11 -20 0
91844 -462 11 0
91844 -462 21 0
91844 462 -11 -21 0
91844 -463 11 0
91844 -463 22 0
91844 463 -11 -22 0
91844 -464 11 0
91844 -464 23 0
91844 464 -11 -23 0
91844 -465 11 0
91844 -465 24 0
91844 465 -11 -24 0
91844 -466 11 0
91844 -466 25 0
91844 466 -11 -25 0
91844 -467 11 0
91844 -467 26 0
91844 467 -11 -26 0
91844 -468 11 0
91844 -468 27 0
91844 468 -11 -27 0
91844 -469 11 0
91844 -469 28 0
91844 469 -11 -28 0
91844 -470 11 0
91844 -470 29 0
91844 470 -11 -29 0
91844 -471 11 0
91844 -471 30 0
91844 471 -11 -30 0
91844 -472 11 0
91844 -472 31 0
91844 472 -11 -31 0
91844 -473 11 0
91844 -473 32 0
91844 473 -11 -32 0
91844 -474 11 0
91844 -474 33 0
91844 474 -11 -33 0
91844 -475 11 0
91844 -475 34 0
91844 475 -11 -34 0
91844 -476 11 0
91844 -476 35 0
91844 476 -11 -35 0
91844 -477 11 0
91844 -477 36 0
91844 477 -11 -36 0
91844 -478 11 0
91844 -478 37 0
91844 478 -11 -37 0
91844 -479 11 0
91844 -479 38 0
91844 479 -11 -38 0
91844 -480 11 0
91844 -480 39 0
91844 480 -11 -39 0
91844 -481 11 0
91844 -481 40 0
91844 481 -11 -40 0
91844 -482 11 0
91844 -482 41 0
91844 482 -11 -41 0
91844 -483 11 0
91844 -483 42 0
91844 483 -11 -42 0
91844 -484 11 0
91844 -484 43 0
91844 484 -11 -43 0
91844 -485 11 0
91844 -485 44 0
91844 485 -11 -44 0
91844 -486 11 0
91844 -486 45 0
91844 486 -11 -45 0
91844 -487 11 0
91844 -487 46 0
91844 487 -11 -46 0
91844 -488 12 0
91844 -488 13 0
91844 488 -12 -13 0
91844 -489 12 0
91844 -489 14 0
91844 489 -12 -14 0
91844 -490 12 0
91844 -490 15 0
91844 490 -12 -15 0
91844 -491 12 0
91844 -491 16 0
91844 491 -12 -16 0
91844 -492 12 0
91844 -492 17 0
91844 492 -12 -17 0
91844 -493 12 0
91844 -493 18 0
91844 493 -12 -18 0
91844 -494 12 0
91844 -494 19 0
91844 494 -12 -19 0
91844 -495 12 0
91844 -495 20 0
91844 495 -12 -20 0
91844 -496 12 0
91844 -496 21 0
91844 496 -12 -21 0
91844 -497 12 0
91844 -497 22 0
91844 497 -12 -22 0
91844 -498 12 0
91844 -498 23 0
91844 498 -12 -23 0
91844 -499 12 0
91844 -499 24 0
91844 499 -12 -24 0
91844 -500 12 0
91844 -500 25 0
91844 500 -12 -25 0
91844 -501 12 0
91844 -501 26 0
91844 501 -12 -26 0
91844 -502 12 0
91844 -502 27 0
91844 502 -12 -27 0
91844 -503 12 0
91844 -503 28 0
91844 503 -12 -28 0
91844 -504 12 0
91844 -504 29 0
91844 504 -12 -29 0
91844 -505 12 0
91844 -505 30 0
91844 505 -12 -30 0
91844 -506 12 0
91844 -506 31 0
91844 506 -12 -31 0
91844 -507 12 0
91844 -507 32 0
91844 507 -12 -32 0
91844 -508 12 0
91844 -508 33 0
91844 508 -12 -33 0
91844 -509 12 0
91844 -509 34 0
91844 509 -12 -34 0
91844 -510 12 0
91844 -510 35 0
91844 510 -12 -35 0
91844 -511 12 0
91844 -511 36 0
91844 511 -12 -36 0
91844 -512 12 0
91844 -512 37 0
91844 512 -12 -37 0
91844 -513 12 0
91844 -513 38 0
91844 513 -12 -38 0
91844 -514 12 0
91844 -514 39 0
91844 514 -12 -39 0
91844 -515 12 0
91844 -515 40 0
91844 515 -12 -40 0
91844 -516 12 0
91844 -516 41 0
91844 516 -12 -41 0
91844 -517 12 0
91844 -517 42 0
91844 517 -12 -42 0
91844 -518 12 0
91844 -518 43 0
91844 518 -12 -43 0
91844 -519 12 0
91844 -519 44 0
91844 519 -12 -44 0
91844 -520 12 0
91844 -520 45 0
91844 520 -12 -45 0
91844 -521 12 0
91844 -521 46 0
91844 521 -12 -46 0
91844 -522 13 0
91844 -522 14 0
91844 522 -13 -14 0
91844 -523 13 0
91844 -523 15 0
91844 523 -13 -15 0
91844 -524 13 0
91844 -524 16 0
91844 524 -13 -16 0
91844 -525 13 0
91844 -525 17 0
91844 525 -13 -17 0
91844 -526 13 0
91844 -526 18 0
91844 526 -13 -18 0
91844 -527 13 0
91844 -527 19 0
91844 527 -13 -19 0
91844 -528 13 0
91844 -528 20 0
91844 528 -13 -20 0
91844 -529 13 0
91844 -529 21 0
91844 529 -13 -21 0
91844 -530 13 0
91844 -530 22 0
91844 530 -13 -22 0
91844 -531 13 0
91844 -531 23 0
91844 531 -13 -23 0
91844 -532 13 0
91844 -532 24 0
91844 532 -13 -24 0
91844 -533 13 0
91844 -533 25 0
91844 533 -13 -25 0
91844 -534 13 0
91844 -534 26 0
91844 534 -13 -26 0
91844 -535 13 0
91844 -535 27 0
91844 535 -13 -27 0
91844 -536 13 0
91844 -536 28 0
91844 536 -13 -28 0
91844 -537 13 0
91844 -537 29 0
91844 537 -13 -29 0
91844 -538 13 0
91844 -538 30 0
91844 538 -13 -30 0
91844 -539 13 0
91844 -539 31 0
91844 539 -13 -31 0
91844 -540 13 0
91844 -540 32 0
91844 540 -13 -32 0
91844 -541 13 0
91844 -541 33 0
91844 541 -13 -33 0
91844 -542 13 0
91844 -542 34 0
91844 542 -13 -34 0
91844 -543 13 0
91844 -543 35 0
91844 543 -13 -35 0
91844 -544 13 0
91844 -544 36 0
91844 544 -13 -36 0
91844 -545 13 0
91844 -545 37 0
91844 545 -13 -37 0
91844 -546 13 0
91844 -546 38 0
91844 546 -13 -38 0
91844 -547 13 0
91844 -547 39 0
91844 547 -13 -39 0
91844 -548 13 0
91844 -548 40 0
91844 548 -13 -40 0
91844 -549 13 0
91844 -549 41 0
91844 549 -13 -41 0
91844 -550 13 0
91844 -550 42 0
91844 550 -13 -42 0
91844 -551 13 0
91844 -551 43 0
91844 551 -13 -43 0
91844 -552 13 0
91844 -552 44 0
91844 552 -13 -44 0
91844 -553 13 0
91844 -553 45 0
91844 553 -13 -45 0
91844 -554 13 0
91844 -554 46 0
91844 554 -13 -46 0
91844 -555 14 0
91844 -555 15 0
91844 555 -14 -15 0
91844 -556 14 0
91844 -556 16 0
91844 556 -14 -16 0
91844 -557 14 0
91844 -557 17 0
91844 557 -14 -17 0
91844 -558 14 0
91844 -558 18 0
91844 558 -14 -18 0
91844 -559 14 0
91844 -559 19 0
91844 559 -14 -19 0
91844 -560 14 0
91844 -560 20 0
91844 560 -14 -20 0
91844 -561 14 0
91844 -561 21 0
91844 561 -14 -21 0
91844 -562 14 0
91844 -562 22 0
91844 562 -14 -22 0
91844 -563 14 0
91844 -563 23 0
91844 563 -14 -23 0
91844 -564 14 0
91844 -564 24 0
91844 564 -14 -24 0
91844 -565 14 0
91844 -565 25 0
91844 565 -14 -25 0
91844 -566 14 0
91844 -566 26 0
91844 566 -14 -26 0
91844 -567 14 0
91844 -567 27 0
91844 567 -14 -27 0
91844 -568 14 0
91844 -568 28 0
91844 568 -14 -28 0
91844 -569 14 0
91844 -569 29 0
91844 569 -14 -29 0
91844 -570 14 0
91844 -570 30 0
91844 570 -14 -30 0
91844 -571 14 0
91844 -571 31 0
91844 571 -14 -31 0
91844 -572 14 0
91844 -572 32 0
91844 572 -14 -32 0
91844 -573 14 0
91844 -573 33 0
91844 573 -14 -33 0
91844 -574 14 0
91844 -574 34 0
91844 574 -14 -34 0
91844 -575 14 0
91844 -575 35 0
91844 575 -14 -35 0
91844 -576 14 0
91844 -576 36 0
91844 576 -14 -36 0
91844 -577 14 0
91844 -577 37 0
91844 577 -14 -37 0
91844 -578 14 0
91844 -578 38 0
91844 578 -14 -38 0
91844 -579 14 0
91844 -579 39 0
91844 579 -14 -39 0
91844 -580 14 0
91844 -580 40 0
91844 580 -14 -40 0
91844 -581 14 0
91844 -581 41 0
91844 581 -14 -41 0
91844 -582 14 0
91844 -582 42 0
91844 582 -14 -42 0
91844 -583 14 0
91844 -583 43 0
91844 583 -14 -43 0
91844 -584 14 0
91844 -584 44 0
91844 584 -14 -44 0
91844 -585 14 0
91844 -585 45 0
91844 585 -14 -45 0
91844 -586 14 0
91844 -586 46 0
91844 586 -14 -46 0
91844 -587 15 0
91844 -587 16 0
91844 587 -15 -16 0
91844 -588 15 0
91844 -588 17 0
91844 588 -15 -17 0
91844 -589 15 0
91844 -589 18 0
91844 589 -15 -18 0
91844 -590 15 0
91844 -590 19 0
91844 590 -15 -19 0
91844 -591 15 0
91844 -591 20 0
91844 591 -15 -20 0
91844 -592 15 0
91844 -592 21 0
91844 592 -15 -21 0
91844 -593 15 0
91844 -593 22 0
91844 593 -15 -22 0
91844 -594 15 0
91844 -594 23 0
91844 594 -15 -23 0
91844 -595 15 0
91844 -595 24 0
91844 595 -15 -24 0
91844 -596 15 0
91844 -596 25 0
91844 596 -15 -25 0
91844 -597 15 0
91844 -597 26 0
91844 597 -15 -26 0
91844 -598 15 0
91844 -598 27 0
91844 598 -15 -27 0
91844 -599 15 0
91844 -599 28 0
91844 599 -15 -28 0
91844 -600 15 0
91844 -600 29 0
91844 600 -15 -29 0
91844 -601 15 0
91844 -601 30 0
91844 601 -15 -30 0
91844 -602 15 0
91844 -602 31 0
91844 602 -15 -31 0
91844 -603 15 0
91844 -603 32 0
91844 603 -15 -32 0
91844 -604 15 0
91844 -604 33 0
91844 604 -15 -33 0
91844 -605 15 0
91844 -605 34 0
91844 605 -15 -34 0
91844 -606 15 0
91844 -606 35 0
91844 606 -15 -35 0
91844 -607 15 0
91844 -607 36 0
91844 607 -15 -36 0
91844 -608 15 0
91844 -608 37 0
91844 608 -15 -37 0
91844 -609 15 0
91844 -609 38 0
91844 609 -15 -38 0
91844 -610 15 0
91844 -610 39 0
91844 610 -15 -39 0
91844 -611 15 0
91844 -611 40 0
91844 611 -15 -40 0
91844 -612 15 0
91844 -612 41 0
91844 612 -15 -41 0
91844 -613 15 0
91844 -613 42 0
91844 613 -15 -42 0
91844 -614 15 0
91844 -614 43 0
91844 614 -15 -43 0
91844 -615 15 0
91844 -615 44 0
91844 615 -15 -44 0
91844 -616 15 0
91844 -616 45 0
91844 616 -15 -45 0
91844 -617 15 0
91844 -617 46 0
91844 617 -15 -46 0
91844 -618 16 0
91844 -618 17 0
91844 618 -16 -17 0
91844 -619 16 0
91844 -619 18 0
91844 619 -16 -18 0
91844 -620 16 0
91844 -620 19 0
91844 620 -16 -19 0
91844 -621 16 0
91844 -621 20 0
91844 621 -16 -20 0
91844 -622 16 0
91844 -622 21 0
91844 622 -16 -21 0
91844 -623 16 0
91844 -623 22 0
91844 623 -16 -22 0
91844 -624 16 0
91844 -624 23 0
91844 624 -16 -23 0
91844 -625 16 0
91844 -625 24 0
91844 625 -16 -24 0
91844 -626 16 0
91844 -626 25 0
91844 626 -16 -25 0
91844 -627 16 0
91844 -627 26 0
91844 627 -16 -26 0
91844 -628 16 0
91844 -628 27 0
91844 628 -16 -27 0
91844 -629 16 0
91844 -629 28 0
91844 629 -16 -28 0
91844 -630 16 0
91844 -630 29 0
91844 630 -16 -29 0
91844 -631 16 0
91844 -631 30 0
91844 631 -16 -30 0
91844 -632 16 0
91844 -632 31 0
91844 632 -16 -31 0
91844 -633 16 0
91844 -633 32 0
91844 633 -16 -32 0
91844 -634 16 0
91844 -634 33 0
91844 634 -16 -33 0
91844 -635 16 0
91844 -635 34 0
91844 635 -16 -34 0
91844 -636 16 0
91844 -636 35 0
91844 636 -16 -35 0
91844 -637 16 0
91844 -637 36 0
91844 637 -16 -36 0
91844 -638 16 0
91844 -638 37 0
91844 638 -16 -37 0
91844 -639 16 0
91844 -639 38 0
91844 639 -16 -38 0
91844 -640 16 0
91844 -640 39 0
91844 640 -16 -39 0
91844 -641 16 0
91844 -641 40 0
91844 641 -16 -40 0
91844 -642 16 0
91844 -642 41 0
91844 642 -16 -41 0
91844 -643 16 0
91844 -643 42 0
91844 643 -16 -42 0
91844 -644 16 0
91844 -644 43 0
91844 644 -16 -43 0
91844 -645 16 0
91844 -645 44 0
91844 645 -16 -44 0
91844 -646 16 0
91844 -646 45 0
91844 646 -16 -45 0
91844 -647 16 0
91844 -647 46 0
91844 647 -16 -46 0
91844 -648 17 0
91844 -648 18 0
91844 648 -17 -18 0
91844 -649 17 0
91844 -649 19 0
91844 649 -17 -19 0
91844 -650 17 0
91844 -650 20 0
91844 650 -17 -20 0
91844 -651 17 0
91844 -651 21 0
91844 651 -17 -21 0
91844 -652 17 0
91844 -652 22 0
91844 652 -17 -22 0
91844 -653 17 0
91844 -653 23 0
91844 653 -17 -23 0
91844 -654 17 0
91844 -654 24 0
91844 654 -17 -24 0
91844 -655 17 0
91844 -655 25 0
91844 655 -17 -25 0
91844 -656 17 0
91844 -656 26 0
91844 656 -17 -26 0
91844 -657 17 0
91844 -657 27 0
91844 657 -17 -27 0
91844 -658 17 0
91844 -658 28 0
91844 658 -17 -28 0
91844 -659 17 0
91844 -659 29 0
91844 659 -17 -29 0
91844 -660 17 0
91844 -660 30 0
91844 660 -17 -30 0
91844 -661 17 0
91844 -661 31 0
91844 661 -17 -31 0
91844 -662 17 0
91844 -662 32 0
91844 662 -17 -32 0
91844 -663 17 0
91844 -663 33 0
91844 663 -17 -33 0
91844 -664 17 0
91844 -664 34 0
91844 664 -17 -34 0
91844 -665 17 0
91844 -665 35 0
91844 665 -17 -35 0
91844 -666 17 0
91844 -666 36 0
91844 666 -17 -36 0
91844 -667 17 0
91844 -667 37 0
91844 667 -17 -37 0
91844 -668 17 0
91844 -668 38 0
91844 668 -17 -38 0
91844 -669 17 0
91844 -669 39 0
91844 669 -17 -39 0
91844 -670 17 0
91844 -670 40 0
91844 670 -17 -40 0
91844 -671 17 0
91844 -671 41 0
91844 671 -17 -41 0
91844 -672 17 0
91844 -672 42 0
91844 672 -17 -42 0
91844 -673 17 0
91844 -673 43 0
91844 673 -17 -43 0
91844 -674 17 0
91844 -674 44 0
91844 674 -17 -44 0
91844 -675 17 0
91844 -675 45 0
91844 675 -17 -45 0
91844 -676 17 0
91844 -676 46 0
91844 676 -17 -46 0
91844 -677 18 0
91844 -677 19 0
91844 677 -18 -19 0
91844 -678 18 0
91844 -678 20 0
91844 678 -18 -20 0
91844 -679 18 0
91844 -679 21 0
91844 679 -18 -21 0
91844 -680 18 0
91844 -680 22 0
91844 680 -18 -22 0
91844 -681 18 0
91844 -681 23 0
91844 681 -18 -23 0
91844 -682 18 0
91844 -682 24 0
91844 682 -18 -24 0
91844 -683 18 0
91844 -683 25 0
91844 683 -18 -25 0
91844 -684 18 0
91844 -684 26 0
91844 684 -18 -26 0
91844 -685 18 0
91844 -685 27 0
91844 685 -18 -27 0
91844 -686 18 0
91844 -686 28 0
91844 686 -18 -28 0
91844 -687 18 0
91844 -687 29 0
91844 687 -18 -29 0
91844 -688 18 0
91844 -688 30 0
91844 688 -18 -30 0
91844 -689 18 0
91844 -689 31 0
91844 689 -18 -31 0
91844 -690 18 0
91844 -690 32 0
91844 690 -18 -32 0
91844 -691 18 0
91844 -691 33 0
91844 691 -18 -33 0
91844 -692 18 0
91844 -692 34 0
91844 692 -18 -34 0
91844 -693 18 0
91844 -693 35 0
91844 693 -18 -35 0
91844 -694 18 0
91844 -694 36 0
91844 694 -18 -36 0
91844 -695 18 0
91844 -695 37 0
91844 695 -18 -37 0
91844 -696 18 0
91844 -696 38 0
91844 696 -18 -38 0
91844 -697 18 0
91844 -697 39 0
91844 697 -18 -39 0
91844 -698 18 0
91844 -698 40 0
91844 698 -18 -40 0
91844 -699 18 0
91844 -699 41 0
91844 699 -18 -41 0
91844 -700 18 0
91844 -700 42 0
91844 700 -18 -42 0
91844 -701 18 0
91844 -701 43 0
91844 701 -18 -43 0
91844 -702 18 0
91844 -702 44 0
91844 702 -18 -44 0
91844 -703 18 0
91844 -703 45 0
91844 703 -18 -45 0
91844 -704 18 0
91844 -704 46 0
91844 704 -18 -46 0
91844 -705 19 0
91844 -705 20 0
91844 705 -19 -20 0
91844 -706 19 0
91844 -706 21 0
91844 706 -19 -21 0
91844 -707 19 0
91844 -707 22 0
91844 707 -19 -22 0
91844 -708 19 0
91844 -708 23 0
91844 708 -19 -23 0
91844 -709 19 0
91844 -709 24 0
91844 709 -19 -24 0
91844 -710 19 0
91844 -710 25 0
91844 710 -19 -25 0
91844 -711 19 0
91844 -711 26 0
91844 711 -19 -26 0
91844 -712 19 0
91844 -712 27 0
91844 712 -19 -27 0
91844 -713 19 0
91844 -713 28 0
91844 713 -19 -28 0
91844 -714 19 0
91844 -714 29 0
91844 714 -19 -29 0
91844 -715 19 0
91844 -715 30 0
91844 715 -19 -30 0
91844 -716 19 0
91844 -716 31 0
91844 716 -19 -31 0
91844 -717 19 0
91844 -717 32 0
91844 717 -19 -32 0
91844 -718 19 0
91844 -718 33 0
91844 718 -19 -33 0
91844 -719 19 0
91844 -719 34 0
91844 719 -19 -34 0
91844 -720 19 0
91844 -720 35 0
91844 720 -19 -35 0
91844 -721 19 0
91844 -721 36 0
91844 721 -19 -36 0
91844 -722 19 0
91844 -722 37 0
91844 722 -19 -37 0
91844 -723 19 0
91844 -723 38 0
91844 723 -19 -38 0
91844 -724 19 0
91844 -724 39 0
91844 724 -19 -39 0
91844 -725 19 0
91844 -725 40 0
91844 725 -19 -40 0
91844 -726 19 0
91844 -726 41 0
91844 726 -19 -41 0
91844 -727 19 0
91844 -727 42 0
91844 727 -19 -42 0
91844 -728 19 0
91844 -728 43 0
91844 728 -19 -43 0
91844 -729 19 0
91844 -729 44 0
91844 729 -19 -44 0
91844 -730 19 0
91844 -730 45 0
91844 730 -19 -45 0
91844 -731 19 0
91844 -731 46 0
91844 731 -19 -46 0
91844 -732 20 0
91844 -732 21 0
91844 732 -20 -21 0
91844 -733 20 0
91844 -733 22 0
91844 733 -20 -22 0
91844 -734 20 0
91844 -734 23 0
91844 734 -20 -23 0
91844 -735 20 0
91844 -735 24 0
91844 735 -20 -24 0
91844 -736 20 0
91844 -736 25 0
91844 736 -20 -25 0
91844 -737 20 0
91844 -737 26 0
91844 737 -20 -26 0
91844 -738 20 0
91844 -738 27 0
91844 738 -20 -27 0
91844 -739 20 0
91844 -739 28 0
91844 739 -20 -28 0
91844 -740 20 0
91844 -740 29 0
91844 740 -20 -29 0
91844 -741 20 0
91844 -741 30 0
91844 741 -20 -30 0
91844 -742 20 0
91844 -742 31 0
91844 742 -20 -31 0
91844 -743 20 0
91844 -743 32 0
91844 743 -20 -32 0
91844 -744 20 0
91844 -744 33 0
91844 744 -20 -33 0
91844 -745 20 0
91844 -745 34 0
91844 745 -20 -34 0
91844 -746 20 0
91844 -746 35 0
91844 746 -20 -35 0
91844 -747 20 0
91844 -747 36 0
91844 747 -20 -36 0
91844 -748 20 0
91844 -748 37 0
91844 748 -20 -37 0
91844 -749 20 0
91844 -749 38 0
91844 749 -20 -38 0
91844 -750 20 0
91844 -750 39 0
91844 750 -20 -39 0
91844 -751 20 0
91844 -751 40 0
91844 751 -20 -40 0
91844 -752 20 0
91844 -752 41 0
91844 752 -20 -41 0
91844 -753 20 0
91844 -753 42 0
91844 753 -20 -42 0
91844 -754 20 0
91844 -754 43 0
91844 754 -20 -43 0
91844 -755 20 0
91844 -755 44 0
91844 755 -20 -44 0
91844 -756 20 0
91844 -756 45 0
91844 756 -20 -45 0
91844 -757 20 0
91844 -757 46 0
91844 757 -20 -46 0
91844 -758 21 0
91844 -758 22 0
91844 758 -21 -22 0
91844 -759 21 0
91844 -759 23 0
91844 759 -21 -23 0
91844 -760 21 0
91844 -760 24 0
91844 760 -21 -24 0
91844 -761 21 0
91844 -761 25 0
91844 761 -21 -25 0
91844 -762 21 0
91844 -762 26 0
91844 762 -21 -26 0
91844 -763 21 0
91844 -763 27 0
91844 763 -21 -27 0
91844 -764 21 0
91844 -764 28 0
91844 764 -21 -28 0
91844 -765 21 0
91844 -765 29 0
91844 765 -21 -29 0
91844 -766 21 0
91844 -766 30 0
91844 766 -21 -30 0
91844 -767 21 0
91844 -767 31 0
91844 767 -21 -31 0
91844 -768 21 0
91844 -768 32 0
91844 768 -21 -32 0
91844 -769 21 0
91844 -769 33 0
91844 769 -21 -33 0
91844 -770 21 0
91844 -770 34 0
91844 770 -21 -34 0
91844 -771 21 0
91844 -771 35 0
91844 771 -21 -35 0
91844 -772 21 0
91844 -772 36 0
91844 772 -21 -36 0
91844 -773 21 0
91844 -773 37 0
91844 773 -21 -37 0
91844 -774 21 0
91844 -774 38 0
91844 774 -21 -38 0
91844 -775 21 0
91844 -775 39 0
91844 775 -21 -39 0
91844 -776 21 0
91844 -776 40 0
91844 776 -21 -40 0
91844 -777 21 0
91844 -777 41 0
91844 777 -21 -41 0
91844 -778 21 0
91844 -778 42 0
91844 778 -21 -42 0
91844 -779 21 0
91844 -779 43 0
91844 779 -21 -43 0
91844 -780 21 0
91844 -780 44 0
91844 780 -21 -44 0
91844 -781 21 0
91844 -781 45 0
91844 781 -21 -45 0
91844 -782 21 0
91844 -782 46 0
91844 782 -21 -46 0
91844 -783 22 0
91844 -783 23 0
91844 783 -22 -23 0
91844 -784 22 0
91844 -784 24 0
91844 784 -22 -24 0
91844 -785 22 0
91844 -785 25 0
91844 785 -22 -25 0
91844 -786 22 0
91844 -786 26 0
91844 786 -22 -26 0
91844 -787 22 0
91844 -787 27 0
91844 787 -22 -27 0
91844 -788 22 0
91844 -788 28 0
91844 788 -22 -28 0
91844 -789 22 0
91844 -789 29 0
91844 789 -22 -29 0
91844 -790 22 0
91844 -790 30 0
91844 790 -22 -30 0
91844 -791 22 0
91844 -791 31 0
91844 791 -22 -31 0
91844 -792 22 0
91844 -792 32 0
91844 792 -22 -32 0
91844 -793 22 0
91844 -793 33 0
91844 793 -22 -33 0
91844 -794 22 0
91844 -794 34 0
91844 794 -22 -34 0
91844 -795 22 0
91844 -795 35 0
91844 795 -22 -35 0
91844 -796 22 0
91844 -796 36 0
91844 796 -22 -36 0
91844 -797 22 0
91844 -797 37 0
91844 797 -22 -37 0
91844 -798 22 0
91844 -798 38 0
91844 798 -22 -38 0
91844 -799 22 0
91844 -799 39 0
91844 799 -22 -39 0
91844 -800 22 0
91844 -800 40 0
91844 800 -22 -40 0
91844 -801 22 0
91844 -801 41 0
91844 801 -22 -41 0
91844 -802 22 0
91844 -802 42 0
91844 802 -22 -42 0
91844 -803 22 0
91844 -803 43 0
91844 803 -22 -43 0
91844 -804 22 0
91844 -804 44 0
91844 804 -22 -44 0
91844 -805 22 0
91844 -805 45 0
91844 805 -22 -45 0
91844 -806 22 0
91844 -806 46 0
91844 806 -22 -46 0
91844 -807 23 0
91844 -807 24 0
91844 807 -23 -24 0
91844 -808 23 0
91844 -808 25 0
91844 808 -23 -25 0
91844 -809 23 0
91844 -809 26 0
91844 809 -23 -26 0
91844 -810 23 0
91844 -810 27 0
91844 810 -23 -27 0
91844 -811 23 0
91844 -811 28 0
91844 811 -23 -28 0
91844 -812 23 0
91844 -812 29 0
91844 812 -23 -29 0
91844 -813 23 0
91844 -813 30 0
91844 813 -23 -30 0
91844 -814 23 0
91844 -814 31 0
91844 814 -23 -31 0
91844 -815 23 0
91844 -815 32 0
91844 815 -23 -32 0
91844 -816 23 0
91844 -816 33 0
91844 816 -23 -33 0
91844 -817 23 0
91844 -817 34 0
91844 817 -23 -34 0
91844 -818 23 0
91844 -818 35 0
91844 818 -23 -35 0
91844 -819 23 0
91844 -819 36 0
91844 819 -23 -36 0
91844 -820 23 0
91844 -820 37 0
91844 820 -23 -37 0
91844 -821 23 0
91844 -821 38 0
91844 821 -23 -38 0
91844 -822 23 0
91844 -822 39 0
91844 822 -23 -39 0
91844 -823 23 0
91844 -823 40 0
91844 823 -23 -40 0
91844 -824 23 0
91844 -824 41 0
91844 824 -23 -41 0
91844 -825 23 0
91844 -825 42 0
91844 825 -23 -42 0
91844 -826 23 0
91844 -826 43 0
91844 826 -23 -43 0
91844 -827 23 0
91844 -827 44 0
91844 827 -23 -44 0
91844 -828 23 0
91844 -828 45 0
91844 828 -23 -45 0
91844 -829 23 0
91844 -829 46 0
91844 829 -23 -46 0
91844 -830 24 0
91844 -830 25 0
91844 830 -24 -25 0
91844 -831 24 0
91844 -831 26 0
91844 831 -24 -26 0
91844 -832 24 0
91844 -832 27 0
91844 832 -24 -27 0
91844 -833 24 0
91844 -833 28 0
91844 833 -24 -28 0
91844 -834 24 0
91844 -834 29 0
91844 834 -24 -29 0
91844 -835 24 0
91844 -835 30 0
91844 835 -24 -30 0
91844 -836 24 0
91844 -836 31 0
91844 836 -24 -31 0
91844 -837 24 0
91844 -837 32 0
91844 837 -24 -32 0
91844 -838 24 0
91844 -838 33 0
91844 838 -24 -33 0
91844 -839 24 0
91844 -839 34 0
91844 839 -24 -34 0
91844 -840 24 0
91844 -840 35 0
91844 840 -24 -35 0
91844 -841 24 0
91844 -841 36 0
91844 841 -24 -36 0
91844 -842 24 0
91844 -842 37 0
91844 842 -24 -37 0
91844 -843 24 0
91844 -843 38 0
91844 843 -24 -38 0
91844 -844 24 0
91844 -844 39 0
91844 844 -24 -39 0
91844 -845 24 0
91844 -845 40 0
91844 845 -24 -40 0
91844 -846 24 0
91844 -846 41 0
91844 846 -24 -41 0
91844 -847 24 0
91844 -847 42 0
91844 847 -24 -42 0
91844 -848 24 0
91844 -848 43 0
91844 848 -24 -43 0
91844 -849 24 0
91844 -849 44 0
91844 849 -24 -44 0
91844 -850 24 0
91844 -850 45 0
91844 850 -24 -45 0
91844 -851 24 0
91844 -851 46 0
91844 851 -24 -46 0
91844 -852 25 0
91844 -852 26 0
91844 852 -25 -26 0
91844 -853 25 0
91844 -853 27 0
91844 853 -25 -27 0
91844 -854 25 0
91844 -854 28 0
91844 854 -25 -28 0
91844 -855 25 0
91844 -855 29 0
91844 855 -25 -29 0
91844 -856 25 0
91844 -856 30 0
91844 856 -25 -30 0
91844 -857 25 0
91844 -857 31 0
91844 857 -25 -31 0
91844 -858 25 0
91844 -858 32 0
91844 858 -25 -32 0
91844 -859 25 0
91844 -859 33 0
91844 859 -25 -33 0
91844 -860 25 0
91844 -860 34 0
91844 860 -25 -34 0
91844 -861 25 0
91844 -861 35 0
91844 861 -25 -35 0
91844 -862 25 0
91844 -862 36 0
91844 862 -25 -36 0
91844 -863 25 0
91844 -863 37 0
91844 863 -25 -37 0
91844 -864 25 0
91844 -864 38 0
91844 864 -25 -38 0
91844 -865 25 0
91844 -865 39 0
91844 865 -25 -39 0
91844 -866 25 0
91844 -866 40 0
91844 866 -25 -40 0
91844 -867 25 0
91844 -867 41 0
91844 867 -25 -41 0
91844 -868 25 0
91844 -868 42 0
91844 868 -25 -42 0
91844 -869 25 0
91844 -869 43 0
91844 869 -25 -43 0
91844 -870 25 0
91844 -870 44 0
91844 870 -25 -44 0
91844 -871 25 0
91844 -871 45 0
91844 871 -25 -45 0
91844 -872 25 0
91844 -872 46 0
91844 872 -25 -46 0
91844 -873 26 0
91844 -873 27 0
91844 873 -26 -27 0
91844 -874 26 0
91844 -874 28 0
91844 874 -26 -28 0
91844 -875 26 0
91844 -875 29 0
91844 875 -26 -29 0
91844 -876 26 0
91844 -876 30 0
91844 876 -26 -30 0
91844 -877 26 0
91844 -877 31 0
91844 877 -26 -31 0
91844 -878 26 0
91844 -878 32 0
91844 878 -26 -32 0
91844 -879 26 0
91844 -879 33 0
91844 879 -26 -33 0
91844 -880 26 0
91844 -880 34 0
91844 880 -26 -34 0
91844 -881 26 0
91844 -881 35 0
91844 881 -26 -35 0
91844 -882 26 0
91844 -882 36 0
91844 882 -26 -36 0
91844 -883 26 0
91844 -883 37 0
91844 883 -26 -37 0
91844 -884 26 0
91844 -884 38 0
91844 884 -26 -38 0
91844 -885 26 0
91844 -885 39 0
91844 885 -26 -39 0
91844 -886 26 0
91844 -886 40 0
91844 886 -26 -40 0
91844 -887 26 0
91844 -887 41 0
91844 887 -26 -41 0
91844 -888 26 0
91844 -888 42 0
91844 888 -26 -42 0
91844 -889 26 0
91844 -889 43 0
91844 889 -26 -43 0
91844 -890 26 0
91844 -890 44 0
91844 890 -26 -44 0
91844 -891 26 0
91844 -891 45 0
91844 891 -26 -45 0
91844 -892 26 0
91844 -892 46 0
91844 892 -26 -46 0
91844 -893 27 0
91844 -893 28 0
91844 893 -27 -28 0
91844 -894 27 0
91844 -894 29 0
91844 894 -27 -29 0
91844 -895 27 0
91844 -895 30 0
91844 895 -27 -30 0
91844 -896 27 0
91844 -896 31 0
91844 896 -27 -31 0
91844 -897 27 0
91844 -897 32 0
91844 897 -27 -32 0
91844 -898 27 0
91844 -898 33 0
91844 898 -27 -33 0
91844 -899 27 0
91844 -899 34 0
91844 899 -27 -34 0
91844 -900 27 0
91844 -900 35 0
91844 900 -27 -35 0
91844 -901 27 0
91844 -901 36 0
91844 901 -27 -36 0
91844 -902 27 0
91844 -902 37 0
91844 902 -27 -37 0
91844 -903 27 0
91844 -903 38 0
91844 903 -27 -38 0
91844 -904 27 0
91844 -904 39 0
91844 904 -27 -39 0
91844 -905 27 0
91844 -905 40 0
91844 905 -27 -40 0
91844 -906 27 0
91844 -906 41 0
91844 906 -27 -41 0
91844 -907 27 0
91844 -907 42 0
91844 907 -27 -42 0
91844 -908 27 0
91844 -908 43 0
91844 908 -27 -43 0
91844 -909 27 0
91844 -909 44 0
91844 909 -27 -44 0
91844 -910 27 0
91844 -910 45 0
91844 910 -27 -45 0
91844 -911 27 0
91844 -911 46 0
91844 911 -27 -46 0
91844 -912 28 0
91844 -912 29 0
91844 912 -28 -29 0
91844 -913 28 0
91844 -913 30 0
91844 913 -28 -30 0
91844 -914 28 0
91844 -914 31 0
91844 914 -28 -31 0
91844 -915 28 0
91844 -915 32 0
91844 915 -28 -32 0
91844 -916 28 0
91844 -916 33 0
91844 916 -28 -33 0
91844 -917 28 0
91844 -917 34 0
91844 917 -28 -34 0
91844 -918 28 0
91844 -918 35 0
91844 918 -28 -35 0
91844 -919 28 0
91844 -919 36 0
91844 919 -28 -36 0
91844 -920 28 0
91844 -920 37 0
91844 920 -28 -37 0
91844 -921 28 0
91844 -921 38 0
91844 921 -28 -38 0
91844 -922 28 0
91844 -922 39 0
91844 922 -28 -39 0
91844 -923 28 0
91844 -923 40 0
91844 923 -28 -40 0
91844 -924 28 0
91844 -924 41 0
91844 924 -28 -41 0
91844 -925 28 0
91844 -925 42 0
91844 925 -28 -42 0
91844 -926 28 0
91844 -926 43 0
91844 926 -28 -43 0
91844 -927 28 0
91844 -927 44 0
91844 927 -28 -44 0
91844 -928 28 0
91844 -928 45 0
91844 928 -28 -45 0
91844 -929 28 0
91844 -929 46 0
91844 929 -28 -46 0
91844 -930 29 0
91844 -930 30 0
91844 930 -29 -30 0
91844 -931 29 0
91844 -931 31 0
91844 931 -29 -31 0
91844 -932 29 0
91844 -932 32 0
91844 932 -29 -32 0
91844 -933 29 0
91844 -933 33 0
91844 933 -29 -33 0
91844 -934 29 0
91844 -934 34 0
91844 934 -29 -34 0
91844 -935 29 0
91844 -935 35 0
91844 935 -29 -35 0
91844 -936 29 0
91844 -936 36 0
91844 936 -29 -36 0
91844 -937 29 0
91844 -937 37 0
91844 937 -29 -37 0
91844 -938 29 0
91844 -938 38 0
91844 938 -29 -38 0
91844 -939 29 0
91844 -939 39 0
91844 939 -29 -39 0
91844 -940 29 0
91844 -940 40 0
91844 940 -29 -40 0
91844 -941 29 0
91844 -941 41 0
91844 941 -29 -41 0
91844 -942 29 0
91844 -942 42 0
91844 942 -29 -42 0
91844 -943 29 0
91844 -943 43 0
91844 943 -29 -43 0
91844 -944 29 0
91844 -944 44 0
91844 944 -29 -44 0
91844 -945 29 0
91844 -945 45 0
91844 945 -29 -45 0
91844 -946 29 0
91844 -946 46 0
91844 946 -29 -46 0
91844 -947 30 0
91844 -947 31 0
91844 947 -30 -31 0
91844 -948 30 0
91844 -948 32 0
91844 948 -30 -32 0
91844 -949 30 0
91844 -949 33 0
91844 949 -30 -33 0
91844 -950 30 0
91844 -950 34 0
91844 950 -30 -34 0
91844 -951 30 0
91844 -951 35 0
91844 951 -30 -35 0
91844 -952 30 0
91844 -952 36 0
91844 952 -30 -36 0
91844 -953 30 0
91844 -953 37 0
91844 953 -30 -37 0
91844 -954 30 0
91844 -954 38 0
91844 954 -30 -38 0
91844 -955 30 0
91844 -955 39 0
91844 955 -30 -39 0
91844 -956 30 0
91844 -956 40 0
91844 956 -30 -40 0
91844 -957 30 0
91844 -957 41 0
91844 957 -30 -41 0
91844 -958 30 0
91844 -958 42 0
91844 958 -30 -42 0
91844 -959 30 0
91844 -959 43 0
91844 959 -30 -43 0
91844 -960 30 0
91844 -960 44 0
91844 960 -30 -44 0
91844 -961 30 0
91844 -961 45 0
91844 961 -30 -45 0
91844 -962 30 0
91844 -962 46 0
91844 962 -30 -46 0
91844 -963 31 0
91844 -963 32 0
91844 963 -31 -32 0
91844 -964 31 0
91844 -964 33 0
91844 964 -31 -33 0
91844 -965 31 0
91844 -965 34 0
91844 965 -31 -34 0
91844 -966 31 0
91844 -966 35 0
91844 966 -31 -35 0
91844 -967 31 0
91844 -967 36 0
91844 967 -31 -36 0
91844 -968 31 0
91844 -968 37 0
91844 968 -31 -37 0
91844 -969 31 0
91844 -969 38 0
91844 969 -31 -38 0
91844 -970 31 0
91844 -970 39 0
91844 970 -31 -39 0
91844 -971 31 0
91844 -971 40 0
91844 971 -31 -40 0
91844 -972 31 0
91844 -972 41 0
91844 972 -31 -41 0
91844 -973 31 0
91844 -973 42 0
91844 973 -31 -42 0
91844 -974 31 0
91844 -974 43 0
91844 974 -31 -43 0
91844 -975 31 0
91844 -975 44 0
91844 975 -31 -44 0
91844 -976 31 0
91844 -976 45 0
91844 976 -31 -45 0
91844 -977 31 0
91844 -977 46 0
91844 977 -31 -46 0
91844 -978 32 0
91844 -978 33 0
91844 978 -32 -33 0
91844 -979 32 0
91844 -979 34 0
91844 979 -32 -34 0
91844 -980 32 0
91844 -980 35 0
91844 980 -32 -35 0
91844 -981 32 0
91844 -981 36 0
91844 981 -32 -36 0
91844 -982 32 0
91844 -982 37 0
91844 982 -32 -37 0
91844 -983 32 0
91844 -983 38 0
91844 983 -32 -38 0
91844 -984 32 0
91844 -984 39 0
91844 984 -32 -39 0
91844 -985 32 0
91844 -985 40 0
91844 985 -32 -40 0
91844 -986 32 0
91844 -986 41 0
91844 986 -32 -41 0
91844 -987 32 0
91844 -987 42 0
91844 987 -32 -42 0
91844 -988 32 0
91844 -988 43 0
91844 988 -32 -43 0
91844 -989 32 0
91844 -989 44 0
91844 989 -32 -44 0
91844 -990 32 0
91844 -990 45 0
91844 990 -32 -45 0
91844 -991 32 0
91844 -991 46 0
91844 991 -32 -46 0
91844 -992 33 0
91844 -992 34 0
91844 992 -33 -34 0
91844 -993 33 0
91844 -993 35 0
91844 993 -33 -35 0
91844 -994 33 0
91844 -994 36 0
91844 994 -33 -36 0
91844 -995 33 0
91844 -995 37 0
91844 995 -33 -37 0
91844 -996 33 0
91844 -996 38 0
91844 996 -33 -38 0
91844 -997 33 0
91844 -997 39 0
91844 997 -33 -39 0
91844 -998 33 0
91844 -998 40 0
91844 998 -33 -40 0
91844 -999 33 0
91844 -999 41 0
91844 999 -33 -41 0
91844 -1000 33 0
91844 -1000 42 0
91844 1000 -33 -42 0
91844 -1001 33 0
91844 -1001 43 0
91844 1001 -33 -43 0
91844 -1002 33 0
91844 -1002 44 0
91844 1002 -33 -44 0
91844 -1003 33 0
91844 -1003 45 0
91844 1003 -33 -45 0
91844 -1004 33 0
91844 -1004 46 0
91844 1004 -33 -46 0
91844 -1005 34 0
91844 -1005 35 0
91844 1005 -34 -35 0
91844 -1006 34 0
91844 -1006 36 0
91844 1006 -34 -36 0
91844 -1007 34 0
91844 -1007 37 0
91844 1007 -34 -37 0
91844 -1008 34 0
91844 -1008 38 0
91844 1008 -34 -38 0
91844 -1009 34 0
91844 -1009 39 0
91844 1009 -34 -39 0
91844 -1010 34 0
91844 -1010 40 0
91844 1010 -34 -40 0
91844 -1011 34 0
91844 -1011 41 0
91844 1011 -34 -41 0
91844 -1012 34 0
91844 -1012 42 0
91844 1012 -34 -42 0
91844 -1013 34 0
91844 -1013 43 0
91844 1013 -34 -43 0
91844 -1014 34 0
91844 -1014 44 0
91844 1014 -34 -44 0
91844 -1015 34 0
91844 -1015 45 0
91844 1015 -34 -45 0
91844 -1016 34 0
91844 -1016 46 0
91844 1016 -34 -46 0
91844 -1017 35 0
91844 -1017 36 0
91844 1017 -35 -36 0
91844 -1018 35 0
91844 -1018 37 0
91844 1018 -35 -37 0
91844 -1019 35 0
91844 -1019 38 0
91844 1019 -35 -38 0
91844 -1020 35 0
91844 -1020 39 0
91844 1020 -35 -39 0
91844 -1021 35 0
91844 -1021 40 0
91844 1021 -35 -40 0
91844 -1022 35 0
91844 -1022 41 0
91844 1022 -35 -41 0
91844 -1023 35 0
91844 -1023 42 0
91844 1023 -35 -42 0
91844 -1024 35 0
91844 -1024 43 0
91844 1024 -35 -43 0
91844 -1025 35 0
91844 -1025 44 0
91844 1025 -35 -44 0
91844 -1026 35 0
91844 -1026 45 0
91844 1026 -35 -45 0
91844 -1027 35 0
91844 -1027 46 0
91844 1027 -35 -46 0
91844 -1028 36 0
91844 -1028 37 0
91844 1028 -36 -37 0
91844 -1029 36 0
91844 -1029 38 0
91844 1029 -36 -38 0
91844 -1030 36 0
91844 -1030 39 0
91844 1030 -36 -39 0
91844 -1031 36 0
91844 -1031 40 0
91844 1031 -36 -40 0
91844 -1032 36 0
91844 -1032 41 0
91844 1032 -36 -41 0
91844 -1033 36 0
91844 -1033 42 0
91844 1033 -36 -42 0
91844 -1034 36 0
91844 -1034 43 0
91844 1034 -36 -43 0
91844 -1035 36 0
91844 -1035 44 0
91844 1035 -36 -44 0
91844 -1036 36 0
91844 -1036 45 0
91844 1036 -36 -45 0
91844 -1037 36 0
91844 -1037 46 0
91844 1037 -36 -46 0
91844 -1038 37 0
91844 -1038 38 0
91844 1038 -37 -38 0
91844 -1039 37 0
91844 -1039 39 0
91844 1039 -37 -39 0
91844 -1040 37 0
91844 -1040 40 0
91844 1040 -37 -40 0
91844 -1041 37 0
91844 -1041 41 0
91844 1041 -37 -41 0
91844 -1042 37 0
91844 -1042 42 0
91844 1042 -37 -42 0
91844 -1043 37 0
91844 -1043 43 0
91844 1043 -37 -43 0
91844 -1044 37 0
91844 -1044 44 0
91844 1044 -37 -44 0
91844 -1045 37 0
91844 -1045 45 0
91844 1045 -37 -45 0
91844 -1046 37 0
91844 -1046 46 0
91844 1046 -37 -46 0
91844 -1047 38 0
91844 -1047 39 0
91844 1047 -38 -39 0
91844 -1048 38 0
91844 -1048 40 0
91844 1048 -38 -40 0
91844 -1049 38 0
91844 -1049 41 0
91844 1049 -38 -41 0
91844 -1050 38 0
91844 -1050 42 0
91844 1050 -38 -42 0
91844 -1051 38 0
91844 -1051 43 0
91844 1051 -38 -43 0
91844 -1052 38 0
91844 -1052 44 0
91844 1052 -38 -44 0
91844 -1053 38 0
91844 -1053 45 0
91844 1053 -38 -45 0
91844 -1054 38 0
91844 -1054 46 0
91844 1054 -38 -46 0
91844 -1055 39 0
91844 -1055 40 0
91844 1055 -39 -40 0
91844 -1056 39 0
91844 -1056 41 0
91844 1056 -39 -41 0
91844 -1057 39 0
91844 -1057 42 0
91844 1057 -39 -42 0
91844 -1058 39 0
91844 -1058 43 0
91844 1058 -39 -43 0
91844 -1059 39 0
91844 -1059 44 0
91844 1059 -39 -44 0
91844 -1060 39 0
91844 -1060 45 0
91844 1060 -39 -45 0
91844 -1061 39 0
91844 -1061 46 0
91844 1061 -39 -46 0
91844 -1062 40 0
91844 -1062 41 0
91844 1062 -40 -41 0
91844 -1063 40 0
91844 -1063 42 0
91844 1063 -40 -42 0
91844 -1064 40 0
91844 -1064 43 0
91844 1064 -40 -43 0
91844 -1065 40 0
91844 -1065 44 0
91844 1065 -40 -44 0
91844 -1066 40 0
91844 -1066 45 0
91844 1066 -40 -45 0
91844 -1067 40 0
91844 -1067 46 0
91844 1067 -40 -46 0
91844 -1068 41 0
91844 -1068 42 0
91844 1068 -41 -42 0
91844 -1069 41 0
91844 -1069 43 0
91844 1069 -41 -43 0
91844 -1070 41 0
91844 -1070 44 0
91844 1070 -41 -44 0
91844 -1071 41 0
91844 -1071 45 0
91844 1071 -41 -45 0
91844 -1072 41 0
91844 -1072 46 0
91844 1072 -41 -46 0
91844 -1073 42 0
91844 -1073 43 0
91844 1073 -42 -43 0
91844 -1074 42 0
91844 -1074 44 0
91844 1074 -42 -44 0
91844 -1075 42 0
91844 -1075 45 0
91844 1075 -42 -45 0
91844 -1076 42 0
91844 -1076 46 0
91844 1076 -42 -46 0
91844 -1077 43 0
91844 -1077 44 0
91844 1077 -43 -44 0
91844 -1078 43 0
91844 -1078 45 0
91844 1078 -43 -45 0
91844 -1079 43 0
91844 -1079 46 0
91844 1079 -43 -46 0
91844 -1080 44 0
91844 -1080 45 0
91844 1080 -44 -45 0
91844 -1081 44 0
91844 -1081 46 0
91844 1081 -44 -46 0
91844 -1082 45 0
91844 -1082 46 0
91844 1082 -45 -46 0
56342 1 0
91834 -1 0
77822 48 0
91834 -48 0
108226 49 0
91834 -49 0
86130 50 0
91834 -50 0
102614 51 0
91834 -51 0
91048 52 0
91834 -52 0
94626 53 0
91834 -53 0
98344 54 0
91834 -54 0
102656 55 0
91834 -55 0
103426 56 0
91834 -56 0
82036 57 0
91834 -57 0
85936 58 0
91834 -58 0
66910 59 0
91834 -59 0
106782 60 0
91834 -60 0
91862 61 0
91834 -61 0
77994 62 0
91834 -62 0
109770 63 0
91834 -63 0
81770 64 0
91834 -64 0
101180 65 0
91834 -65 0
90568 66 0
91834 -66 0
95738 67 0
91834 -67 0
79884 68 0
91834 -68 0
87268 69 0
91834 -69 0
96140 70 0
91834 -70 0
97716 71 0
91834 -71 0
99220 72 0
91834 -72 0
89670 73 0
91834 -73 0
90650 74 0
91834 -74 0
98882 75 0
91834 -75 0
94338 76 0
91834 -76 0
80582 77 0
91834 -77 0
92418 78 0
91834 -78 0
84052 79 0
91834 -79 0
88946 80 0
91834 -80 0
86860 81 0
91834 -81 0
92486 82 0
91834 -82 0
101280 83 0
91834 -83 0
92286 84 0
91834 -84 0
94374 85 0
91834 -85 0
92242 86 0
91834 -86 0
92480 87 0
91834 -87 0
90694 88 0
91834 -88 0
85850 89 0
91834 -89 0
96718 90 0
91834 -90 0
93664 91 0
91834 -91 0
92324 92 0
91834 -92 0
63949 2 0
91834 -2 0
93986 93 0
91834 -93 0
94660 94 0
91834 -94 0
77990 95 0
91834 -95 0
86996 96 0
91834 -96 0
88774 97 0
91834 -97 0
71592 98 0
91834 -98 0
109568 99 0
91834 -99 0
87900 100 0
91834 -100 0
88182 101 0
91834 -101 0
79468 102 0
91834 -102 0
95734 103 0
91834 -103 0
103198 104 0
91834 -104 0
88018 105 0
91834 -105 0
103302 106 0
91834 -106 0
97874 107 0
91834 -107 0
86054 108 0
91834 -108 0
87420 109 0
91834 -109 0
91642 110 0
91834 -110 0
96008 111 0
91834 -111 0
97928 112 0
91834 -112 0
100654 113 0
91834 -113 0
89408 114 0
91834 -114 0
86224 115 0
91834 -115 0
82448 116 0
91834 -116 0
85466 117 0
91834 -117 0
92408 118 0
91834 -118 0
91238 119 0
91834 -119 0
91698 120 0
91834 -120 0
103184 121 0
91834 -121 0
93138 122 0
91834 -122 0
85160 123 0
91834 -123 0
96102 124 0
91834 -124 0
97242 125 0
91834 -125 0
95480 126 0
91834 -126 0
99002 127 0
91834 -127 0
88632 128 0
91834 -128 0
93446 129 0
91834 -129 0
90888 130 0
91834 -130 0
93886 131 0
91834 -131 0
88588 132 0
91834 -132 0
95050 133 0
91834 -133 0
93022 134 0
91834 -134 0
94808 135 0
91834 -135 0
89244 136 0
91834 -136 0
53136 3 0
91834 -3 0
88894 137 0
91834 -137 0
86564 138 0
91834 -138 0
93860 139 0
91834 -139 0
110048 140 0
91834 -140 0
79732 141 0
91834 -141 0
87230 142 0
91834 -142 0
91456 143 0
91834 -143 0
92428 144 0
91834 -144 0
84432 145 0
91834 -145 0
106454 146 0
91834 -146 0
90684 147 0
91834 -147 0
103106 148 0
91834 -148 0
92494 149 0
91834 -149 0
101606 150 0
91834 -150 0
90338 151 0
91834 -151 0
80076 152 0
91834 -152 0
94518 153 0
91834 -153 0
100796 154 0
91834 -154 0
83292 155 0
91834 -155 0
87488 156 0
91834 -156 0
103638 157 0
91834 -157 0
80122 158 0
91834 -158 0
90272 159 0
91834 -159 0
95608 160 0
91834 -160 0
88548 161 0
91834 -161 0
100398 162 0
91834 -162 0
91864 163 0
91834 -163 0
93768 164 0
91834 -164 0
88442 165 0
91834 -165 0
92628 166 0
91834 -166 0
91040 167 0
91834 -167 0
87854 168 0
91834 -168 0
90810 169 0
91834 -169 0
96656 170 0
91834 -170 0
83560 171 0
91834 -171 0
96138 172 0
91834 -172 0
93298 173 0
91834 -173 0
94064 174 0
91834 -174 0
92724 175 0
91834 -175 0
87238 176 0
91834 -176 0
87442 177 0
91834 -177 0
93370 178 0
91834 -178 0
90574 179 0
91834 -179 0
64919 4 0
91834 -4 0
94992 180 0
91834 -180 0
79450 181 0
91834 -181 0
76646 182 0
91834 -182 0
93496 183 0
91834 -183 0
100576 184 0
91834 -184 0
80838 185 0
91834 -185 0
94970 186 0
91834 -186 0
77324 187 0
91834 -187 0
100442 188 0
91834 -188 0
92534 189 0
91834 -189 0
99896 190 0
91834 -190 0
94442 191 0
91834 -191 0
92652 192 0
91834 -192 0
80960 193 0
91834 -193 0
84454 194 0
91834 -194 0
97852 195 0
91834 -195 0
85880 196 0
91834 -196 0
106034 197 0
91834 -197 0
109364 198 0
91834 -198 0
101006 199 0
91834 -199 0
97124 200 0
91834 -200 0
84152 201 0
91834 -201 0
89346 202 0
91834 -202 0
88842 203 0
91834 -203 0
85578 204 0
91834 -204 0
84432 205 0
91834 -205 0
77534 206 0
91834 -206 0
100956 207 0
91834 -207 0
84968 208 0
91834 -208 0
84870 209 0
91834 -209 0
100844 210 0
91834 -210 0
96344 211 0
91834 -211 0
91720 212 0
91834 -212 0
93998 213 0
91834 -213 0
93174 214 0
91834 -214 0
91058 215 0
91834 -215 0
86762 216 0
91834 -216 0
89716 217 0
91834 -217 0
94786 218 0
91834 -218 0
94366 219 0
91834 -219 0
91432 220 0
91834 -220 0
91484 221 0
91834 -221 0
57088 5 0
91834 -5 0
78886 222 0
91834 -222 0
102238 223 0
91834 -223 0
73552 224 0
91834 -224 0
90130 225 0
91834 -225 0
87542 226 0
91834 -226 0
97306 227 0
91834 -227 0
96862 228 0
91834 -228 0
98038 229 0
91834 -229 0
86358 230 0
91834 -230 0
98798 231 0
91834 -231 0
117820 232 0
91834 -232 0
87402 233 0
91834 -233 0
103120 234 0
91834 -234 0
85920 235 0
91834 -235 0
84186 236 0
91834 -236 0
92152 237 0
91834 -237 0
91462 238 0
91834 -238 0
80376 239 0
91834 -239 0
96924 240 0
91834 -240 0
88226 241 0
91834 -241 0
93082 242 0
91834 -242 0
99932 243 0
91834 -243 0
99772 244 0
91834 -244 0
93062 245 0
91834 -245 0
88002 246 0
91834 -246 0
104576 247 0
91834 -247 0
96836 248 0
91834 -248 0
97750 249 0
91834 -249 0
91124 250 0
91834 -250 0
92834 251 0
91834 -251 0
88430 252 0
91834 -252 0
91498 253 0
91834 -253 0
96330 254 0
91834 -254 0
94444 255 0
91834 -255 0
96424 256 0
91834 -256 0
98750 257 0
91834 -257 0
92956 258 0
91834 -258 0
102042 259 0
91834 -259 0
85846 260 0
91834 -260 0
91584 261 0
91834 -261 0
88544 262 0
91834 -262 0
120571 6 0
91834 -6 0
81840 263 0
91834 -263 0
98836 264 0
91834 -264 0
98858 265 0
91834 -265 0
92550 266 0
91834 -266 0
98010 267 0
91834 -267 0
98138 268 0
91834 -268 0
94376 269 0
91834 -269 0
89112 270 0
91834 -270 0
94132 271 0
91834 -271 0
95528 272 0
91834 -272 0
107136 273 0
91834 -273 0
109980 274 0
91834 -274 0
97156 275 0
91834 -275 0
87936 276 0
91834 -276 0
95082 277 0
91834 -277 0
95028 278 0
91834 -278 0
86548 279 0
91834 -279 0
96058 280 0
91834 -280 0
102526 281 0
91834 -281 0
91484 282 0
91834 -282 0
91172 283 0
91834 -283 0
97672 284 0
91834 -284 0
86116 285 0
91834 -285 0
90182 286 0
91834 -286 0
85544 287 0
91834 -287 0
102834 288 0
91834 -288 0
93986 289 0
91834 -289 0
90234 290 0
91834 -290 0
93132 291 0
91834 -291 0
98570 292 0
91834 -292 0
88656 293 0
91834 -293 0
95904 294 0
91834 -294 0
89536 295 0
91834 -295 0
100704 296 0
91834 -296 0
95198 297 0
91834 -297 0
89094 298 0
91834 -298 0
99434 299 0
91834 -299 0
92266 300 0
91834 -300 0
91390 301 0
91834 -301 0
89034 302 0
91834 -302 0
69083 7 0
91834 -7 0
92134 303 0
91834 -303 0
99264 304 0
91834 -304 0
75446 305 0
91834 -305 0
90046 306 0
91834 -306 0
87862 307 0
91834 -307 0
115522 308 0
91834 -308 0
88454 309 0
91834 -309 0
85756 310 0
91834 -310 0
89142 311 0
91834 -311 0
87958 312 0
91834 -312 0
102350 313 0
91834 -313 0
78716 314 0
91834 -314 0
101148 315 0
91834 -315 0
89888 316 0
91834 -316 0
105240 317 0
91834 -317 0
86888 318 0
91834 -318 0
93678 319 0
91834 -319 0
102384 320 0
91834 -320 0
70342 321 0
91834 -321 0
74008 322 0
91834 -322 0
83708 323 0
91834 -323 0
84146 324 0
91834 -324 0
82018 325 0
91834 -325 0
93090 326 0
91834 -326 0
94140 327 0
91834 -327 0
91524 328 0
91834 -328 0
91342 329 0
91834 -329 0
104400 330 0
91834 -330 0
92108 331 0
91834 -331 0
87156 332 0
91834 -332 0
97032 333 0
91834 -333 0
89748 334 0
91834 -334 0
92974 335 0
91834 -335 0
88378 336 0
91834 -336 0
90860 337 0
91834 -337 0
100510 338 0
91834 -338 0
93358 339 0
91834 -339 0
89976 340 0
91834 -340 0
91764 341 0
91834 -341 0
46422 8 0
91834 -8 0
98634 342 0
91834 -342 0
89402 343 0
91834 -343 0
96190 344 0
91834 -344 0
82496 345 0
91834 -345 0
93206 346 0
91834 -346 0
108544 347 0
91834 -347 0
95820 348 0
91834 -348 0
106694 349 0
91834 -349 0
92608 350 0
91834 -350 0
99316 351 0
91834 -351 0
95878 352 0
91834 -352 0
79946 353 0
91834 -353 0
78412 354 0
91834 -354 0
87096 355 0
91834 -355 0
82734 356 0
91834 -356 0
101910 357 0
91834 -357 0
82446 358 0
91834 -358 0
75562 359 0
91834 -359 0
99136 360 0
91834 -360 0
98628 361 0
91834 -361 0
106322 362 0
91834 -362 0
95496 363 0
91834 -363 0
97566 364 0
91834 -364 0
96646 365 0
91834 -365 0
77358 366 0
91834 -366 0
96084 367 0
91834 -367 0
91324 368 0
91834 -368 0
92008 369 0
91834 -369 0
94868 370 0
91834 -370 0
81482 371 0
91834 -371 0
92430 372 0
91834 -372 0
93836 373 0
91834 -373 0
94468 374 0
91834 -374 0
88968 375 0
91834 -375 0
92102 376 0
91834 -376 0
92866 377 0
91834 -377 0
95734 378 0
91834 -378 0
88334 379 0
91834 -379 0
34241 9 0
91834 -9 0
93376 380 0
91834 -380 0
105606 381 0
91834 -381 0
95872 382 0
91834 -382 0
92500 383 0
91834 -383 0
89506 384 0
91834 -384 0
88482 385 0
91834 -385 0
92646 386 0
91834 -386 0
78716 387 0
91834 -387 0
90792 388 0
91834 -388 0
110764 389 0
91834 -389 0
95230 390 0
91834 -390 0
84194 391 0
91834 -391 0
97896 392 0
91834 -392 0
99678 393 0
91834 -393 0
92762 394 0
91834 -394 0
83982 395 0
91834 -395 0
96308 396 0
91834 -396 0
96776 397 0
91834 -397 0
105396 398 0
91834 -398 0
94184 399 0
91834 -399 0
95206 400 0
91834 -400 0
98558 401 0
91834 -401 0
97534 402 0
91834 -402 0
93946 403 0
91834 -403 0
86046 404 0
91834 -404 0
78318 405 0
91834 -405 0
94232 406 0
91834 -406 0
86680 407 0
91834 -407 0
81812 408 0
91834 -408 0
84154 409 0
91834 -409 0
98414 410 0
91834 -410 0
94794 411 0
91834 -411 0
92432 412 0
91834 -412 0
88126 413 0
91834 -413 0
87358 414 0
91834 -414 0
90988 415 0
91834 -415 0
91764 416 0
91834 -416 0
53831 10 0
91834 -10 0
99538 417 0
91834 -417 0
77940 418 0
91834 -418 0
118170 419 0
91834 -419 0
91872 420 0
91834 -420 0
114330 421 0
91834 -421 0
95636 422 0
91834 -422 0
89624 423 0
91834 -423 0
103912 424 0
91834 -424 0
79742 425 0
91834 -425 0
93086 426 0
91834 -426 0
88204 427 0
91834 -427 0
96452 428 0
91834 -428 0
91402 429 0
91834 -429 0
89694 430 0
91834 -430 0
101374 431 0
91834 -431 0
65320 432 0
91834 -432 0
77292 433 0
91834 -433 0
89746 434 0
91834 -434 0
88224 435 0
91834 -435 0
90314 436 0
91834 -436 0
95992 437 0
91834 -437 0
98502 438 0
91834 -438 0
88008 439 0
91834 -439 0
97122 440 0
91834 -440 0
99732 441 0
91834 -441 0
101368 442 0
91834 -442 0
83362 443 0
91834 -443 0
87630 444 0
91834 -444 0
81680 445 0
91834 -445 0
97022 446 0
91834 -446 0
91650 447 0
91834 -447 0
90074 448 0
91834 -448 0
100786 449 0
91834 -449 0
92434 450 0
91834 -450 0
90642 451 0
91834 -451 0
90574 452 0
91834 -452 0
112697 11 0
91834 -11 0
92320 453 0
91834 -453 0
82502 454 0
91834 -454 0
99424 455 0
91834 -455 0
89200 456 0
91834 -456 0
82402 457 0
91834 -457 0
83068 458 0
91834 -458 0
98214 459 0
91834 -459 0
97260 460 0
91834 -460 0
88990 461 0
91834 -461 0
95526 462 0
91834 -462 0
87608 463 0
91834 -463 0
93990 464 0
91834 -464 0
78814 465 0
91834 -465 0
96412 466 0
91834 -466 0
95024 467 0
91834 -467 0
78892 468 0
91834 -468 0
85428 469 0
91834 -469 0
85138 470 0
91834 -470 0
81824 471 0
91834 -471 0
100394 472 0
91834 -472 0
98784 473 0
91834 -473 0
88746 474 0
91834 -474 0
93990 475 0
91834 -475 0
89876 476 0
91834 -476 0
89178 477 0
91834 -477 0
90350 478 0
91834 -478 0
91334 479 0
91834 -479 0
91052 480 0
91834 -480 0
91890 481 0
91834 -481 0
93666 482 0
91834 -482 0
90420 483 0
91834 -483 0
91306 484 0
91834 -484 0
96526 485 0
91834 -485 0
93400 486 0
91834 -486 0
92324 487 0
91834 -487 0
50856 12 0
91834 -12 0
102102 488 0
91834 -488 0
95434 489 0
91834 -489 0
93356 490 0
91834 -490 0
94948 491 0
91834 -491 0
92098 492 0
91834 -492 0
91470 493 0
91834 -493 0
104226 494 0
91834 -494 0
83824 495 0
91834 -495 0
87202 496 0
91834 -496 0
89970 497 0
91834 -497 0
92252 498 0
91834 -498 0
93826 499 0
91834 -499 0
98254 500 0
91834 -500 0
80208 501 0
91834 -501 0
78028 502 0
91834 -502 0
89458 503 0
91834 -503 0
99046 504 0
91834 -504 0
88620 505 0
91834 -505 0
93440 506 0
91834 -506 0
96456 507 0
91834 -507 0
75888 508 0
91834 -508 0
95970 509 0
91834 -509 0
99822 510 0
91834 -510 0
89728 511 0
91834 -511 0
93834 512 0
91834 -512 0
89720 513 0
91834 -513 0
88258 514 0
91834 -514 0
92848 515 0
91834 -515 0
90358 516 0
91834 -516 0
91022 517 0
91834 -517 0
98094 518 0
91834 -518 0
94666 519 0
91834 -519 0
92518 520 0
91834 -520 0
90154 521 0
91834 -521 0
66959 13 0
91834 -13 0
97832 522 0
91834 -522 0
62328 523 0
91834 -523 0
78576 524 0
91834 -524 0
87202 525 0
91834 -525 0
92598 526 0
91834 -526 0
109442 527 0
91834 -527 0
82416 528 0
91834 -528 0
88242 529 0
91834 -529 0
75538 530 0
91834 -530 0
84818 531 0
91834 -531 0
89200 532 0
91834 -532 0
87988 533 0
91834 -533 0
107018 534 0
91834 -534 0
101222 535 0
91834 -535 0
94290 536 0
91834 -536 0
93422 537 0
91834 -537 0
105074 538 0
91834 -538 0
94138 539 0
91834 -539 0
88558 540 0
91834 -540 0
95472 541 0
91834 -541 0
85622 542 0
91834 -542 0
82256 543 0
91834 -543 0
87576 544 0
91834 -544 0
97206 545 0
91834 -545 0
90778 546 0
91834 -546 0
92648 547 0
91834 -547 0
85034 548 0
91834 -548 0
89568 549 0
91834 -549 0
89154 550 0
91834 -550 0
84726 551 0
91834 -551 0
91726 552 0
91834 -552 0
93124 553 0
91834 -553 0
93164 554 0
91834 -554 0
60487 14 0
91834 -14 0
78128 555 0
91834 -555 0
93910 556 0
91834 -556 0
85604 557 0
91834 -557 0
102132 558 0
91834 -558 0
91670 559 0
91834 -559 0
109950 560 0
91834 -560 0
93324 561 0
91834 -561 0
97030 562 0
91834 -562 0
84970 563 0
91834 -563 0
90722 564 0
91834 -564 0
99708 565 0
91834 -565 0
96838 566 0
91834 -566 0
90690 567 0
91834 -567 0
93522 568 0
91834 -568 0
82698 569 0
91834 -569 0
84786 570 0
91834 -570 0
96508 571 0
91834 -571 0
89402 572 0
91834 -572 0
104110 573 0
91834 -573 0
95184 574 0
91834 -574 0
97486 575 0
91834 -575 0
90864 576 0
91834 -576 0
85200 577 0
91834 -577 0
102004 578 0
91834 -578 0
89480 579 0
91834 -579 0
91450 580 0
91834 -580 0
90466 581 0
91834 -581 0
93798 582 0
91834 -582 0
95194 583 0
91834 -583 0
92506 584 0
91834 -584 0
88542 585 0
91834 -585 0
94354 586 0
91834 -586 0
62480 15 0
91834 -15 0
86688 587 0
91834 -587 0
72034 588 0
91834 -588 0
107830 589 0
91834 -589 0
98270 590 0
91834 -590 0
100990 591 0
91834 -591 0
84108 592 0
91834 -592 0
91078 593 0
91834 -593 0
91372 594 0
91834 -594 0
90788 595 0
91834 -595 0
94818 596 0
91834 -596 0
100702 597 0
91834 -597 0
97234 598 0
91834 -598 0
88134 599 0
91834 -599 0
91824 600 0
91834 -600 0
95590 601 0
91834 -601 0
103148 602 0
91834 -602 0
80878 603 0
91834 -603 0
96058 604 0
91834 -604 0
86654 605 0
91834 -605 0
94392 606 0
91834 -606 0
79336 607 0
91834 -607 0
98556 608 0
91834 -608 0
95950 609 0
91834 -609 0
98928 610 0
91834 -610 0
79518 611 0
91834 -611 0
85330 612 0
91834 -612 0
90176 613 0
91834 -613 0
88086 614 0
91834 -614 0
90790 615 0
91834 -615 0
92524 616 0
91834 -616 0
93584 617 0
91834 -617 0
77310 16 0
91834 -16 0
98382 618 0
91834 -618 0
93134 619 0
91834 -619 0
90668 620 0
91834 -620 0
86736 621 0
91834 -621 0
95042 622 0
91834 -622 0
85956 623 0
91834 -623 0
94452 624 0
91834 -624 0
85954 625 0
91834 -625 0
93752 626 0
91834 -626 0
91714 627 0
91834 -627 0
81890 628 0
91834 -628 0
83202 629 0
91834 -629 0
85616 630 0
91834 -630 0
96028 631 0
91834 -631 0
86860 632 0
91834 -632 0
87718 633 0
91834 -633 0
91786 634 0
91834 -634 0
81420 635 0
91834 -635 0
86454 636 0
91834 -636 0
85350 637 0
91834 -637 0
91512 638 0
91834 -638 0
88946 639 0
91834 -639 0
96536 640 0
91834 -640 0
86520 641 0
91834 -641 0
85738 642 0
91834 -642 0
90062 643 0
91834 -643 0
85066 644 0
91834 -644 0
90922 645 0
91834 -645 0
92394 646 0
91834 -646 0
92674 647 0
91834 -647 0
64014 17 0
91834 -17 0
94976 648 0
91834 -648 0
96826 649 0
91834 -649 0
85050 650 0
91834 -650 0
90876 651 0
91834 -651 0
91064 652 0
91834 -652 0
99856 653 0
91834 -653 0
84436 654 0
91834 -654 0
103012 655 0
91834 -655 0
84370 656 0
91834 -656 0
86596 657 0
91834 -657 0
93722 658 0
91834 -658 0
86240 659 0
91834 -659 0
92518 660 0
91834 -660 0
99626 661 0
91834 -661 0
90928 662 0
91834 -662 0
94936 663 0
91834 -663 0
91512 664 0
91834 -664 0
93032 665 0
91834 -665 0
88542 666 0
91834 -666 0
85800 667 0
91834 -667 0
90690 668 0
91834 -668 0
86990 669 0
91834 -669 0
86402 670 0
91834 -670 0
88124 671 0
91834 -671 0
93070 672 0
91834 -672 0
90554 673 0
91834 -673 0
91006 674 0
91834 -674 0
90156 675 0
91834 -675 0
94564 676 0
91834 -676 0
39732 18 0
91834 -18 0
90258 677 0
91834 -677 0
93968 678 0
91834 -678 0
102800 679 0
91834 -679 0
87762 680 0
91834 -680 0
106528 681 0
91834 -681 0
95162 682 0
91834 -682 0
80404 683 0
91834 -683 0
104058 684 0
91834 -684 0
92810 685 0
91834 -685 0
93568 686 0
91834 -686 0
93206 687 0
91834 -687 0
92598 688 0
91834 -688 0
84428 689 0
91834 -689 0
87458 690 0
91834 -690 0
90470 691 0
91834 -691 0
90962 692 0
91834 -692 0
82720 693 0
91834 -693 0
91572 694 0
91834 -694 0
96772 695 0
91834 -695 0
89650 696 0
91834 -696 0
93268 697 0
91834 -697 0
86890 698 0
91834 -698 0
90096 699 0
91834 -699 0
95032 700 0
91834 -700 0
80154 701 0
91834 -701 0
93490 702 0
91834 -702 0
91806 703 0
91834 -703 0
95334 704 0
91834 -704 0
57343 19 0
91834 -19 0
110386 705 0
91834 -705 0
87700 706 0
91834 -706 0
96350 707 0
91834 -707 0
91248 708 0
91834 -708 0
90576 709 0
91834 -709 0
84796 710 0
91834 -710 0
89572 711 0
91834 -711 0
88342 712 0
91834 -712 0
83090 713 0
91834 -713 0
88530 714 0
91834 -714 0
91132 715 0
91834 -715 0
98116 716 0
91834 -716 0
81128 717 0
91834 -717 0
95514 718 0
91834 -718 0
90834 719 0
91834 -719 0
99042 720 0
91834 -720 0
86072 721 0
91834 -721 0
96380 722 0
91834 -722 0
91354 723 0
91834 -723 0
100882 724 0
91834 -724 0
83582 725 0
91834 -725 0
86494 726 0
91834 -726 0
91374 727 0
91834 -727 0
90906 728 0
91834 -728 0
88234 729 0
91834 -729 0
92586 730 0
91834 -730 0
91554 731 0
91834 -731 0
79981 20 0
91834 -20 0
100526 732 0
91834 -732 0
78062 733 0
91834 -733 0
87940 734 0
91834 -734 0
93150 735 0
91834 -735 0
91648 736 0
91834 -736 0
85904 737 0
91834 -737 0
90298 738 0
91834 -738 0
92674 739 0
91834 -739 0
93384 740 0
91834 -740 0
96956 741 0
91834 -741 0
82316 742 0
91834 -742 0
94622 743 0
91834 -743 0
90412 744 0
91834 -744 0
91688 745 0
91834 -745 0
88536 746 0
91834 -746 0
96264 747 0
91834 -747 0
87846 748 0
91834 -748 0
90940 749 0
91834 -749 0
90788 750 0
91834 -750 0
94162 751 0
91834 -751 0
94498 752 0
91834 -752 0
92164 753 0
91834 -753 0
93262 754 0
91834 -754 0
90982 755 0
91834 -755 0
92040 756 0
91834 -756 0
90504 757 0
91834 -757 0
62083 21 0
91834 -21 0
97360 758 0
91834 -758 0
101478 759 0
91834 -759 0
81434 760 0
91834 -760 0
86030 761 0
91834 -761 0
90008 762 0
91834 -762 0
96388 763 0
91834 -763 0
93128 764 0
91834 -764 0
96996 765 0
91834 -765 0
92412 766 0
91834 -766 0
94620 767 0
91834 -767 0
96202 768 0
91834 -768 0
78064 769 0
91834 -769 0
85098 770 0
91834 -770 0
100352 771 0
91834 -771 0
86250 772 0
91834 -772 0
90488 773 0
91834 -773 0
92754 774 0
91834 -774 0
94442 775 0
91834 -775 0
85898 776 0
91834 -776 0
87082 777 0
91834 -777 0
85816 778 0
91834 -778 0
95410 779 0
91834 -779 0
97318 780 0
91834 -780 0
94684 781 0
91834 -781 0
90224 782 0
91834 -782 0
76516 22 0
91834 -22 0
77194 783 0
91834 -783 0
94582 784 0
91834 -784 0
96246 785 0
91834 -785 0
99916 786 0
91834 -786 0
93966 787 0
91834 -787 0
93812 788 0
91834 -788 0
101442 789 0
91834 -789 0
101042 790 0
91834 -790 0
93614 791 0
91834 -791 0
87388 792 0
91834 -792 0
93536 793 0
91834 -793 0
83436 794 0
91834 -794 0
83550 795 0
91834 -795 0
88916 796 0
91834 -796 0
96400 797 0
91834 -797 0
89286 798 0
91834 -798 0
94208 799 0
91834 -799 0
92244 800 0
91834 -800 0
95640 801 0
91834 -801 0
91070 802 0
91834 -802 0
86194 803 0
91834 -803 0
90142 804 0
91834 -804 0
93452 805 0
91834 -805 0
91764 806 0
91834 -806 0
75509 23 0
91834 -23 0
101818 807 0
91834 -807 0
94188 808 0
91834 -808 0
95330 809 0
91834 -809 0
85776 810 0
91834 -810 0
91314 811 0
91834 -811 0
98508 812 0
91834 -812 0
91420 813 0
91834 -813 0
97942 814 0
91834 -814 0
87996 815 0
91834 -815 0
98748 816 0
91834 -816 0
101026 817 0
91834 -817 0
91762 818 0
91834 -818 0
93496 819 0
91834 -819 0
93450 820 0
91834 -820 0
92540 821 0
91834 -821 0
87872 822 0
91834 -822 0
99522 823 0
91834 -823 0
97364 824 0
91834 -824 0
93084 825 0
91834 -825 0
94802 826 0
91834 -826 0
91114 827 0
91834 -827 0
91094 828 0
91834 -828 0
91274 829 0
91834 -829 0
74065 24 0
91834 -24 0
92148 830 0
91834 -830 0
95876 831 0
91834 -831 0
81490 832 0
91834 -832 0
93382 833 0
91834 -833 0
85854 834 0
91834 -834 0
100314 835 0
91834 -835 0
93122 836 0
91834 -836 0
93514 837 0
91834 -837 0
96886 838 0
91834 -838 0
90778 839 0
91834 -839 0
92150 840 0
91834 -840 0
93736 841 0
91834 -841 0
87334 842 0
91834 -842 0
97568 843 0
91834 -843 0
82878 844 0
91834 -844 0
89858 845 0
91834 -845 0
93548 846 0
91834 -846 0
88734 847 0
91834 -847 0
89506 848 0
91834 -848 0
101182 849 0
91834 -849 0
92260 850 0
91834 -850 0
95124 851 0
91834 -851 0
56169 25 0
91834 -25 0
99418 852 0
91834 -852 0
97010 853 0
91834 -853 0
86934 854 0
91834 -854 0
94972 855 0
91834 -855 0
95264 856 0
91834 -856 0
96304 857 0
91834 -857 0
84020 858 0
91834 -858 0
93688 859 0
91834 -859 0
89962 860 0
91834 -860 0
92558 861 0
91834 -861 0
93458 862 0
91834 -862 0
97126 863 0
91834 -863 0
89574 864 0
91834 -864 0
101740 865 0
91834 -865 0
86510 866 0
91834 -866 0
93236 867 0
91834 -867 0
89362 868 0
91834 -868 0
91746 869 0
91834 -869 0
88942 870 0
91834 -870 0
95208 871 0
91834 -871 0
88964 872 0
91834 -872 0
68056 26 0
91834 -26 0
84802 873 0
91834 -873 0
84598 874 0
91834 -874 0
86842 875 0
91834 -875 0
92500 876 0
91834 -876 0
90954 877 0
91834 -877 0
100226 878 0
91834 -878 0
87940 879 0
91834 -879 0
88844 880 0
91834 -880 0
103062 881 0
91834 -881 0
99616 882 0
91834 -882 0
86604 883 0
91834 -883 0
87312 884 0
91834 -884 0
87544 885 0
91834 -885 0
94290 886 0
91834 -886 0
89884 887 0
91834 -887 0
88566 888 0
91834 -888 0
101638 889 0
91834 -889 0
89542 890 0
91834 -890 0
91532 891 0
91834 -891 0
89104 892 0
91834 -892 0
87690 27 0
91834 -27 0
83980 893 0
91834 -893 0
79670 894 0
91834 -894 0
90000 895 0
91834 -895 0
94710 896 0
91834 -896 0
91078 897 0
91834 -897 0
90878 898 0
91834 -898 0
102504 899 0
91834 -899 0
99170 900 0
91834 -900 0
101560 901 0
91834 -901 0
88670 902 0
91834 -902 0
87090 903 0
91834 -903 0
85298 904 0
91834 -904 0
95454 905 0
91834 -905 0
90320 906 0
91834 -906 0
88320 907 0
91834 -907 0
94638 908 0
91834 -908 0
95962 909 0
91834 -909 0
92374 910 0
91834 -910 0
90994 911 0
91834 -911 0
79856 28 0
91834 -28 0
90884 912 0
91834 -912 0
92476 913 0
91834 -913 0
88592 914 0
91834 -914 0
85212 915 0
91834 -915 0
94728 916 0
91834 -916 0
88616 917 0
91834 -917 0
99684 918 0
91834 -918 0
89736 919 0
91834 -919 0
97890 920 0
91834 -920 0
94596 921 0
91834 -921 0
97372 922 0
91834 -922 0
86278 923 0
91834 -923 0
88512 924 0
91834 -924 0
90062 925 0
91834 -925 0
94922 926 0
91834 -926 0
90910 927 0
91834 -927 0
92400 928 0
91834 -928 0
91484 929 0
91834 -929 0
91824 29 0
91834 -29 0
85620 930 0
91834 -930 0
92624 931 0
91834 -931 0
93356 932 0
91834 -932 0
101044 933 0
91834 -933 0
96528 934 0
91834 -934 0
98086 935 0
91834 -935 0
97634 936 0
91834 -936 0
82596 937 0
91834 -937 0
94346 938 0
91834 -938 0
92684 939 0
91834 -939 0
91794 940 0
91834 -940 0
88880 941 0
91834 -941 0
91190 942 0
91834 -942 0
97182 943 0
91834 -943 0
89470 944 0
91834 -944 0
90208 945 0
91834 -945 0
90924 946 0
91834 -946 0
92970 30 0
91834 -30 0
93312 947 0
91834 -947 0
96332 948 0
91834 -948 0
91790 949 0
91834 -949 0
99332 950 0
91834 -950 0
96002 951 0
91834 -951 0
86536 952 0
91834 -952 0
85296 953 0
91834 -953 0
100280 954 0
91834 -954 0
93100 955 0
91834 -955 0
92742 956 0
91834 -956 0
91730 957 0
91834 -957 0
96602 958 0
91834 -958 0
96634 959 0
91834 -959 0
93610 960 0
91834 -960 0
89394 961 0
91834 -961 0
93234 962 0
91834 -962 0
75843 31 0
91834 -31 0
93800 963 0
91834 -963 0
91938 964 0
91834 -964 0
91308 965 0
91834 -965 0
93672 966 0
91834 -966 0
100148 967 0
91834 -967 0
90036 968 0
91834 -968 0
97416 969 0
91834 -969 0
91258 970 0
91834 -970 0
93266 971 0
91834 -971 0
90392 972 0
91834 -972 0
92844 973 0
91834 -973 0
89458 974 0
91834 -974 0
96274 975 0
91834 -975 0
90514 976 0
91834 -976 0
93374 977 0
91834 -977 0
67217 32 0
91834 -32 0
97102 978 0
91834 -978 0
92440 979 0
91834 -979 0
92218 980 0
91834 -980 0
87608 981 0
91834 -981 0
97812 982 0
91834 -982 0
92066 983 0
91834 -983 0
99148 984 0
91834 -984 0
85324 985 0
91834 -985 0
89280 986 0
91834 -986 0
92688 987 0
91834 -987 0
87282 988 0
91834 -988 0
88954 989 0
91834 -989 0
92442 990 0
91834 -990 0
92394 991 0
91834 -991 0
82640 33 0
91834 -33 0
92604 992 0
91834 -992 0
91776 993 0
91834 -993 0
87790 994 0
91834 -994 0
93684 995 0
91834 -995 0
85112 996 0
91834 -996 0
91536 997 0
91834 -997 0
90124 998 0
91834 -998 0
88808 999 0
91834 -999 0
89472 1000 0
91834 -1000 0
90362 1001 0
91834 -1001 0
96274 1002 0
91834 -1002 0
94426 1003 0
91834 -1003 0
90574 1004 0
91834 -1004 0
78165 34 0
91834 -34 0
90770 1005 0
91834 -1005 0
84908 1006 0
91834 -1006 0
96554 1007 0
91834 -1007 0
92444 1008 0
91834 -1008 0
100348 1009 0
91834 -1009 0
88872 1010 0
91834 -1010 0
91852 1011 0
91834 -1011 0
88228 1012 0
91834 -1012 0
91782 1013 0
91834 -1013 0
86578 1014 0
91834 -1014 0
93466 1015 0
91834 -1015 0
90014 1016 0
91834 -1016 0
82810 35 0
91834 -35 0
85800 1017 0
91834 -1017 0
92022 1018 0
91834 -1018 0
86220 1019 0
91834 -1019 0
88900 1020 0
91834 -1020 0
92740 1021 0
91834 -1021 0
93230 1022 0
91834 -1022 0
94910 1023 0
91834 -1023 0
81310 1024 0
91834 -1024 0
90898 1025 0
91834 -1025 0
91470 1026 0
91834 -1026 0
94214 1027 0
91834 -1027 0
75683 36 0
91834 -36 0
92550 1028 0
91834 -1028 0
96420 1029 0
91834 -1029 0
98952 1030 0
91834 -1030 0
82554 1031 0
91834 -1031 0
87470 1032 0
91834 -1032 0
95984 1033 0
91834 -1033 0
87994 1034 0
91834 -1034 0
90214 1035 0
91834 -1035 0
91104 1036 0
91834 -1036 0
94424 1037 0
91834 -1037 0
89956 37 0
91834 -37 0
95588 1038 0
91834 -1038 0
86408 1039 0
91834 -1039 0
93866 1040 0
91834 -1040 0
90988 1041 0
91834 -1041 0
93964 1042 0
91834 -1042 0
95262 1043 0
91834 -1043 0
93394 1044 0
91834 -1044 0
89286 1045 0
91834 -1045 0
93094 1046 0
91834 -1046 0
80428 38 0
91834 -38 0
90254 1047 0
91834 -1047 0
94422 1048 0
91834 -1048 0
91392 1049 0
91834 -1049 0
88578 1050 0
91834 -1050 0
87274 1051 0
91834 -1051 0
88846 1052 0
91834 -1052 0
94412 1053 0
91834 -1053 0
89244 1054 0
91834 -1054 0
86951 39 0
91834 -39 0
98270 1055 0
91834 -1055 0
94130 1056 0
91834 -1056 0
92772 1057 0
91834 -1057 0
92078 1058 0
91834 -1058 0
96862 1059 0
91834 -1059 0
89808 1060 0
91834 -1060 0
94284 1061 0
91834 -1061 0
77740 40 0
91834 -40 0
85906 1062 0
91834 -1062 0
92034 1063 0
91834 -1063 0
88422 1064 0
91834 -1064 0
92050 1065 0
91834 -1065 0
92362 1066 0
91834 -1066 0
93374 1067 0
91834 -1067 0
83779 41 0
91834 -41 0
91604 1068 0
91834 -1068 0
89834 1069 0
91834 -1069 0
92170 1070 0
91834 -1070 0
91690 1071 0
91834 -1071 0
92674 1072 0
91834 -1072 0
93990 42 0
91834 -42 0
93054 1073 0
91834 -1073 0
92206 1074 0
91834 -1074 0
93788 1075 0
91834 -1075 0
89804 1076 0
91834 -1076 0
78818 43 0
91834 -43 0
93538 1077 0
91834 -1077 0
92478 1078 0
91834 -1078 0
94494 1079 0
91834 -1079 0
83038 44 0
91834 -44 0
91798 1080 0
91834 -1080 0
89734 1081 0
91834 -1081 0
89861 45 0
91834 -45 0
93024 1082 0
91834 -1082 0
92989 46 0
91834 -46 0
