c
c Generated WCNF file
c
p wcnf 947 4602 86270
86270 44 0
86270 -45 1 0
86270 -45 2 0
86270 45 -1 -2 0
86270 -46 1 0
86270 -46 3 0
86270 46 -1 -3 0
86270 -47 1 0
86270 -47 4 0
86270 47 -1 -4 0
86270 -48 1 0
86270 -48 5 0
86270 48 -1 -5 0
86270 -49 1 0
86270 -49 6 0
86270 49 -1 -6 0
86270 -50 1 0
86270 -50 7 0
86270 50 -1 -7 0
86270 -51 1 0
86270 -51 8 0
86270 51 -1 -8 0
86270 -52 1 0
86270 -52 9 0
86270 52 -1 -9 0
86270 -53 1 0
86270 -53 10 0
86270 53 -1 -10 0
86270 -54 1 0
86270 -54 11 0
86270 54 -1 -11 0
86270 -55 1 0
86270 -55 12 0
86270 55 -1 -12 0
86270 -56 1 0
86270 -56 13 0
86270 56 -1 -13 0
86270 -57 1 0
86270 -57 14 0
86270 57 -1 -14 0
86270 -58 1 0
86270 -58 15 0
86270 58 -1 -15 0
86270 -59 1 0
86270 -59 16 0
86270 59 -1 -16 0
86270 -60 1 0
86270 -60 17 0
86270 60 -1 -17 0
86270 -61 1 0
86270 -61 18 0
86270 61 -1 -18 0
86270 -62 1 0
86270 -62 19 0
86270 62 -1 -19 0
86270 -63 1 0
86270 -63 20 0
86270 63 -1 -20 0
86270 -64 1 0
86270 -64 21 0
86270 64 -1 -21 0
86270 -65 1 0
86270 -65 22 0
86270 65 -1 -22 0
86270 -66 1 0
86270 -66 23 0
86270 66 -1 -23 0
86270 -67 1 0
86270 -67 24 0
86270 67 -1 -24 0
86270 -68 1 0
86270 -68 25 0
86270 68 -1 -25 0
86270 -69 1 0
86270 -69 26 0
86270 69 -1 -26 0
86270 -70 1 0
86270 -70 27 0
86270 70 -1 -27 0
86270 -71 1 0
86270 -71 28 0
86270 71 -1 -28 0
86270 -72 1 0
86270 -72 29 0
86270 72 -1 -29 0
86270 -73 1 0
86270 -73 30 0
86270 73 -1 -30 0
86270 -74 1 0
86270 -74 31 0
86270 74 -1 -31 0
86270 -75 1 0
86270 -75 32 0
86270 75 -1 -32 0
86270 -76 1 0
86270 -76 33 0
86270 76 -1 -33 0
86270 -77 1 0
86270 -77 34 0
86270 77 -1 -34 0
86270 -78 1 0
86270 -78 35 0
86270 78 -1 -35 0
86270 -79 1 0
86270 -79 36 0
86270 79 -1 -36 0
86270 -80 1 0
86270 -80 37 0
86270 80 -1 -37 0
86270 -81 1 0
86270 -81 38 0
86270 81 -1 -38 0
86270 -82 1 0
86270 -82 39 0
86270 82 -1 -39 0
86270 -83 1 0
86270 -83 40 0
86270 83 -1 -40 0
86270 -84 1 0
86270 -84 41 0
86270 84 -1 -41 0
86270 -85 1 0
86270 -85 42 0
86270 85 -1 -42 0
86270 -86 1 0
86270 -86 43 0
86270 86 -1 -43 0
86270 -87 2 0
86270 -87 3 0
86270 87 -2 -3 0
86270 -88 2 0
86270 -88 4 0
86270 88 -2 -4 0
86270 -89 2 0
86270 -89 5 0
86270 89 -2 -5 0
86270 -90 2 0
86270 -90 6 0
86270 90 -2 -6 0
86270 -91 2 0
86270 -91 7 0
86270 91 -2 -7 0
86270 -92 2 0
86270 -92 8 0
86270 92 -2 -8 0
86270 -93 2 0
86270 -93 9 0
86270 93 -2 -9 0
86270 -94 2 0
86270 -94 10 0
86270 94 -2 -10 0
86270 -95 2 0
86270 -95 11 0
86270 95 -2 -11 0
86270 -96 2 0
86270 -96 12 0
86270 96 -2 -12 0
86270 -97 2 0
86270 -97 13 0
86270 97 -2 -13 0
86270 -98 2 0
86270 -98 14 0
86270 98 -2 -14 0
86270 -99 2 0
86270 -99 15 0
86270 99 -2 -15 0
86270 -100 2 0
86270 -100 16 0
86270 100 -2 -16 0
86270 -101 2 0
86270 -101 17 0
86270 101 -2 -17 0
86270 -102 2 0
86270 -102 18 0
86270 102 -2 -18 0
86270 -103 2 0
86270 -103 19 0
86270 103 -2 -19 0
86270 -104 2 0
86270 -104 20 0
86270 104 -2 -20 0
86270 -105 2 0
86270 -105 21 0
86270 105 -2 -21 0
86270 -106 2 0
86270 -106 22 0
86270 106 -2 -22 0
86270 -107 2 0
86270 -107 23 0
86270 107 -2 -23 0
86270 -108 2 0
86270 -108 24 0
86270 108 -2 -24 0
86270 -109 2 0
86270 -109 25 0
86270 109 -2 -25 0
86270 -110 2 0
86270 -110 26 0
86270 110 -2 -26 0
86270 -111 2 0
86270 -111 27 0
86270 111 -2 -27 0
86270 -112 2 0
86270 -112 28 0
86270 112 -2 -28 0
86270 -113 2 0
86270 -113 29 0
86270 113 -2 -29 0
86270 -114 2 0
86270 -114 30 0
86270 114 -2 -30 0
86270 -115 2 0
86270 -115 31 0
86270 115 -2 -31 0
86270 -116 2 0
86270 -116 32 0
86270 116 -2 -32 0
86270 -117 2 0
86270 -117 33 0
86270 117 -2 -33 0
86270 -118 2 0
86270 -118 34 0
86270 118 -2 -34 0
86270 -119 2 0
86270 -119 35 0
86270 119 -2 -35 0
86270 -120 2 0
86270 -120 36 0
86270 120 -2 -36 0
86270 -121 2 0
86270 -121 37 0
86270 121 -2 -37 0
86270 -122 2 0
86270 -122 38 0
86270 122 -2 -38 0
86270 -123 2 0
86270 -123 39 0
86270 123 -2 -39 0
86270 -124 2 0
86270 -124 40 0
86270 124 -2 -40 0
86270 -125 2 0
86270 -125 41 0
86270 125 -2 -41 0
86270 -126 2 0
86270 -126 42 0
86270 126 -2 -42 0
86270 -127 2 0
86270 -127 43 0
86270 127 -2 -43 0
86270 -128 3 0
86270 -128 4 0
86270 128 -3 -4 0
86270 -129 3 0
86270 -129 5 0
86270 129 -3 -5 0
86270 -130 3 0
86270 -130 6 0
86270 130 -3 -6 0
86270 -131 3 0
86270 -131 7 0
86270 131 -3 -7 0
86270 -132 3 0
86270 -132 8 0
86270 132 -3 -8 0
86270 -133 3 0
86270 -133 9 0
86270 133 -3 -9 0
86270 -134 3 0
86270 -134 10 0
86270 134 -3 -10 0
86270 -135 3 0
86270 -135 11 0
86270 135 -3 -11 0
86270 -136 3 0
86270 -136 12 0
86270 136 -3 -12 0
86270 -137 3 0
86270 -137 13 0
86270 137 -3 -13 0
86270 -138 3 0
86270 -138 14 0
86270 138 -3 -14 0
86270 -139 3 0
86270 -139 15 0
86270 139 -3 -15 0
86270 -140 3 0
86270 -140 16 0
86270 140 -3 -16 0
86270 -141 3 0
86270 -141 17 0
86270 141 -3 -17 0
86270 -142 3 0
86270 -142 18 0
86270 142 -3 -18 0
86270 -143 3 0
86270 -143 19 0
86270 143 -3 -19 0
86270 -144 3 0
86270 -144 20 0
86270 144 -3 -20 0
86270 -145 3 0
86270 -145 21 0
86270 145 -3 -21 0
86270 -146 3 0
86270 -146 22 0
86270 146 -3 -22 0
86270 -147 3 0
86270 -147 23 0
86270 147 -3 -23 0
86270 -148 3 0
86270 -148 24 0
86270 148 -3 -24 0
86270 -149 3 0
86270 -149 25 0
86270 149 -3 -25 0
86270 -150 3 0
86270 -150 26 0
86270 150 -3 -26 0
86270 -151 3 0
86270 -151 27 0
86270 151 -3 -27 0
86270 -152 3 0
86270 -152 28 0
86270 152 -3 -28 0
86270 -153 3 0
86270 -153 29 0
86270 153 -3 -29 0
86270 -154 3 0
86270 -154 30 0
86270 154 -3 -30 0
86270 -155 3 0
86270 -155 31 0
86270 155 -3 -31 0
86270 -156 3 0
86270 -156 32 0
86270 156 -3 -32 0
86270 -157 3 0
86270 -157 33 0
86270 157 -3 -33 0
86270 -158 3 0
86270 -158 34 0
86270 158 -3 -34 0
86270 -159 3 0
86270 -159 35 0
86270 159 -3 -35 0
86270 -160 3 0
86270 -160 36 0
86270 160 -3 -36 0
86270 -161 3 0
86270 -161 37 0
86270 161 -3 -37 0
86270 -162 3 0
86270 -162 38 0
86270 162 -3 -38 0
86270 -163 3 0
86270 -163 39 0
86270 163 -3 -39 0
86270 -164 3 0
86270 -164 40 0
86270 164 -3 -40 0
86270 -165 3 0
86270 -165 41 0
86270 165 -3 -41 0
86270 -166 3 0
86270 -166 42 0
86270 166 -3 -42 0
86270 -167 3 0
86270 -167 43 0
86270 167 -3 -43 0
86270 -168 4 0
86270 -168 5 0
86270 168 -4 -5 0
86270 -169 4 0
86270 -169 6 0
86270 169 -4 -6 0
86270 -170 4 0
86270 -170 7 0
86270 170 -4 -7 0
86270 -171 4 0
86270 -171 8 0
86270 171 -4 -8 0
86270 -172 4 0
86270 -172 9 0
86270 172 -4 -9 0
86270 -173 4 0
86270 -173 10 0
86270 173 -4 -10 0
86270 -174 4 0
86270 -174 11 0
86270 174 -4 -11 0
86270 -175 4 0
86270 -175 12 0
86270 175 -4 -12 0
86270 -176 4 0
86270 -176 13 0
86270 176 -4 -13 0
86270 -177 4 0
86270 -177 14 0
86270 177 -4 -14 0
86270 -178 4 0
86270 -178 15 0
86270 178 -4 -15 0
86270 -179 4 0
86270 -179 16 0
86270 179 -4 -16 0
86270 -180 4 0
86270 -180 17 0
86270 180 -4 -17 0
86270 -181 4 0
86270 -181 18 0
86270 181 -4 -18 0
86270 -182 4 0
86270 -182 19 0
86270 182 -4 -19 0
86270 -183 4 0
86270 -183 20 0
86270 183 -4 -20 0
86270 -184 4 0
86270 -184 21 0
86270 184 -4 -21 0
86270 -185 4 0
86270 -185 22 0
86270 185 -4 -22 0
86270 -186 4 0
86270 -186 23 0
86270 186 -4 -23 0
86270 -187 4 0
86270 -187 24 0
86270 187 -4 -24 0
86270 -188 4 0
86270 -188 25 0
86270 188 -4 -25 0
86270 -189 4 0
86270 -189 26 0
86270 189 -4 -26 0
86270 -190 4 0
86270 -190 27 0
86270 190 -4 -27 0
86270 -191 4 0
86270 -191 28 0
86270 191 -4 -28 0
86270 -192 4 0
86270 -192 29 0
86270 192 -4 -29 0
86270 -193 4 0
86270 -193 30 0
86270 193 -4 -30 0
86270 -194 4 0
86270 -194 31 0
86270 194 -4 -31 0
86270 -195 4 0
86270 -195 32 0
86270 195 -4 -32 0
86270 -196 4 0
86270 -196 33 0
86270 196 -4 -33 0
86270 -197 4 0
86270 -197 34 0
86270 197 -4 -34 0
86270 -198 4 0
86270 -198 35 0
86270 198 -4 -35 0
86270 -199 4 0
86270 -199 36 0
86270 199 -4 -36 0
86270 -200 4 0
86270 -200 37 0
86270 200 -4 -37 0
86270 -201 4 0
86270 -201 38 0
86270 201 -4 -38 0
86270 -202 4 0
86270 -202 39 0
86270 202 -4 -39 0
86270 -203 4 0
86270 -203 40 0
86270 203 -4 -40 0
86270 -204 4 0
86270 -204 41 0
86270 204 -4 -41 0
86270 -205 4 0
86270 -205 42 0
86270 205 -4 -42 0
86270 -206 4 0
86270 -206 43 0
86270 206 -4 -43 0
86270 -207 5 0
86270 -207 6 0
86270 207 -5 -6 0
86270 -208 5 0
86270 -208 7 0
86270 208 -5 -7 0
86270 -209 5 0
86270 -209 8 0
86270 209 -5 -8 0
86270 -210 5 0
86270 -210 9 0
86270 210 -5 -9 0
86270 -211 5 0
86270 -211 10 0
86270 211 -5 -10 0
86270 -212 5 0
86270 -212 11 0
86270 212 -5 -11 0
86270 -213 5 0
86270 -213 12 0
86270 213 -5 -12 0
86270 -214 5 0
86270 -214 13 0
86270 214 -5 -13 0
86270 -215 5 0
86270 -215 14 0
86270 215 -5 -14 0
86270 -216 5 0
86270 -216 15 0
86270 216 -5 -15 0
86270 -217 5 0
86270 -217 16 0
86270 217 -5 -16 0
86270 -218 5 0
86270 -218 17 0
86270 218 -5 -17 0
86270 -219 5 0
86270 -219 18 0
86270 219 -5 -18 0
86270 -220 5 0
86270 -220 19 0
86270 220 -5 -19 0
86270 -221 5 0
86270 -221 20 0
86270 221 -5 -20 0
86270 -222 5 0
86270 -222 21 0
86270 222 -5 -21 0
86270 -223 5 0
86270 -223 22 0
86270 223 -5 -22 0
86270 -224 5 0
86270 -224 23 0
86270 224 -5 -23 0
86270 -225 5 0
86270 -225 24 0
86270 225 -5 -24 0
86270 -226 5 0
86270 -226 25 0
86270 226 -5 -25 0
86270 -227 5 0
86270 -227 26 0
86270 227 -5 -26 0
86270 -228 5 0
86270 -228 27 0
86270 228 -5 -27 0
86270 -229 5 0
86270 -229 28 0
86270 229 -5 -28 0
86270 -230 5 0
86270 -230 29 0
86270 230 -5 -29 0
86270 -231 5 0
86270 -231 30 0
86270 231 -5 -30 0
86270 -232 5 0
86270 -232 31 0
86270 232 -5 -31 0
86270 -233 5 0
86270 -233 32 0
86270 233 -5 -32 0
86270 -234 5 0
86270 -234 33 0
86270 234 -5 -33 0
86270 -235 5 0
86270 -235 34 0
86270 235 -5 -34 0
86270 -236 5 0
86270 -236 35 0
86270 236 -5 -35 0
86270 -237 5 0
86270 -237 36 0
86270 237 -5 -36 0
86270 -238 5 0
86270 -238 37 0
86270 238 -5 -37 0
86270 -239 5 0
86270 -239 38 0
86270 239 -5 -38 0
86270 -240 5 0
86270 -240 39 0
86270 240 -5 -39 0
86270 -241 5 0
86270 -241 40 0
86270 241 -5 -40 0
86270 -242 5 0
86270 -242 41 0
86270 242 -5 -41 0
86270 -243 5 0
86270 -243 42 0
86270 243 -5 -42 0
86270 -244 5 0
86270 -244 43 0
86270 244 -5 -43 0
86270 -245 6 0
86270 -245 7 0
86270 245 -6 -7 0
86270 -246 6 0
86270 -246 8 0
86270 246 -6 -8 0
86270 -247 6 0
86270 -247 9 0
86270 247 -6 -9 0
86270 -248 6 0
86270 -248 10 0
86270 248 -6 -10 0
86270 -249 6 0
86270 -249 11 0
86270 249 -6 -11 0
86270 -250 6 0
86270 -250 12 0
86270 250 -6 -12 0
86270 -251 6 0
86270 -251 13 0
86270 251 -6 -13 0
86270 -252 6 0
86270 -252 14 0
86270 252 -6 -14 0
86270 -253 6 0
86270 -253 15 0
86270 253 -6 -15 0
86270 -254 6 0
86270 -254 16 0
86270 254 -6 -16 0
86270 -255 6 0
86270 -255 17 0
86270 255 -6 -17 0
86270 -256 6 0
86270 -256 18 0
86270 256 -6 -18 0
86270 -257 6 0
86270 -257 19 0
86270 257 -6 -19 0
86270 -258 6 0
86270 -258 20 0
86270 258 -6 -20 0
86270 -259 6 0
86270 -259 21 0
86270 259 -6 -21 0
86270 -260 6 0
86270 -260 22 0
86270 260 -6 -22 0
86270 -261 6 0
86270 -261 23 0
86270 261 -6 -23 0
86270 -262 6 0
86270 -262 24 0
86270 262 -6 -24 0
86270 -263 6 0
86270 -263 25 0
86270 263 -6 -25 0
86270 -264 6 0
86270 -264 26 0
86270 264 -6 -26 0
86270 -265 6 0
86270 -265 27 0
86270 265 -6 -27 0
86270 -266 6 0
86270 -266 28 0
86270 266 -6 -28 0
86270 -267 6 0
86270 -267 29 0
86270 267 -6 -29 0
86270 -268 6 0
86270 -268 30 0
86270 268 -6 -30 0
86270 -269 6 0
86270 -269 31 0
86270 269 -6 -31 0
86270 -270 6 0
86270 -270 32 0
86270 270 -6 -32 0
86270 -271 6 0
86270 -271 33 0
86270 271 -6 -33 0
86270 -272 6 0
86270 -272 34 0
86270 272 -6 -34 0
86270 -273 6 0
86270 -273 35 0
86270 273 -6 -35 0
86270 -274 6 0
86270 -274 36 0
86270 274 -6 -36 0
86270 -275 6 0
86270 -275 37 0
86270 275 -6 -37 0
86270 -276 6 0
86270 -276 38 0
86270 276 -6 -38 0
86270 -277 6 0
86270 -277 39 0
86270 277 -6 -39 0
86270 -278 6 0
86270 -278 40 0
86270 278 -6 -40 0
86270 -279 6 0
86270 -279 41 0
86270 279 -6 -41 0
86270 -280 6 0
86270 -280 42 0
86270 280 -6 -42 0
86270 -281 6 0
86270 -281 43 0
86270 281 -6 -43 0
86270 -282 7 0
86270 -282 8 0
86270 282 -7 -8 0
86270 -283 7 0
86270 -283 9 0
86270 283 -7 -9 0
86270 -284 7 0
86270 -284 10 0
86270 284 -7 -10 0
86270 -285 7 0
86270 -285 11 0
86270 285 -7 -11 0
86270 -286 7 0
86270 -286 12 0
86270 286 -7 -12 0
86270 -287 7 0
86270 -287 13 0
86270 287 -7 -13 0
86270 -288 7 0
86270 -288 14 0
86270 288 -7 -14 0
86270 -289 7 0
86270 -289 15 0
86270 289 -7 -15 0
86270 -290 7 0
86270 -290 16 0
86270 290 -7 -16 0
86270 -291 7 0
86270 -291 17 0
86270 291 -7 -17 0
86270 -292 7 0
86270 -292 18 0
86270 292 -7 -18 0
86270 -293 7 0
86270 -293 19 0
86270 293 -7 -19 0
86270 -294 7 0
86270 -294 20 0
86270 294 -7 -20 0
86270 -295 7 0
86270 -295 21 0
86270 295 -7 -21 0
86270 -296 7 0
86270 -296 22 0
86270 296 -7 -22 0
86270 -297 7 0
86270 -297 23 0
86270 297 -7 -23 0
86270 -298 7 0
86270 -298 24 0
86270 298 -7 -24 0
86270 -299 7 0
86270 -299 25 0
86270 299 -7 -25 0
86270 -300 7 0
86270 -300 26 0
86270 300 -7 -26 0
86270 -301 7 0
86270 -301 27 0
86270 301 -7 -27 0
86270 -302 7 0
86270 -302 28 0
86270 302 -7 -28 0
86270 -303 7 0
86270 -303 29 0
86270 303 -7 -29 0
86270 -304 7 0
86270 -304 30 0
86270 304 -7 -30 0
86270 -305 7 0
86270 -305 31 0
86270 305 -7 -31 0
86270 -306 7 0
86270 -306 32 0
86270 306 -7 -32 0
86270 -307 7 0
86270 -307 33 0
86270 307 -7 -33 0
86270 -308 7 0
86270 -308 34 0
86270 308 -7 -34 0
86270 -309 7 0
86270 -309 35 0
86270 309 -7 -35 0
86270 -310 7 0
86270 -310 36 0
86270 310 -7 -36 0
86270 -311 7 0
86270 -311 37 0
86270 311 -7 -37 0
86270 -312 7 0
86270 -312 38 0
86270 312 -7 -38 0
86270 -313 7 0
86270 -313 39 0
86270 313 -7 -39 0
86270 -314 7 0
86270 -314 40 0
86270 314 -7 -40 0
86270 -315 7 0
86270 -315 41 0
86270 315 -7 -41 0
86270 -316 7 0
86270 -316 42 0
86270 316 -7 -42 0
86270 -317 7 0
86270 -317 43 0
86270 317 -7 -43 0
86270 -318 8 0
86270 -318 9 0
86270 318 -8 -9 0
86270 -319 8 0
86270 -319 10 0
86270 319 -8 -10 0
86270 -320 8 0
86270 -320 11 0
86270 320 -8 -11 0
86270 -321 8 0
86270 -321 12 0
86270 321 -8 -12 0
86270 -322 8 0
86270 -322 13 0
86270 322 -8 -13 0
86270 -323 8 0
86270 -323 14 0
86270 323 -8 -14 0
86270 -324 8 0
86270 -324 15 0
86270 324 -8 -15 0
86270 -325 8 0
86270 -325 16 0
86270 325 -8 -16 0
86270 -326 8 0
86270 -326 17 0
86270 326 -8 -17 0
86270 -327 8 0
86270 -327 18 0
86270 327 -8 -18 0
86270 -328 8 0
86270 -328 19 0
86270 328 -8 -19 0
86270 -329 8 0
86270 -329 20 0
86270 329 -8 -20 0
86270 -330 8 0
86270 -330 21 0
86270 330 -8 -21 0
86270 -331 8 0
86270 -331 22 0
86270 331 -8 -22 0
86270 -332 8 0
86270 -332 23 0
86270 332 -8 -23 0
86270 -333 8 0
86270 -333 24 0
86270 333 -8 -24 0
86270 -334 8 0
86270 -334 25 0
86270 334 -8 -25 0
86270 -335 8 0
86270 -335 26 0
86270 335 -8 -26 0
86270 -336 8 0
86270 -336 27 0
86270 336 -8 -27 0
86270 -337 8 0
86270 -337 28 0
86270 337 -8 -28 0
86270 -338 8 0
86270 -338 29 0
86270 338 -8 -29 0
86270 -339 8 0
86270 -339 30 0
86270 339 -8 -30 0
86270 -340 8 0
86270 -340 31 0
86270 340 -8 -31 0
86270 -341 8 0
86270 -341 32 0
86270 341 -8 -32 0
86270 -342 8 0
86270 -342 33 0
86270 342 -8 -33 0
86270 -343 8 0
86270 -343 34 0
86270 343 -8 -34 0
86270 -344 8 0
86270 -344 35 0
86270 344 -8 -35 0
86270 -345 8 0
86270 -345 36 0
86270 345 -8 -36 0
86270 -346 8 0
86270 -346 37 0
86270 346 -8 -37 0
86270 -347 8 0
86270 -347 38 0
86270 347 -8 -38 0
86270 -348 8 0
86270 -348 39 0
86270 348 -8 -39 0
86270 -349 8 0
86270 -349 40 0
86270 349 -8 -40 0
86270 -350 8 0
86270 -350 41 0
86270 350 -8 -41 0
86270 -351 8 0
86270 -351 42 0
86270 351 -8 -42 0
86270 -352 8 0
86270 -352 43 0
86270 352 -8 -43 0
86270 -353 9 0
86270 -353 10 0
86270 353 -9 -10 0
86270 -354 9 0
86270 -354 11 0
86270 354 -9 -11 0
86270 -355 9 0
86270 -355 12 0
86270 355 -9 -12 0
86270 -356 9 0
86270 -356 13 0
86270 356 -9 -13 0
86270 -357 9 0
86270 -357 14 0
86270 357 -9 -14 0
86270 -358 9 0
86270 -358 15 0
86270 358 -9 -15 0
86270 -359 9 0
86270 -359 16 0
86270 359 -9 -16 0
86270 -360 9 0
86270 -360 17 0
86270 360 -9 -17 0
86270 -361 9 0
86270 -361 18 0
86270 361 -9 -18 0
86270 -362 9 0
86270 -362 19 0
86270 362 -9 -19 0
86270 -363 9 0
86270 -363 20 0
86270 363 -9 -20 0
86270 -364 9 0
86270 -364 21 0
86270 364 -9 -21 0
86270 -365 9 0
86270 -365 22 0
86270 365 -9 -22 0
86270 -366 9 0
86270 -366 23 0
86270 366 -9 -23 0
86270 -367 9 0
86270 -367 24 0
86270 367 -9 -24 0
86270 -368 9 0
86270 -368 25 0
86270 368 -9 -25 0
86270 -369 9 0
86270 -369 26 0
86270 369 -9 -26 0
86270 -370 9 0
86270 -370 27 0
86270 370 -9 -27 0
86270 -371 9 0
86270 -371 28 0
86270 371 -9 -28 0
86270 -372 9 0
86270 -372 29 0
86270 372 -9 -29 0
86270 -373 9 0
86270 -373 30 0
86270 373 -9 -30 0
86270 -374 9 0
86270 -374 31 0
86270 374 -9 -31 0
86270 -375 9 0
86270 -375 32 0
86270 375 -9 -32 0
86270 -376 9 0
86270 -376 33 0
86270 376 -9 -33 0
86270 -377 9 0
86270 -377 34 0
86270 377 -9 -34 0
86270 -378 9 0
86270 -378 35 0
86270 378 -9 -35 0
86270 -379 9 0
86270 -379 36 0
86270 379 -9 -36 0
86270 -380 9 0
86270 -380 37 0
86270 380 -9 -37 0
86270 -381 9 0
86270 -381 38 0
86270 381 -9 -38 0
86270 -382 9 0
86270 -382 39 0
86270 382 -9 -39 0
86270 -383 9 0
86270 -383 40 0
86270 383 -9 -40 0
86270 -384 9 0
86270 -384 41 0
86270 384 -9 -41 0
86270 -385 9 0
86270 -385 42 0
86270 385 -9 -42 0
86270 -386 9 0
86270 -386 43 0
86270 386 -9 -43 0
86270 -387 10 0
86270 -387 11 0
86270 387 -10 -11 0
86270 -388 10 0
86270 -388 12 0
86270 388 -10 -12 0
86270 -389 10 0
86270 -389 13 0
86270 389 -10 -13 0
86270 -390 10 0
86270 -390 14 0
86270 390 -10 -14 0
86270 -391 10 0
86270 -391 15 0
86270 391 -10 -15 0
86270 -392 10 0
86270 -392 16 0
86270 392 -10 -16 0
86270 -393 10 0
86270 -393 17 0
86270 393 -10 -17 0
86270 -394 10 0
86270 -394 18 0
86270 394 -10 -18 0
86270 -395 10 0
86270 -395 19 0
86270 395 -10 -19 0
86270 -396 10 0
86270 -396 20 0
86270 396 -10 -20 0
86270 -397 10 0
86270 -397 21 0
86270 397 -10 -21 0
86270 -398 10 0
86270 -398 22 0
86270 398 -10 -22 0
86270 -399 10 0
86270 -399 23 0
86270 399 -10 -23 0
86270 -400 10 0
86270 -400 24 0
86270 400 -10 -24 0
86270 -401 10 0
86270 -401 25 0
86270 401 -10 -25 0
86270 -402 10 0
86270 -402 26 0
86270 402 -10 -26 0
86270 -403 10 0
86270 -403 27 0
86270 403 -10 -27 0
86270 -404 10 0
86270 -404 28 0
86270 404 -10 -28 0
86270 -405 10 0
86270 -405 29 0
86270 405 -10 -29 0
86270 -406 10 0
86270 -406 30 0
86270 406 -10 -30 0
86270 -407 10 0
86270 -407 31 0
86270 407 -10 -31 0
86270 -408 10 0
86270 -408 32 0
86270 408 -10 -32 0
86270 -409 10 0
86270 -409 33 0
86270 409 -10 -33 0
86270 -410 10 0
86270 -410 34 0
86270 410 -10 -34 0
86270 -411 10 0
86270 -411 35 0
86270 411 -10 -35 0
86270 -412 10 0
86270 -412 36 0
86270 412 -10 -36 0
86270 -413 10 0
86270 -413 37 0
86270 413 -10 -37 0
86270 -414 10 0
86270 -414 38 0
86270 414 -10 -38 0
86270 -415 10 0
86270 -415 39 0
86270 415 -10 -39 0
86270 -416 10 0
86270 -416 40 0
86270 416 -10 -40 0
86270 -417 10 0
86270 -417 41 0
86270 417 -10 -41 0
86270 -418 10 0
86270 -418 42 0
86270 418 -10 -42 0
86270 -419 10 0
86270 -419 43 0
86270 419 -10 -43 0
86270 -420 11 0
86270 -420 12 0
86270 420 -11 -12 0
86270 -421 11 0
86270 -421 13 0
86270 421 -11 -13 0
86270 -422 11 0
86270 -422 14 0
86270 422 -11 -14 0
86270 -423 11 0
86270 -423 15 0
86270 423 -11 -15 0
86270 -424 11 0
86270 -424 16 0
86270 424 -11 -16 0
86270 -425 11 0
86270 -425 17 0
86270 425 -11 -17 0
86270 -426 11 0
86270 -426 18 0
86270 426 -11 -18 0
86270 -427 11 0
86270 -427 19 0
86270 427 -11 -19 0
86270 -428 11 0
86270 -428 20 0
86270 428 -11 -20 0
86270 -429 11 0
86270 -429 21 0
86270 429 -11 -21 0
86270 -430 11 0
86270 -430 22 0
86270 430 -11 -22 0
86270 -431 11 0
86270 -431 23 0
86270 431 -11 -23 0
86270 -432 11 0
86270 -432 24 0
86270 432 -11 -24 0
86270 -433 11 0
86270 -433 25 0
86270 433 -11 -25 0
86270 -434 11 0
86270 -434 26 0
86270 434 -11 -26 0
86270 -435 11 0
86270 -435 27 0
86270 435 -11 -27 0
86270 -436 11 0
86270 -436 28 0
86270 436 -11 -28 0
86270 -437 11 0
86270 -437 29 0
86270 437 -11 -29 0
86270 -438 11 0
86270 -438 30 0
86270 438 -11 -30 0
86270 -439 11 0
86270 -439 31 0
86270 439 -11 -31 0
86270 -440 11 0
86270 -440 32 0
86270 440 -11 -32 0
86270 -441 11 0
86270 -441 33 0
86270 441 -11 -33 0
86270 -442 11 0
86270 -442 34 0
86270 442 -11 -34 0
86270 -443 11 0
86270 -443 35 0
86270 443 -11 -35 0
86270 -444 11 0
86270 -444 36 0
86270 444 -11 -36 0
86270 -445 11 0
86270 -445 37 0
86270 445 -11 -37 0
86270 -446 11 0
86270 -446 38 0
86270 446 -11 -38 0
86270 -447 11 0
86270 -447 39 0
86270 447 -11 -39 0
86270 -448 11 0
86270 -448 40 0
86270 448 -11 -40 0
86270 -449 11 0
86270 -449 41 0
86270 449 -11 -41 0
86270 -450 11 0
86270 -450 42 0
86270 450 -11 -42 0
86270 -451 11 0
86270 -451 43 0
86270 451 -11 -43 0
86270 -452 12 0
86270 -452 13 0
86270 452 -12 -13 0
86270 -453 12 0
86270 -453 14 0
86270 453 -12 -14 0
86270 -454 12 0
86270 -454 15 0
86270 454 -12 -15 0
86270 -455 12 0
86270 -455 16 0
86270 455 -12 -16 0
86270 -456 12 0
86270 -456 17 0
86270 456 -12 -17 0
86270 -457 12 0
86270 -457 18 0
86270 457 -12 -18 0
86270 -458 12 0
86270 -458 19 0
86270 458 -12 -19 0
86270 -459 12 0
86270 -459 20 0
86270 459 -12 -20 0
86270 -460 12 0
86270 -460 21 0
86270 460 -12 -21 0
86270 -461 12 0
86270 -461 22 0
86270 461 -12 -22 0
86270 -462 12 0
86270 -462 23 0
86270 462 -12 -23 0
86270 -463 12 0
86270 -463 24 0
86270 463 -12 -24 0
86270 -464 12 0
86270 -464 25 0
86270 464 -12 -25 0
86270 -465 12 0
86270 -465 26 0
86270 465 -12 -26 0
86270 -466 12 0
86270 -466 27 0
86270 466 -12 -27 0
86270 -467 12 0
86270 -467 28 0
86270 467 -12 -28 0
86270 -468 12 0
86270 -468 29 0
86270 468 -12 -29 0
86270 -469 12 0
86270 -469 30 0
86270 469 -12 -30 0
86270 -470 12 0
86270 -470 31 0
86270 470 -12 -31 0
86270 -471 12 0
86270 -471 32 0
86270 471 -12 -32 0
86270 -472 12 0
86270 -472 33 0
86270 472 -12 -33 0
86270 -473 12 0
86270 -473 34 0
86270 473 -12 -34 0
86270 -474 12 0
86270 -474 35 0
86270 474 -12 -35 0
86270 -475 12 0
86270 -475 36 0
86270 475 -12 -36 0
86270 -476 12 0
86270 -476 37 0
86270 476 -12 -37 0
86270 -477 12 0
86270 -477 38 0
86270 477 -12 -38 0
86270 -478 12 0
86270 -478 39 0
86270 478 -12 -39 0
86270 -479 12 0
86270 -479 40 0
86270 479 -12 -40 0
86270 -480 12 0
86270 -480 41 0
86270 480 -12 -41 0
86270 -481 12 0
86270 -481 42 0
86270 481 -12 -42 0
86270 -482 12 0
86270 -482 43 0
86270 482 -12 -43 0
86270 -483 13 0
86270 -483 14 0
86270 483 -13 -14 0
86270 -484 13 0
86270 -484 15 0
86270 484 -13 -15 0
86270 -485 13 0
86270 -485 16 0
86270 485 -13 -16 0
86270 -486 13 0
86270 -486 17 0
86270 486 -13 -17 0
86270 -487 13 0
86270 -487 18 0
86270 487 -13 -18 0
86270 -488 13 0
86270 -488 19 0
86270 488 -13 -19 0
86270 -489 13 0
86270 -489 20 0
86270 489 -13 -20 0
86270 -490 13 0
86270 -490 21 0
86270 490 -13 -21 0
86270 -491 13 0
86270 -491 22 0
86270 491 -13 -22 0
86270 -492 13 0
86270 -492 23 0
86270 492 -13 -23 0
86270 -493 13 0
86270 -493 24 0
86270 493 -13 -24 0
86270 -494 13 0
86270 -494 25 0
86270 494 -13 -25 0
86270 -495 13 0
86270 -495 26 0
86270 495 -13 -26 0
86270 -496 13 0
86270 -496 27 0
86270 496 -13 -27 0
86270 -497 13 0
86270 -497 28 0
86270 497 -13 -28 0
86270 -498 13 0
86270 -498 29 0
86270 498 -13 -29 0
86270 -499 13 0
86270 -499 30 0
86270 499 -13 -30 0
86270 -500 13 0
86270 -500 31 0
86270 500 -13 -31 0
86270 -501 13 0
86270 -501 32 0
86270 501 -13 -32 0
86270 -502 13 0
86270 -502 33 0
86270 502 -13 -33 0
86270 -503 13 0
86270 -503 34 0
86270 503 -13 -34 0
86270 -504 13 0
86270 -504 35 0
86270 504 -13 -35 0
86270 -505 13 0
86270 -505 36 0
86270 505 -13 -36 0
86270 -506 13 0
86270 -506 37 0
86270 506 -13 -37 0
86270 -507 13 0
86270 -507 38 0
86270 507 -13 -38 0
86270 -508 13 0
86270 -508 39 0
86270 508 -13 -39 0
86270 -509 13 0
86270 -509 40 0
86270 509 -13 -40 0
86270 -510 13 0
86270 -510 41 0
86270 510 -13 -41 0
86270 -511 13 0
86270 -511 42 0
86270 511 -13 -42 0
86270 -512 13 0
86270 -512 43 0
86270 512 -13 -43 0
86270 -513 14 0
86270 -513 15 0
86270 513 -14 -15 0
86270 -514 14 0
86270 -514 16 0
86270 514 -14 -16 0
86270 -515 14 0
86270 -515 17 0
86270 515 -14 -17 0
86270 -516 14 0
86270 -516 18 0
86270 516 -14 -18 0
86270 -517 14 0
86270 -517 19 0
86270 517 -14 -19 0
86270 -518 14 0
86270 -518 20 0
86270 518 -14 -20 0
86270 -519 14 0
86270 -519 21 0
86270 519 -14 -21 0
86270 -520 14 0
86270 -520 22 0
86270 520 -14 -22 0
86270 -521 14 0
86270 -521 23 0
86270 521 -14 -23 0
86270 -522 14 0
86270 -522 24 0
86270 522 -14 -24 0
86270 -523 14 0
86270 -523 25 0
86270 523 -14 -25 0
86270 -524 14 0
86270 -524 26 0
86270 524 -14 -26 0
86270 -525 14 0
86270 -525 27 0
86270 525 -14 -27 0
86270 -526 14 0
86270 -526 28 0
86270 526 -14 -28 0
86270 -527 14 0
86270 -527 29 0
86270 527 -14 -29 0
86270 -528 14 0
86270 -528 30 0
86270 528 -14 -30 0
86270 -529 14 0
86270 -529 31 0
86270 529 -14 -31 0
86270 -530 14 0
86270 -530 32 0
86270 530 -14 -32 0
86270 -531 14 0
86270 -531 33 0
86270 531 -14 -33 0
86270 -532 14 0
86270 -532 34 0
86270 532 -14 -34 0
86270 -533 14 0
86270 -533 35 0
86270 533 -14 -35 0
86270 -534 14 0
86270 -534 36 0
86270 534 -14 -36 0
86270 -535 14 0
86270 -535 37 0
86270 535 -14 -37 0
86270 -536 14 0
86270 -536 38 0
86270 536 -14 -38 0
86270 -537 14 0
86270 -537 39 0
86270 537 -14 -39 0
86270 -538 14 0
86270 -538 40 0
86270 538 -14 -40 0
86270 -539 14 0
86270 -539 41 0
86270 539 -14 -41 0
86270 -540 14 0
86270 -540 42 0
86270 540 -14 -42 0
86270 -541 14 0
86270 -541 43 0
86270 541 -14 -43 0
86270 -542 15 0
86270 -542 16 0
86270 542 -15 -16 0
86270 -543 15 0
86270 -543 17 0
86270 543 -15 -17 0
86270 -544 15 0
86270 -544 18 0
86270 544 -15 -18 0
86270 -545 15 0
86270 -545 19 0
86270 545 -15 -19 0
86270 -546 15 0
86270 -546 20 0
86270 546 -15 -20 0
86270 -547 15 0
86270 -547 21 0
86270 547 -15 -21 0
86270 -548 15 0
86270 -548 22 0
86270 548 -15 -22 0
86270 -549 15 0
86270 -549 23 0
86270 549 -15 -23 0
86270 -550 15 0
86270 -550 24 0
86270 550 -15 -24 0
86270 -551 15 0
86270 -551 25 0
86270 551 -15 -25 0
86270 -552 15 0
86270 -552 26 0
86270 552 -15 -26 0
86270 -553 15 0
86270 -553 27 0
86270 553 -15 -27 0
86270 -554 15 0
86270 -554 28 0
86270 554 -15 -28 0
86270 -555 15 0
86270 -555 29 0
86270 555 -15 -29 0
86270 -556 15 0
86270 -556 30 0
86270 556 -15 -30 0
86270 -557 15 0
86270 -557 31 0
86270 557 -15 -31 0
86270 -558 15 0
86270 -558 32 0
86270 558 -15 -32 0
86270 -559 15 0
86270 -559 33 0
86270 559 -15 -33 0
86270 -560 15 0
86270 -560 34 0
86270 560 -15 -34 0
86270 -561 15 0
86270 -561 35 0
86270 561 -15 -35 0
86270 -562 15 0
86270 -562 36 0
86270 562 -15 -36 0
86270 -563 15 0
86270 -563 37 0
86270 563 -15 -37 0
86270 -564 15 0
86270 -564 38 0
86270 564 -15 -38 0
86270 -565 15 0
86270 -565 39 0
86270 565 -15 -39 0
86270 -566 15 0
86270 -566 40 0
86270 566 -15 -40 0
86270 -567 15 0
86270 -567 41 0
86270 567 -15 -41 0
86270 -568 15 0
86270 -568 42 0
86270 568 -15 -42 0
86270 -569 15 0
86270 -569 43 0
86270 569 -15 -43 0
86270 -570 16 0
86270 -570 17 0
86270 570 -16 -17 0
86270 -571 16 0
86270 -571 18 0
86270 571 -16 -18 0
86270 -572 16 0
86270 -572 19 0
86270 572 -16 -19 0
86270 -573 16 0
86270 -573 20 0
86270 573 -16 -20 0
86270 -574 16 0
86270 -574 21 0
86270 574 -16 -21 0
86270 -575 16 0
86270 -575 22 0
86270 575 -16 -22 0
86270 -576 16 0
86270 -576 23 0
86270 576 -16 -23 0
86270 -577 16 0
86270 -577 24 0
86270 577 -16 -24 0
86270 -578 16 0
86270 -578 25 0
86270 578 -16 -25 0
86270 -579 16 0
86270 -579 26 0
86270 579 -16 -26 0
86270 -580 16 0
86270 -580 27 0
86270 580 -16 -27 0
86270 -581 16 0
86270 -581 28 0
86270 581 -16 -28 0
86270 -582 16 0
86270 -582 29 0
86270 582 -16 -29 0
86270 -583 16 0
86270 -583 30 0
86270 583 -16 -30 0
86270 -584 16 0
86270 -584 31 0
86270 584 -16 -31 0
86270 -585 16 0
86270 -585 32 0
86270 585 -16 -32 0
86270 -586 16 0
86270 -586 33 0
86270 586 -16 -33 0
86270 -587 16 0
86270 -587 34 0
86270 587 -16 -34 0
86270 -588 16 0
86270 -588 35 0
86270 588 -16 -35 0
86270 -589 16 0
86270 -589 36 0
86270 589 -16 -36 0
86270 -590 16 0
86270 -590 37 0
86270 590 -16 -37 0
86270 -591 16 0
86270 -591 38 0
86270 591 -16 -38 0
86270 -592 16 0
86270 -592 39 0
86270 592 -16 -39 0
86270 -593 16 0
86270 -593 40 0
86270 593 -16 -40 0
86270 -594 16 0
86270 -594 41 0
86270 594 -16 -41 0
86270 -595 16 0
86270 -595 42 0
86270 595 -16 -42 0
86270 -596 16 0
86270 -596 43 0
86270 596 -16 -43 0
86270 -597 17 0
86270 -597 18 0
86270 597 -17 -18 0
86270 -598 17 0
86270 -598 19 0
86270 598 -17 -19 0
86270 -599 17 0
86270 -599 20 0
86270 599 -17 -20 0
86270 -600 17 0
86270 -600 21 0
86270 600 -17 -21 0
86270 -601 17 0
86270 -601 22 0
86270 601 -17 -22 0
86270 -602 17 0
86270 -602 23 0
86270 602 -17 -23 0
86270 -603 17 0
86270 -603 24 0
86270 603 -17 -24 0
86270 -604 17 0
86270 -604 25 0
86270 604 -17 -25 0
86270 -605 17 0
86270 -605 26 0
86270 605 -17 -26 0
86270 -606 17 0
86270 -606 27 0
86270 606 -17 -27 0
86270 -607 17 0
86270 -607 28 0
86270 607 -17 -28 0
86270 -608 17 0
86270 -608 29 0
86270 608 -17 -29 0
86270 -609 17 0
86270 -609 30 0
86270 609 -17 -30 0
86270 -610 17 0
86270 -610 31 0
86270 610 -17 -31 0
86270 -611 17 0
86270 -611 32 0
86270 611 -17 -32 0
86270 -612 17 0
86270 -612 33 0
86270 612 -17 -33 0
86270 -613 17 0
86270 -613 34 0
86270 613 -17 -34 0
86270 -614 17 0
86270 -614 35 0
86270 614 -17 -35 0
86270 -615 17 0
86270 -615 36 0
86270 615 -17 -36 0
86270 -616 17 0
86270 -616 37 0
86270 616 -17 -37 0
86270 -617 17 0
86270 -617 38 0
86270 617 -17 -38 0
86270 -618 17 0
86270 -618 39 0
86270 618 -17 -39 0
86270 -619 17 0
86270 -619 40 0
86270 619 -17 -40 0
86270 -620 17 0
86270 -620 41 0
86270 620 -17 -41 0
86270 -621 17 0
86270 -621 42 0
86270 621 -17 -42 0
86270 -622 17 0
86270 -622 43 0
86270 622 -17 -43 0
86270 -623 18 0
86270 -623 19 0
86270 623 -18 -19 0
86270 -624 18 0
86270 -624 20 0
86270 624 -18 -20 0
86270 -625 18 0
86270 -625 21 0
86270 625 -18 -21 0
86270 -626 18 0
86270 -626 22 0
86270 626 -18 -22 0
86270 -627 18 0
86270 -627 23 0
86270 627 -18 -23 0
86270 -628 18 0
86270 -628 24 0
86270 628 -18 -24 0
86270 -629 18 0
86270 -629 25 0
86270 629 -18 -25 0
86270 -630 18 0
86270 -630 26 0
86270 630 -18 -26 0
86270 -631 18 0
86270 -631 27 0
86270 631 -18 -27 0
86270 -632 18 0
86270 -632 28 0
86270 632 -18 -28 0
86270 -633 18 0
86270 -633 29 0
86270 633 -18 -29 0
86270 -634 18 0
86270 -634 30 0
86270 634 -18 -30 0
86270 -635 18 0
86270 -635 31 0
86270 635 -18 -31 0
86270 -636 18 0
86270 -636 32 0
86270 636 -18 -32 0
86270 -637 18 0
86270 -637 33 0
86270 637 -18 -33 0
86270 -638 18 0
86270 -638 34 0
86270 638 -18 -34 0
86270 -639 18 0
86270 -639 35 0
86270 639 -18 -35 0
86270 -640 18 0
86270 -640 36 0
86270 640 -18 -36 0
86270 -641 18 0
86270 -641 37 0
86270 641 -18 -37 0
86270 -642 18 0
86270 -642 38 0
86270 642 -18 -38 0
86270 -643 18 0
86270 -643 39 0
86270 643 -18 -39 0
86270 -644 18 0
86270 -644 40 0
86270 644 -18 -40 0
86270 -645 18 0
86270 -645 41 0
86270 645 -18 -41 0
86270 -646 18 0
86270 -646 42 0
86270 646 -18 -42 0
86270 -647 18 0
86270 -647 43 0
86270 647 -18 -43 0
86270 -648 19 0
86270 -648 20 0
86270 648 -19 -20 0
86270 -649 19 0
86270 -649 21 0
86270 649 -19 -21 0
86270 -650 19 0
86270 -650 22 0
86270 650 -19 -22 0
86270 -651 19 0
86270 -651 23 0
86270 651 -19 -23 0
86270 -652 19 0
86270 -652 24 0
86270 652 -19 -24 0
86270 -653 19 0
86270 -653 25 0
86270 653 -19 -25 0
86270 -654 19 0
86270 -654 26 0
86270 654 -19 -26 0
86270 -655 19 0
86270 -655 27 0
86270 655 -19 -27 0
86270 -656 19 0
86270 -656 28 0
86270 656 -19 -28 0
86270 -657 19 0
86270 -657 29 0
86270 657 -19 -29 0
86270 -658 19 0
86270 -658 30 0
86270 658 -19 -30 0
86270 -659 19 0
86270 -659 31 0
86270 659 -19 -31 0
86270 -660 19 0
86270 -660 32 0
86270 660 -19 -32 0
86270 -661 19 0
86270 -661 33 0
86270 661 -19 -33 0
86270 -662 19 0
86270 -662 34 0
86270 662 -19 -34 0
86270 -663 19 0
86270 -663 35 0
86270 663 -19 -35 0
86270 -664 19 0
86270 -664 36 0
86270 664 -19 -36 0
86270 -665 19 0
86270 -665 37 0
86270 665 -19 -37 0
86270 -666 19 0
86270 -666 38 0
86270 666 -19 -38 0
86270 -667 19 0
86270 -667 39 0
86270 667 -19 -39 0
86270 -668 19 0
86270 -668 40 0
86270 668 -19 -40 0
86270 -669 19 0
86270 -669 41 0
86270 669 -19 -41 0
86270 -670 19 0
86270 -670 42 0
86270 670 -19 -42 0
86270 -671 19 0
86270 -671 43 0
86270 671 -19 -43 0
86270 -672 20 0
86270 -672 21 0
86270 672 -20 -21 0
86270 -673 20 0
86270 -673 22 0
86270 673 -20 -22 0
86270 -674 20 0
86270 -674 23 0
86270 674 -20 -23 0
86270 -675 20 0
86270 -675 24 0
86270 675 -20 -24 0
86270 -676 20 0
86270 -676 25 0
86270 676 -20 -25 0
86270 -677 20 0
86270 -677 26 0
86270 677 -20 -26 0
86270 -678 20 0
86270 -678 27 0
86270 678 -20 -27 0
86270 -679 20 0
86270 -679 28 0
86270 679 -20 -28 0
86270 -680 20 0
86270 -680 29 0
86270 680 -20 -29 0
86270 -681 20 0
86270 -681 30 0
86270 681 -20 -30 0
86270 -682 20 0
86270 -682 31 0
86270 682 -20 -31 0
86270 -683 20 0
86270 -683 32 0
86270 683 -20 -32 0
86270 -684 20 0
86270 -684 33 0
86270 684 -20 -33 0
86270 -685 20 0
86270 -685 34 0
86270 685 -20 -34 0
86270 -686 20 0
86270 -686 35 0
86270 686 -20 -35 0
86270 -687 20 0
86270 -687 36 0
86270 687 -20 -36 0
86270 -688 20 0
86270 -688 37 0
86270 688 -20 -37 0
86270 -689 20 0
86270 -689 38 0
86270 689 -20 -38 0
86270 -690 20 0
86270 -690 39 0
86270 690 -20 -39 0
86270 -691 20 0
86270 -691 40 0
86270 691 -20 -40 0
86270 -692 20 0
86270 -692 41 0
86270 692 -20 -41 0
86270 -693 20 0
86270 -693 42 0
86270 693 -20 -42 0
86270 -694 20 0
86270 -694 43 0
86270 694 -20 -43 0
86270 -695 21 0
86270 -695 22 0
86270 695 -21 -22 0
86270 -696 21 0
86270 -696 23 0
86270 696 -21 -23 0
86270 -697 21 0
86270 -697 24 0
86270 697 -21 -24 0
86270 -698 21 0
86270 -698 25 0
86270 698 -21 -25 0
86270 -699 21 0
86270 -699 26 0
86270 699 -21 -26 0
86270 -700 21 0
86270 -700 27 0
86270 700 -21 -27 0
86270 -701 21 0
86270 -701 28 0
86270 701 -21 -28 0
86270 -702 21 0
86270 -702 29 0
86270 702 -21 -29 0
86270 -703 21 0
86270 -703 30 0
86270 703 -21 -30 0
86270 -704 21 0
86270 -704 31 0
86270 704 -21 -31 0
86270 -705 21 0
86270 -705 32 0
86270 705 -21 -32 0
86270 -706 21 0
86270 -706 33 0
86270 706 -21 -33 0
86270 -707 21 0
86270 -707 34 0
86270 707 -21 -34 0
86270 -708 21 0
86270 -708 35 0
86270 708 -21 -35 0
86270 -709 21 0
86270 -709 36 0
86270 709 -21 -36 0
86270 -710 21 0
86270 -710 37 0
86270 710 -21 -37 0
86270 -711 21 0
86270 -711 38 0
86270 711 -21 -38 0
86270 -712 21 0
86270 -712 39 0
86270 712 -21 -39 0
86270 -713 21 0
86270 -713 40 0
86270 713 -21 -40 0
86270 -714 21 0
86270 -714 41 0
86270 714 -21 -41 0
86270 -715 21 0
86270 -715 42 0
86270 715 -21 -42 0
86270 -716 21 0
86270 -716 43 0
86270 716 -21 -43 0
86270 -717 22 0
86270 -717 23 0
86270 717 -22 -23 0
86270 -718 22 0
86270 -718 24 0
86270 718 -22 -24 0
86270 -719 22 0
86270 -719 25 0
86270 719 -22 -25 0
86270 -720 22 0
86270 -720 26 0
86270 720 -22 -26 0
86270 -721 22 0
86270 -721 27 0
86270 721 -22 -27 0
86270 -722 22 0
86270 -722 28 0
86270 722 -22 -28 0
86270 -723 22 0
86270 -723 29 0
86270 723 -22 -29 0
86270 -724 22 0
86270 -724 30 0
86270 724 -22 -30 0
86270 -725 22 0
86270 -725 31 0
86270 725 -22 -31 0
86270 -726 22 0
86270 -726 32 0
86270 726 -22 -32 0
86270 -727 22 0
86270 -727 33 0
86270 727 -22 -33 0
86270 -728 22 0
86270 -728 34 0
86270 728 -22 -34 0
86270 -729 22 0
86270 -729 35 0
86270 729 -22 -35 0
86270 -730 22 0
86270 -730 36 0
86270 730 -22 -36 0
86270 -731 22 0
86270 -731 37 0
86270 731 -22 -37 0
86270 -732 22 0
86270 -732 38 0
86270 732 -22 -38 0
86270 -733 22 0
86270 -733 39 0
86270 733 -22 -39 0
86270 -734 22 0
86270 -734 40 0
86270 734 -22 -40 0
86270 -735 22 0
86270 -735 41 0
86270 735 -22 -41 0
86270 -736 22 0
86270 -736 42 0
86270 736 -22 -42 0
86270 -737 22 0
86270 -737 43 0
86270 737 -22 -43 0
86270 -738 23 0
86270 -738 24 0
86270 738 -23 -24 0
86270 -739 23 0
86270 -739 25 0
86270 739 -23 -25 0
86270 -740 23 0
86270 -740 26 0
86270 740 -23 -26 0
86270 -741 23 0
86270 -741 27 0
86270 741 -23 -27 0
86270 -742 23 0
86270 -742 28 0
86270 742 -23 -28 0
86270 -743 23 0
86270 -743 29 0
86270 743 -23 -29 0
86270 -744 23 0
86270 -744 30 0
86270 744 -23 -30 0
86270 -745 23 0
86270 -745 31 0
86270 745 -23 -31 0
86270 -746 23 0
86270 -746 32 0
86270 746 -23 -32 0
86270 -747 23 0
86270 -747 33 0
86270 747 -23 -33 0
86270 -748 23 0
86270 -748 34 0
86270 748 -23 -34 0
86270 -749 23 0
86270 -749 35 0
86270 749 -23 -35 0
86270 -750 23 0
86270 -750 36 0
86270 750 -23 -36 0
86270 -751 23 0
86270 -751 37 0
86270 751 -23 -37 0
86270 -752 23 0
86270 -752 38 0
86270 752 -23 -38 0
86270 -753 23 0
86270 -753 39 0
86270 753 -23 -39 0
86270 -754 23 0
86270 -754 40 0
86270 754 -23 -40 0
86270 -755 23 0
86270 -755 41 0
86270 755 -23 -41 0
86270 -756 23 0
86270 -756 42 0
86270 756 -23 -42 0
86270 -757 23 0
86270 -757 43 0
86270 757 -23 -43 0
86270 -758 24 0
86270 -758 25 0
86270 758 -24 -25 0
86270 -759 24 0
86270 -759 26 0
86270 759 -24 -26 0
86270 -760 24 0
86270 -760 27 0
86270 760 -24 -27 0
86270 -761 24 0
86270 -761 28 0
86270 761 -24 -28 0
86270 -762 24 0
86270 -762 29 0
86270 762 -24 -29 0
86270 -763 24 0
86270 -763 30 0
86270 763 -24 -30 0
86270 -764 24 0
86270 -764 31 0
86270 764 -24 -31 0
86270 -765 24 0
86270 -765 32 0
86270 765 -24 -32 0
86270 -766 24 0
86270 -766 33 0
86270 766 -24 -33 0
86270 -767 24 0
86270 -767 34 0
86270 767 -24 -34 0
86270 -768 24 0
86270 -768 35 0
86270 768 -24 -35 0
86270 -769 24 0
86270 -769 36 0
86270 769 -24 -36 0
86270 -770 24 0
86270 -770 37 0
86270 770 -24 -37 0
86270 -771 24 0
86270 -771 38 0
86270 771 -24 -38 0
86270 -772 24 0
86270 -772 39 0
86270 772 -24 -39 0
86270 -773 24 0
86270 -773 40 0
86270 773 -24 -40 0
86270 -774 24 0
86270 -774 41 0
86270 774 -24 -41 0
86270 -775 24 0
86270 -775 42 0
86270 775 -24 -42 0
86270 -776 24 0
86270 -776 43 0
86270 776 -24 -43 0
86270 -777 25 0
86270 -777 26 0
86270 777 -25 -26 0
86270 -778 25 0
86270 -778 27 0
86270 778 -25 -27 0
86270 -779 25 0
86270 -779 28 0
86270 779 -25 -28 0
86270 -780 25 0
86270 -780 29 0
86270 780 -25 -29 0
86270 -781 25 0
86270 -781 30 0
86270 781 -25 -30 0
86270 -782 25 0
86270 -782 31 0
86270 782 -25 -31 0
86270 -783 25 0
86270 -783 32 0
86270 783 -25 -32 0
86270 -784 25 0
86270 -784 33 0
86270 784 -25 -33 0
86270 -785 25 0
86270 -785 34 0
86270 785 -25 -34 0
86270 -786 25 0
86270 -786 35 0
86270 786 -25 -35 0
86270 -787 25 0
86270 -787 36 0
86270 787 -25 -36 0
86270 -788 25 0
86270 -788 37 0
86270 788 -25 -37 0
86270 -789 25 0
86270 -789 38 0
86270 789 -25 -38 0
86270 -790 25 0
86270 -790 39 0
86270 790 -25 -39 0
86270 -791 25 0
86270 -791 40 0
86270 791 -25 -40 0
86270 -792 25 0
86270 -792 41 0
86270 792 -25 -41 0
86270 -793 25 0
86270 -793 42 0
86270 793 -25 -42 0
86270 -794 25 0
86270 -794 43 0
86270 794 -25 -43 0
86270 -795 26 0
86270 -795 27 0
86270 795 -26 -27 0
86270 -796 26 0
86270 -796 28 0
86270 796 -26 -28 0
86270 -797 26 0
86270 -797 29 0
86270 797 -26 -29 0
86270 -798 26 0
86270 -798 30 0
86270 798 -26 -30 0
86270 -799 26 0
86270 -799 31 0
86270 799 -26 -31 0
86270 -800 26 0
86270 -800 32 0
86270 800 -26 -32 0
86270 -801 26 0
86270 -801 33 0
86270 801 -26 -33 0
86270 -802 26 0
86270 -802 34 0
86270 802 -26 -34 0
86270 -803 26 0
86270 -803 35 0
86270 803 -26 -35 0
86270 -804 26 0
86270 -804 36 0
86270 804 -26 -36 0
86270 -805 26 0
86270 -805 37 0
86270 805 -26 -37 0
86270 -806 26 0
86270 -806 38 0
86270 806 -26 -38 0
86270 -807 26 0
86270 -807 39 0
86270 807 -26 -39 0
86270 -808 26 0
86270 -808 40 0
86270 808 -26 -40 0
86270 -809 26 0
86270 -809 41 0
86270 809 -26 -41 0
86270 -810 26 0
86270 -810 42 0
86270 810 -26 -42 0
86270 -811 26 0
86270 -811 43 0
86270 811 -26 -43 0
86270 -812 27 0
86270 -812 28 0
86270 812 -27 -28 0
86270 -813 27 0
86270 -813 29 0
86270 813 -27 -29 0
86270 -814 27 0
86270 -814 30 0
86270 814 -27 -30 0
86270 -815 27 0
86270 -815 31 0
86270 815 -27 -31 0
86270 -816 27 0
86270 -816 32 0
86270 816 -27 -32 0
86270 -817 27 0
86270 -817 33 0
86270 817 -27 -33 0
86270 -818 27 0
86270 -818 34 0
86270 818 -27 -34 0
86270 -819 27 0
86270 -819 35 0
86270 819 -27 -35 0
86270 -820 27 0
86270 -820 36 0
86270 820 -27 -36 0
86270 -821 27 0
86270 -821 37 0
86270 821 -27 -37 0
86270 -822 27 0
86270 -822 38 0
86270 822 -27 -38 0
86270 -823 27 0
86270 -823 39 0
86270 823 -27 -39 0
86270 -824 27 0
86270 -824 40 0
86270 824 -27 -40 0
86270 -825 27 0
86270 -825 41 0
86270 825 -27 -41 0
86270 -826 27 0
86270 -826 42 0
86270 826 -27 -42 0
86270 -827 27 0
86270 -827 43 0
86270 827 -27 -43 0
86270 -828 28 0
86270 -828 29 0
86270 828 -28 -29 0
86270 -829 28 0
86270 -829 30 0
86270 829 -28 -30 0
86270 -830 28 0
86270 -830 31 0
86270 830 -28 -31 0
86270 -831 28 0
86270 -831 32 0
86270 831 -28 -32 0
86270 -832 28 0
86270 -832 33 0
86270 832 -28 -33 0
86270 -833 28 0
86270 -833 34 0
86270 833 -28 -34 0
86270 -834 28 0
86270 -834 35 0
86270 834 -28 -35 0
86270 -835 28 0
86270 -835 36 0
86270 835 -28 -36 0
86270 -836 28 0
86270 -836 37 0
86270 836 -28 -37 0
86270 -837 28 0
86270 -837 38 0
86270 837 -28 -38 0
86270 -838 28 0
86270 -838 39 0
86270 838 -28 -39 0
86270 -839 28 0
86270 -839 40 0
86270 839 -28 -40 0
86270 -840 28 0
86270 -840 41 0
86270 840 -28 -41 0
86270 -841 28 0
86270 -841 42 0
86270 841 -28 -42 0
86270 -842 28 0
86270 -842 43 0
86270 842 -28 -43 0
86270 -843 29 0
86270 -843 30 0
86270 843 -29 -30 0
86270 -844 29 0
86270 -844 31 0
86270 844 -29 -31 0
86270 -845 29 0
86270 -845 32 0
86270 845 -29 -32 0
86270 -846 29 0
86270 -846 33 0
86270 846 -29 -33 0
86270 -847 29 0
86270 -847 34 0
86270 847 -29 -34 0
86270 -848 29 0
86270 -848 35 0
86270 848 -29 -35 0
86270 -849 29 0
86270 -849 36 0
86270 849 -29 -36 0
86270 -850 29 0
86270 -850 37 0
86270 850 -29 -37 0
86270 -851 29 0
86270 -851 38 0
86270 851 -29 -38 0
86270 -852 29 0
86270 -852 39 0
86270 852 -29 -39 0
86270 -853 29 0
86270 -853 40 0
86270 853 -29 -40 0
86270 -854 29 0
86270 -854 41 0
86270 854 -29 -41 0
86270 -855 29 0
86270 -855 42 0
86270 855 -29 -42 0
86270 -856 29 0
86270 -856 43 0
86270 856 -29 -43 0
86270 -857 30 0
86270 -857 31 0
86270 857 -30 -31 0
86270 -858 30 0
86270 -858 32 0
86270 858 -30 -32 0
86270 -859 30 0
86270 -859 33 0
86270 859 -30 -33 0
86270 -860 30 0
86270 -860 34 0
86270 860 -30 -34 0
86270 -861 30 0
86270 -861 35 0
86270 861 -30 -35 0
86270 -862 30 0
86270 -862 36 0
86270 862 -30 -36 0
86270 -863 30 0
86270 -863 37 0
86270 863 -30 -37 0
86270 -864 30 0
86270 -864 38 0
86270 864 -30 -38 0
86270 -865 30 0
86270 -865 39 0
86270 865 -30 -39 0
86270 -866 30 0
86270 -866 40 0
86270 866 -30 -40 0
86270 -867 30 0
86270 -867 41 0
86270 867 -30 -41 0
86270 -868 30 0
86270 -868 42 0
86270 868 -30 -42 0
86270 -869 30 0
86270 -869 43 0
86270 869 -30 -43 0
86270 -870 31 0
86270 -870 32 0
86270 870 -31 -32 0
86270 -871 31 0
86270 -871 33 0
86270 871 -31 -33 0
86270 -872 31 0
86270 -872 34 0
86270 872 -31 -34 0
86270 -873 31 0
86270 -873 35 0
86270 873 -31 -35 0
86270 -874 31 0
86270 -874 36 0
86270 874 -31 -36 0
86270 -875 31 0
86270 -875 37 0
86270 875 -31 -37 0
86270 -876 31 0
86270 -876 38 0
86270 876 -31 -38 0
86270 -877 31 0
86270 -877 39 0
86270 877 -31 -39 0
86270 -878 31 0
86270 -878 40 0
86270 878 -31 -40 0
86270 -879 31 0
86270 -879 41 0
86270 879 -31 -41 0
86270 -880 31 0
86270 -880 42 0
86270 880 -31 -42 0
86270 -881 31 0
86270 -881 43 0
86270 881 -31 -43 0
86270 -882 32 0
86270 -882 33 0
86270 882 -32 -33 0
86270 -883 32 0
86270 -883 34 0
86270 883 -32 -34 0
86270 -884 32 0
86270 -884 35 0
86270 884 -32 -35 0
86270 -885 32 0
86270 -885 36 0
86270 885 -32 -36 0
86270 -886 32 0
86270 -886 37 0
86270 886 -32 -37 0
86270 -887 32 0
86270 -887 38 0
86270 887 -32 -38 0
86270 -888 32 0
86270 -888 39 0
86270 888 -32 -39 0
86270 -889 32 0
86270 -889 40 0
86270 889 -32 -40 0
86270 -890 32 0
86270 -890 41 0
86270 890 -32 -41 0
86270 -891 32 0
86270 -891 42 0
86270 891 -32 -42 0
86270 -892 32 0
86270 -892 43 0
86270 892 -32 -43 0
86270 -893 33 0
86270 -893 34 0
86270 893 -33 -34 0
86270 -894 33 0
86270 -894 35 0
86270 894 -33 -35 0
86270 -895 33 0
86270 -895 36 0
86270 895 -33 -36 0
86270 -896 33 0
86270 -896 37 0
86270 896 -33 -37 0
86270 -897 33 0
86270 -897 38 0
86270 897 -33 -38 0
86270 -898 33 0
86270 -898 39 0
86270 898 -33 -39 0
86270 -899 33 0
86270 -899 40 0
86270 899 -33 -40 0
86270 -900 33 0
86270 -900 41 0
86270 900 -33 -41 0
86270 -901 33 0
86270 -901 42 0
86270 901 -33 -42 0
86270 -902 33 0
86270 -902 43 0
86270 902 -33 -43 0
86270 -903 34 0
86270 -903 35 0
86270 903 -34 -35 0
86270 -904 34 0
86270 -904 36 0
86270 904 -34 -36 0
86270 -905 34 0
86270 -905 37 0
86270 905 -34 -37 0
86270 -906 34 0
86270 -906 38 0
86270 906 -34 -38 0
86270 -907 34 0
86270 -907 39 0
86270 907 -34 -39 0
86270 -908 34 0
86270 -908 40 0
86270 908 -34 -40 0
86270 -909 34 0
86270 -909 41 0
86270 909 -34 -41 0
86270 -910 34 0
86270 -910 42 0
86270 910 -34 -42 0
86270 -911 34 0
86270 -911 43 0
86270 911 -34 -43 0
86270 -912 35 0
86270 -912 36 0
86270 912 -35 -36 0
86270 -913 35 0
86270 -913 37 0
86270 913 -35 -37 0
86270 -914 35 0
86270 -914 38 0
86270 914 -35 -38 0
86270 -915 35 0
86270 -915 39 0
86270 915 -35 -39 0
86270 -916 35 0
86270 -916 40 0
86270 916 -35 -40 0
86270 -917 35 0
86270 -917 41 0
86270 917 -35 -41 0
86270 -918 35 0
86270 -918 42 0
86270 918 -35 -42 0
86270 -919 35 0
86270 -919 43 0
86270 919 -35 -43 0
86270 -920 36 0
86270 -920 37 0
86270 920 -36 -37 0
86270 -921 36 0
86270 -921 38 0
86270 921 -36 -38 0
86270 -922 36 0
86270 -922 39 0
86270 922 -36 -39 0
86270 -923 36 0
86270 -923 40 0
86270 923 -36 -40 0
86270 -924 36 0
86270 -924 41 0
86270 924 -36 -41 0
86270 -925 36 0
86270 -925 42 0
86270 925 -36 -42 0
86270 -926 36 0
86270 -926 43 0
86270 926 -36 -43 0
86270 -927 37 0
86270 -927 38 0
86270 927 -37 -38 0
86270 -928 37 0
86270 -928 39 0
86270 928 -37 -39 0
86270 -929 37 0
86270 -929 40 0
86270 929 -37 -40 0
86270 -930 37 0
86270 -930 41 0
86270 930 -37 -41 0
86270 -931 37 0
86270 -931 42 0
86270 931 -37 -42 0
86270 -932 37 0
86270 -932 43 0
86270 932 -37 -43 0
86270 -933 38 0
86270 -933 39 0
86270 933 -38 -39 0
86270 -934 38 0
86270 -934 40 0
86270 934 -38 -40 0
86270 -935 38 0
86270 -935 41 0
86270 935 -38 -41 0
86270 -936 38 0
86270 -936 42 0
86270 936 -38 -42 0
86270 -937 38 0
86270 -937 43 0
86270 937 -38 -43 0
86270 -938 39 0
86270 -938 40 0
86270 938 -39 -40 0
86270 -939 39 0
86270 -939 41 0
86270 939 -39 -41 0
86270 -940 39 0
86270 -940 42 0
86270 940 -39 -42 0
86270 -941 39 0
86270 -941 43 0
86270 941 -39 -43 0
86270 -942 40 0
86270 -942 41 0
86270 942 -40 -41 0
86270 -943 40 0
86270 -943 42 0
86270 943 -40 -42 0
86270 -944 40 0
86270 -944 43 0
86270 944 -40 -43 0
86270 -945 41 0
86270 -945 42 0
86270 945 -41 -42 0
86270 -946 41 0
86270 -946 43 0
86270 946 -41 -43 0
86270 -947 42 0
86270 -947 43 0
86270 947 -42 -43 0
40947 1 0
86260 -1 0
76362 45 0
86260 -45 0
71060 46 0
86260 -46 0
78232 47 0
86260 -47 0
87314 48 0
86260 -48 0
93866 49 0
86260 -49 0
114718 50 0
86260 -50 0
86978 51 0
86260 -51 0
105548 52 0
86260 -52 0
95106 53 0
86260 -53 0
86808 54 0
86260 -54 0
84238 55 0
86260 -55 0
76202 56 0
86260 -56 0
83740 57 0
86260 -57 0
101600 58 0
86260 -58 0
101308 59 0
86260 -59 0
70246 60 0
86260 -60 0
81990 61 0
86260 -61 0
81042 62 0
86260 -62 0
90890 63 0
86260 -63 0
82076 64 0
86260 -64 0
86092 65 0
86260 -65 0
89426 66 0
86260 -66 0
88928 67 0
86260 -67 0
87378 68 0
86260 -68 0
77786 69 0
86260 -69 0
90620 70 0
86260 -70 0
74772 71 0
86260 -71 0
81216 72 0
86260 -72 0
89564 73 0
86260 -73 0
92014 74 0
86260 -74 0
83890 75 0
86260 -75 0
89010 76 0
86260 -76 0
84400 77 0
86260 -77 0
92192 78 0
86260 -78 0
87642 79 0
86260 -79 0
91152 80 0
86260 -80 0
89270 81 0
86260 -81 0
86638 82 0
86260 -82 0
87442 83 0
86260 -83 0
84456 84 0
86260 -84 0
83850 85 0
86260 -85 0
88926 86 0
86260 -86 0
40164 2 0
86260 -2 0
75294 87 0
86260 -87 0
73126 88 0
86260 -88 0
85674 89 0
86260 -89 0
80126 90 0
86260 -90 0
84426 91 0
86260 -91 0
88304 92 0
86260 -92 0
89490 93 0
86260 -93 0
67914 94 0
86260 -94 0
75394 95 0
86260 -95 0
79254 96 0
86260 -96 0
102270 97 0
86260 -97 0
109640 98 0
86260 -98 0
94054 99 0
86260 -99 0
85876 100 0
86260 -100 0
85242 101 0
86260 -101 0
84044 102 0
86260 -102 0
82816 103 0
86260 -103 0
74802 104 0
86260 -104 0
89140 105 0
86260 -105 0
89998 106 0
86260 -106 0
89660 107 0
86260 -107 0
84320 108 0
86260 -108 0
94144 109 0
86260 -109 0
79860 110 0
86260 -110 0
95262 111 0
86260 -111 0
92362 112 0
86260 -112 0
94224 113 0
86260 -113 0
76790 114 0
86260 -114 0
101568 115 0
86260 -115 0
89038 116 0
86260 -116 0
88308 117 0
86260 -117 0
83550 118 0
86260 -118 0
87590 119 0
86260 -119 0
89376 120 0
86260 -120 0
88372 121 0
86260 -121 0
84406 122 0
86260 -122 0
86276 123 0
86260 -123 0
84124 124 0
86260 -124 0
86680 125 0
86260 -125 0
83800 126 0
86260 -126 0
86518 127 0
86260 -127 0
57527 3 0
86260 -3 0
90626 128 0
86260 -128 0
80764 129 0
86260 -129 0
101634 130 0
86260 -130 0
95122 131 0
86260 -131 0
85134 132 0
86260 -132 0
105884 133 0
86260 -133 0
68628 134 0
86260 -134 0
83070 135 0
86260 -135 0
76286 136 0
86260 -136 0
101046 137 0
86260 -137 0
92900 138 0
86260 -138 0
92496 139 0
86260 -139 0
83872 140 0
86260 -140 0
91668 141 0
86260 -141 0
88496 142 0
86260 -142 0
84882 143 0
86260 -143 0
103712 144 0
86260 -144 0
96850 145 0
86260 -145 0
91112 146 0
86260 -146 0
90358 147 0
86260 -147 0
84136 148 0
86260 -148 0
99434 149 0
86260 -149 0
92368 150 0
86260 -150 0
81880 151 0
86260 -151 0
75488 152 0
86260 -152 0
82446 153 0
86260 -153 0
88290 154 0
86260 -154 0
82924 155 0
86260 -155 0
85124 156 0
86260 -156 0
93242 157 0
86260 -157 0
83096 158 0
86260 -158 0
89268 159 0
86260 -159 0
90406 160 0
86260 -160 0
81714 161 0
86260 -161 0
87706 162 0
86260 -162 0
86894 163 0
86260 -163 0
85318 164 0
86260 -164 0
89012 165 0
86260 -165 0
87274 166 0
86260 -166 0
86260 167 0
86260 -167 0
58674 4 0
86260 -4 0
107364 168 0
86260 -168 0
81606 169 0
86260 -169 0
94946 170 0
86260 -170 0
86454 171 0
86260 -171 0
79684 172 0
86260 -172 0
79002 173 0
86260 -173 0
96028 174 0
86260 -174 0
93126 175 0
86260 -175 0
65630 176 0
86260 -176 0
78582 177 0
86260 -177 0
99746 178 0
86260 -178 0
80246 179 0
86260 -179 0
82562 180 0
86260 -180 0
85820 181 0
86260 -181 0
84986 182 0
86260 -182 0
80544 183 0
86260 -183 0
96598 184 0
86260 -184 0
80880 185 0
86260 -185 0
76940 186 0
86260 -186 0
74096 187 0
86260 -187 0
87982 188 0
86260 -188 0
90408 189 0
86260 -189 0
83726 190 0
86260 -190 0
99610 191 0
86260 -191 0
82318 192 0
86260 -192 0
90260 193 0
86260 -193 0
86494 194 0
86260 -194 0
85276 195 0
86260 -195 0
87622 196 0
86260 -196 0
72872 197 0
86260 -197 0
87978 198 0
86260 -198 0
84618 199 0
86260 -199 0
89312 200 0
86260 -200 0
85260 201 0
86260 -201 0
87932 202 0
86260 -202 0
82648 203 0
86260 -203 0
91672 204 0
86260 -204 0
83918 205 0
86260 -205 0
83078 206 0
86260 -206 0
34464 5 0
86260 -5 0
93036 207 0
86260 -207 0
82820 208 0
86260 -208 0
73382 209 0
86260 -209 0
88054 210 0
86260 -210 0
94146 211 0
86260 -211 0
78838 212 0
86260 -212 0
81500 213 0
86260 -213 0
88660 214 0
86260 -214 0
100052 215 0
86260 -215 0
99748 216 0
86260 -216 0
65918 217 0
86260 -217 0
86432 218 0
86260 -218 0
88592 219 0
86260 -219 0
78140 220 0
86260 -220 0
73768 221 0
86260 -221 0
96062 222 0
86260 -222 0
79472 223 0
86260 -223 0
89386 224 0
86260 -224 0
72868 225 0
86260 -225 0
81774 226 0
86260 -226 0
81986 227 0
86260 -227 0
86352 228 0
86260 -228 0
90892 229 0
86260 -229 0
92208 230 0
86260 -230 0
77278 231 0
86260 -231 0
92728 232 0
86260 -232 0
100362 233 0
86260 -233 0
77154 234 0
86260 -234 0
85854 235 0
86260 -235 0
78528 236 0
86260 -236 0
82766 237 0
86260 -237 0
82746 238 0
86260 -238 0
91372 239 0
86260 -239 0
86980 240 0
86260 -240 0
90400 241 0
86260 -241 0
80160 242 0
86260 -242 0
87928 243 0
86260 -243 0
87034 244 0
86260 -244 0
43826 6 0
86260 -6 0
76614 245 0
86260 -245 0
104080 246 0
86260 -246 0
60500 247 0
86260 -247 0
101412 248 0
86260 -248 0
78980 249 0
86260 -249 0
85028 250 0
86260 -250 0
98226 251 0
86260 -251 0
89196 252 0
86260 -252 0
77014 253 0
86260 -253 0
76634 254 0
86260 -254 0
99586 255 0
86260 -255 0
78778 256 0
86260 -256 0
91712 257 0
86260 -257 0
64018 258 0
86260 -258 0
97932 259 0
86260 -259 0
78158 260 0
86260 -260 0
86226 261 0
86260 -261 0
83432 262 0
86260 -262 0
73582 263 0
86260 -263 0
82858 264 0
86260 -264 0
94012 265 0
86260 -265 0
86186 266 0
86260 -266 0
92338 267 0
86260 -267 0
87578 268 0
86260 -268 0
79274 269 0
86260 -269 0
85124 270 0
86260 -270 0
84322 271 0
86260 -271 0
80706 272 0
86260 -272 0
83094 273 0
86260 -273 0
80762 274 0
86260 -274 0
87300 275 0
86260 -275 0
91216 276 0
86260 -276 0
89468 277 0
86260 -277 0
86440 278 0
86260 -278 0
86952 279 0
86260 -279 0
90310 280 0
86260 -280 0
83422 281 0
86260 -281 0
63960 7 0
86260 -7 0
67764 282 0
86260 -282 0
70440 283 0
86260 -283 0
72550 284 0
86260 -284 0
80548 285 0
86260 -285 0
78368 286 0
86260 -286 0
95970 287 0
86260 -287 0
78030 288 0
86260 -288 0
88952 289 0
86260 -289 0
74244 290 0
86260 -290 0
106740 291 0
86260 -291 0
90938 292 0
86260 -292 0
92940 293 0
86260 -293 0
78406 294 0
86260 -294 0
92912 295 0
86260 -295 0
98664 296 0
86260 -296 0
95044 297 0
86260 -297 0
80624 298 0
86260 -298 0
87748 299 0
86260 -299 0
83964 300 0
86260 -300 0
83628 301 0
86260 -301 0
89232 302 0
86260 -302 0
93950 303 0
86260 -303 0
77030 304 0
86260 -304 0
84186 305 0
86260 -305 0
79794 306 0
86260 -306 0
87008 307 0
86260 -307 0
91570 308 0
86260 -308 0
78566 309 0
86260 -309 0
90290 310 0
86260 -310 0
79590 311 0
86260 -311 0
83616 312 0
86260 -312 0
86588 313 0
86260 -313 0
82468 314 0
86260 -314 0
88252 315 0
86260 -315 0
88454 316 0
86260 -316 0
85400 317 0
86260 -317 0
74348 8 0
86260 -8 0
99614 318 0
86260 -318 0
76842 319 0
86260 -319 0
83756 320 0
86260 -320 0
69130 321 0
86260 -321 0
74014 322 0
86260 -322 0
78580 323 0
86260 -323 0
98410 324 0
86260 -324 0
76858 325 0
86260 -325 0
92194 326 0
86260 -326 0
93660 327 0
86260 -327 0
77602 328 0
86260 -328 0
96892 329 0
86260 -329 0
91002 330 0
86260 -330 0
89216 331 0
86260 -331 0
83712 332 0
86260 -332 0
87072 333 0
86260 -333 0
89420 334 0
86260 -334 0
80990 335 0
86260 -335 0
74272 336 0
86260 -336 0
79836 337 0
86260 -337 0
77566 338 0
86260 -338 0
83554 339 0
86260 -339 0
86226 340 0
86260 -340 0
82022 341 0
86260 -341 0
86888 342 0
86260 -342 0
89848 343 0
86260 -343 0
86902 344 0
86260 -344 0
87072 345 0
86260 -345 0
86512 346 0
86260 -346 0
84280 347 0
86260 -347 0
83732 348 0
86260 -348 0
87520 349 0
86260 -349 0
85600 350 0
86260 -350 0
83138 351 0
86260 -351 0
89786 352 0
86260 -352 0
55230 9 0
86260 -9 0
102458 353 0
86260 -353 0
78742 354 0
86260 -354 0
92988 355 0
86260 -355 0
97482 356 0
86260 -356 0
81084 357 0
86260 -357 0
78660 358 0
86260 -358 0
78362 359 0
86260 -359 0
89642 360 0
86260 -360 0
81556 361 0
86260 -361 0
74412 362 0
86260 -362 0
63902 363 0
86260 -363 0
97796 364 0
86260 -364 0
88730 365 0
86260 -365 0
96316 366 0
86260 -366 0
80056 367 0
86260 -367 0
89396 368 0
86260 -368 0
74526 369 0
86260 -369 0
88232 370 0
86260 -370 0
95248 371 0
86260 -371 0
94752 372 0
86260 -372 0
72174 373 0
86260 -373 0
87784 374 0
86260 -374 0
81096 375 0
86260 -375 0
92064 376 0
86260 -376 0
85414 377 0
86260 -377 0
77230 378 0
86260 -378 0
87940 379 0
86260 -379 0
78074 380 0
86260 -380 0
90080 381 0
86260 -381 0
88156 382 0
86260 -382 0
82888 383 0
86260 -383 0
88200 384 0
86260 -384 0
85956 385 0
86260 -385 0
88926 386 0
86260 -386 0
73612 10 0
86260 -10 0
93644 387 0
86260 -387 0
88690 388 0
86260 -388 0
71144 389 0
86260 -389 0
86544 390 0
86260 -390 0
101798 391 0
86260 -391 0
76282 392 0
86260 -392 0
87332 393 0
86260 -393 0
93584 394 0
86260 -394 0
96942 395 0
86260 -395 0
82430 396 0
86260 -396 0
101524 397 0
86260 -397 0
93074 398 0
86260 -398 0
88566 399 0
86260 -399 0
86146 400 0
86260 -400 0
89038 401 0
86260 -401 0
88536 402 0
86260 -402 0
76388 403 0
86260 -403 0
80664 404 0
86260 -404 0
76368 405 0
86260 -405 0
87616 406 0
86260 -406 0
89262 407 0
86260 -407 0
75982 408 0
86260 -408 0
89052 409 0
86260 -409 0
88612 410 0
86260 -410 0
82802 411 0
86260 -411 0
89468 412 0
86260 -412 0
84072 413 0
86260 -413 0
81456 414 0
86260 -414 0
86788 415 0
86260 -415 0
80368 416 0
86260 -416 0
91704 417 0
86260 -417 0
83910 418 0
86260 -418 0
83766 419 0
86260 -419 0
57299 11 0
86260 -11 0
72920 420 0
86260 -420 0
99618 421 0
86260 -421 0
96884 422 0
86260 -422 0
86850 423 0
86260 -423 0
93146 424 0
86260 -424 0
90696 425 0
86260 -425 0
85504 426 0
86260 -426 0
90010 427 0
86260 -427 0
77892 428 0
86260 -428 0
96160 429 0
86260 -429 0
90952 430 0
86260 -430 0
88500 431 0
86260 -431 0
83908 432 0
86260 -432 0
92036 433 0
86260 -433 0
70634 434 0
86260 -434 0
88352 435 0
86260 -435 0
87224 436 0
86260 -436 0
99006 437 0
86260 -437 0
69848 438 0
86260 -438 0
95624 439 0
86260 -439 0
88674 440 0
86260 -440 0
91698 441 0
86260 -441 0
89000 442 0
86260 -442 0
87042 443 0
86260 -443 0
80202 444 0
86260 -444 0
90734 445 0
86260 -445 0
82232 446 0
86260 -446 0
83540 447 0
86260 -447 0
88216 448 0
86260 -448 0
82720 449 0
86260 -449 0
86672 450 0
86260 -450 0
87722 451 0
86260 -451 0
59442 12 0
86260 -12 0
87408 452 0
86260 -452 0
92834 453 0
86260 -453 0
93138 454 0
86260 -454 0
90408 455 0
86260 -455 0
82636 456 0
86260 -456 0
84638 457 0
86260 -457 0
94176 458 0
86260 -458 0
93086 459 0
86260 -459 0
87866 460 0
86260 -460 0
82564 461 0
86260 -461 0
83260 462 0
86260 -462 0
92836 463 0
86260 -463 0
90622 464 0
86260 -464 0
79240 465 0
86260 -465 0
86404 466 0
86260 -466 0
91734 467 0
86260 -467 0
86552 468 0
86260 -468 0
87842 469 0
86260 -469 0
87742 470 0
86260 -470 0
86514 471 0
86260 -471 0
95162 472 0
86260 -472 0
78926 473 0
86260 -473 0
88300 474 0
86260 -474 0
80300 475 0
86260 -475 0
91068 476 0
86260 -476 0
82954 477 0
86260 -477 0
87228 478 0
86260 -478 0
82468 479 0
86260 -479 0
91752 480 0
86260 -480 0
86028 481 0
86260 -481 0
82734 482 0
86260 -482 0
64032 13 0
86260 -13 0
58310 483 0
86260 -483 0
106702 484 0
86260 -484 0
78816 485 0
86260 -485 0
67674 486 0
86260 -486 0
85690 487 0
86260 -487 0
100342 488 0
86260 -488 0
80194 489 0
86260 -489 0
81670 490 0
86260 -490 0
83650 491 0
86260 -491 0
70840 492 0
86260 -492 0
85162 493 0
86260 -493 0
76118 494 0
86260 -494 0
88408 495 0
86260 -495 0
83836 496 0
86260 -496 0
87820 497 0
86260 -497 0
71276 498 0
86260 -498 0
94832 499 0
86260 -499 0
79416 500 0
86260 -500 0
80724 501 0
86260 -501 0
83784 502 0
86260 -502 0
77062 503 0
86260 -503 0
90988 504 0
86260 -504 0
76574 505 0
86260 -505 0
94148 506 0
86260 -506 0
85782 507 0
86260 -507 0
86036 508 0
86260 -508 0
88888 509 0
86260 -509 0
86092 510 0
86260 -510 0
84582 511 0
86260 -511 0
82992 512 0
86260 -512 0
73379 14 0
86260 -14 0
83168 513 0
86260 -513 0
81680 514 0
86260 -514 0
85514 515 0
86260 -515 0
75736 516 0
86260 -516 0
95298 517 0
86260 -517 0
92442 518 0
86260 -518 0
82154 519 0
86260 -519 0
99158 520 0
86260 -520 0
86568 521 0
86260 -521 0
86144 522 0
86260 -522 0
82826 523 0
86260 -523 0
91328 524 0
86260 -524 0
87118 525 0
86260 -525 0
93300 526 0
86260 -526 0
80334 527 0
86260 -527 0
85322 528 0
86260 -528 0
73792 529 0
86260 -529 0
73496 530 0
86260 -530 0
84702 531 0
86260 -531 0
86876 532 0
86260 -532 0
88042 533 0
86260 -533 0
81548 534 0
86260 -534 0
88250 535 0
86260 -535 0
82306 536 0
86260 -536 0
83344 537 0
86260 -537 0
88756 538 0
86260 -538 0
84380 539 0
86260 -539 0
84156 540 0
86260 -540 0
86088 541 0
86260 -541 0
62353 15 0
86260 -15 0
94284 542 0
86260 -542 0
100622 543 0
86260 -543 0
78430 544 0
86260 -544 0
85966 545 0
86260 -545 0
87094 546 0
86260 -546 0
74368 547 0
86260 -547 0
94128 548 0
86260 -548 0
78160 549 0
86260 -549 0
92854 550 0
86260 -550 0
96232 551 0
86260 -551 0
91648 552 0
86260 -552 0
86356 553 0
86260 -553 0
91974 554 0
86260 -554 0
83812 555 0
86260 -555 0
88492 556 0
86260 -556 0
87108 557 0
86260 -557 0
83812 558 0
86260 -558 0
87462 559 0
86260 -559 0
95334 560 0
86260 -560 0
86744 561 0
86260 -561 0
86134 562 0
86260 -562 0
88232 563 0
86260 -563 0
80472 564 0
86260 -564 0
83422 565 0
86260 -565 0
86818 566 0
86260 -566 0
83316 567 0
86260 -567 0
86018 568 0
86260 -568 0
86948 569 0
86260 -569 0
72640 16 0
86260 -16 0
91100 570 0
86260 -570 0
91588 571 0
86260 -571 0
77908 572 0
86260 -572 0
76396 573 0
86260 -573 0
101032 574 0
86260 -574 0
81792 575 0
86260 -575 0
80524 576 0
86260 -576 0
71698 577 0
86260 -577 0
86344 578 0
86260 -578 0
93100 579 0
86260 -579 0
76608 580 0
86260 -580 0
86122 581 0
86260 -581 0
80094 582 0
86260 -582 0
90498 583 0
86260 -583 0
77252 584 0
86260 -584 0
87012 585 0
86260 -585 0
81486 586 0
86260 -586 0
78612 587 0
86260 -587 0
80880 588 0
86260 -588 0
89006 589 0
86260 -589 0
79518 590 0
86260 -590 0
92924 591 0
86260 -591 0
89358 592 0
86260 -592 0
86590 593 0
86260 -593 0
86656 594 0
86260 -594 0
88966 595 0
86260 -595 0
84970 596 0
86260 -596 0
67882 17 0
86260 -17 0
99402 597 0
86260 -597 0
83060 598 0
86260 -598 0
88536 599 0
86260 -599 0
72320 600 0
86260 -600 0
64168 601 0
86260 -601 0
80248 602 0
86260 -602 0
95966 603 0
86260 -603 0
84284 604 0
86260 -604 0
83868 605 0
86260 -605 0
85934 606 0
86260 -606 0
81080 607 0
86260 -607 0
82260 608 0
86260 -608 0
87532 609 0
86260 -609 0
86182 610 0
86260 -610 0
78744 611 0
86260 -611 0
90352 612 0
86260 -612 0
74692 613 0
86260 -613 0
89828 614 0
86260 -614 0
89106 615 0
86260 -615 0
88888 616 0
86260 -616 0
86864 617 0
86260 -617 0
89362 618 0
86260 -618 0
81334 619 0
86260 -619 0
92828 620 0
86260 -620 0
85210 621 0
86260 -621 0
82648 622 0
86260 -622 0
52143 18 0
86260 -18 0
90812 623 0
86260 -623 0
83200 624 0
86260 -624 0
87764 625 0
86260 -625 0
100246 626 0
86260 -626 0
85826 627 0
86260 -627 0
82046 628 0
86260 -628 0
81516 629 0
86260 -629 0
82860 630 0
86260 -630 0
100488 631 0
86260 -631 0
101276 632 0
86260 -632 0
95452 633 0
86260 -633 0
83114 634 0
86260 -634 0
92098 635 0
86260 -635 0
90640 636 0
86260 -636 0
84512 637 0
86260 -637 0
91024 638 0
86260 -638 0
86200 639 0
86260 -639 0
79026 640 0
86260 -640 0
90842 641 0
86260 -641 0
84478 642 0
86260 -642 0
84216 643 0
86260 -643 0
89308 644 0
86260 -644 0
81116 645 0
86260 -645 0
84764 646 0
86260 -646 0
87464 647 0
86260 -647 0
72455 19 0
86260 -19 0
92196 648 0
86260 -648 0
82516 649 0
86260 -649 0
74076 650 0
86260 -650 0
89972 651 0
86260 -651 0
87506 652 0
86260 -652 0
93116 653 0
86260 -653 0
89122 654 0
86260 -654 0
83344 655 0
86260 -655 0
82702 656 0
86260 -656 0
85856 657 0
86260 -657 0
84704 658 0
86260 -658 0
90654 659 0
86260 -659 0
85098 660 0
86260 -660 0
82756 661 0
86260 -661 0
85958 662 0
86260 -662 0
82090 663 0
86260 -663 0
95318 664 0
86260 -664 0
81180 665 0
86260 -665 0
89856 666 0
86260 -666 0
87770 667 0
86260 -667 0
83722 668 0
86260 -668 0
87272 669 0
86260 -669 0
84076 670 0
86260 -670 0
89614 671 0
86260 -671 0
62310 20 0
86260 -20 0
103020 672 0
86260 -672 0
88314 673 0
86260 -673 0
88792 674 0
86260 -674 0
77164 675 0
86260 -675 0
77668 676 0
86260 -676 0
69088 677 0
86260 -677 0
88524 678 0
86260 -678 0
89146 679 0
86260 -679 0
92082 680 0
86260 -680 0
79788 681 0
86260 -681 0
94388 682 0
86260 -682 0
86848 683 0
86260 -683 0
88112 684 0
86260 -684 0
85826 685 0
86260 -685 0
80850 686 0
86260 -686 0
84156 687 0
86260 -687 0
86176 688 0
86260 -688 0
89448 689 0
86260 -689 0
88632 690 0
86260 -690 0
84580 691 0
86260 -691 0
85800 692 0
86260 -692 0
87314 693 0
86260 -693 0
86174 694 0
86260 -694 0
49299 21 0
86260 -21 0
79406 695 0
86260 -695 0
74930 696 0
86260 -696 0
99254 697 0
86260 -697 0
85782 698 0
86260 -698 0
95074 699 0
86260 -699 0
99288 700 0
86260 -700 0
94666 701 0
86260 -701 0
87478 702 0
86260 -702 0
88060 703 0
86260 -703 0
83356 704 0
86260 -704 0
86132 705 0
86260 -705 0
84294 706 0
86260 -706 0
87092 707 0
86260 -707 0
91284 708 0
86260 -708 0
85354 709 0
86260 -709 0
90400 710 0
86260 -710 0
81586 711 0
86260 -711 0
84854 712 0
86260 -712 0
87202 713 0
86260 -713 0
84624 714 0
86260 -714 0
88362 715 0
86260 -715 0
83250 716 0
86260 -716 0
70788 22 0
86260 -22 0
80860 717 0
86260 -717 0
93192 718 0
86260 -718 0
80748 719 0
86260 -719 0
91954 720 0
86260 -720 0
86110 721 0
86260 -721 0
83318 722 0
86260 -722 0
83692 723 0
86260 -723 0
89716 724 0
86260 -724 0
85120 725 0
86260 -725 0
86306 726 0
86260 -726 0
83064 727 0
86260 -727 0
73432 728 0
86260 -728 0
84560 729 0
86260 -729 0
85888 730 0
86260 -730 0
87590 731 0
86260 -731 0
89470 732 0
86260 -732 0
90378 733 0
86260 -733 0
82402 734 0
86260 -734 0
92212 735 0
86260 -735 0
87010 736 0
86260 -736 0
82132 737 0
86260 -737 0
73190 23 0
86260 -23 0
86694 738 0
86260 -738 0
85868 739 0
86260 -739 0
93230 740 0
86260 -740 0
82492 741 0
86260 -741 0
92248 742 0
86260 -742 0
83176 743 0
86260 -743 0
96046 744 0
86260 -744 0
81660 745 0
86260 -745 0
88246 746 0
86260 -746 0
89062 747 0
86260 -747 0
82174 748 0
86260 -748 0
94366 749 0
86260 -749 0
80938 750 0
86260 -750 0
93980 751 0
86260 -751 0
82140 752 0
86260 -752 0
84910 753 0
86260 -753 0
87946 754 0
86260 -754 0
86252 755 0
86260 -755 0
87702 756 0
86260 -756 0
82992 757 0
86260 -757 0
55573 24 0
86260 -24 0
89952 758 0
86260 -758 0
86562 759 0
86260 -759 0
86706 760 0
86260 -760 0
99816 761 0
86260 -761 0
91866 762 0
86260 -762 0
79294 763 0
86260 -763 0
87850 764 0
86260 -764 0
99384 765 0
86260 -765 0
80184 766 0
86260 -766 0
84354 767 0
86260 -767 0
79452 768 0
86260 -768 0
86840 769 0
86260 -769 0
79150 770 0
86260 -770 0
89200 771 0
86260 -771 0
87422 772 0
86260 -772 0
88342 773 0
86260 -773 0
81344 774 0
86260 -774 0
90846 775 0
86260 -775 0
84282 776 0
86260 -776 0
70597 25 0
86260 -25 0
86056 777 0
86260 -777 0
93010 778 0
86260 -778 0
85030 779 0
86260 -779 0
95000 780 0
86260 -780 0
84004 781 0
86260 -781 0
82126 782 0
86260 -782 0
83570 783 0
86260 -783 0
82260 784 0
86260 -784 0
84974 785 0
86260 -785 0
87472 786 0
86260 -786 0
80648 787 0
86260 -787 0
90602 788 0
86260 -788 0
87390 789 0
86260 -789 0
86454 790 0
86260 -790 0
88342 791 0
86260 -791 0
85188 792 0
86260 -792 0
87130 793 0
86260 -793 0
85228 794 0
86260 -794 0
65586 26 0
86260 -26 0
87704 795 0
86260 -795 0
79112 796 0
86260 -796 0
89644 797 0
86260 -797 0
78376 798 0
86260 -798 0
96710 799 0
86260 -799 0
89192 800 0
86260 -800 0
96034 801 0
86260 -801 0
94392 802 0
86260 -802 0
85634 803 0
86260 -803 0
85648 804 0
86260 -804 0
86332 805 0
86260 -805 0
88406 806 0
86260 -806 0
86324 807 0
86260 -807 0
86188 808 0
86260 -808 0
84840 809 0
86260 -809 0
87032 810 0
86260 -810 0
90302 811 0
86260 -811 0
102959 27 0
86260 -27 0
74148 812 0
86260 -812 0
74564 813 0
86260 -813 0
94278 814 0
86260 -814 0
80216 815 0
86260 -815 0
79238 816 0
86260 -816 0
91450 817 0
86260 -817 0
87276 818 0
86260 -818 0
85900 819 0
86260 -819 0
91846 820 0
86260 -820 0
82614 821 0
86260 -821 0
86790 822 0
86260 -822 0
86914 823 0
86260 -823 0
83542 824 0
86260 -824 0
90056 825 0
86260 -825 0
85504 826 0
86260 -826 0
87550 827 0
86260 -827 0
84870 28 0
86260 -28 0
70336 828 0
86260 -828 0
98144 829 0
86260 -829 0
82282 830 0
86260 -830 0
79954 831 0
86260 -831 0
89264 832 0
86260 -832 0
89666 833 0
86260 -833 0
91264 834 0
86260 -834 0
94168 835 0
86260 -835 0
84088 836 0
86260 -836 0
93934 837 0
86260 -837 0
88070 838 0
86260 -838 0
87586 839 0
86260 -839 0
87568 840 0
86260 -840 0
87034 841 0
86260 -841 0
90130 842 0
86260 -842 0
85263 29 0
86260 -29 0
105652 843 0
86260 -843 0
82708 844 0
86260 -844 0
83910 845 0
86260 -845 0
86038 846 0
86260 -846 0
83132 847 0
86260 -847 0
89094 848 0
86260 -848 0
90202 849 0
86260 -849 0
85484 850 0
86260 -850 0
89544 851 0
86260 -851 0
88136 852 0
86260 -852 0
85420 853 0
86260 -853 0
89576 854 0
86260 -854 0
84826 855 0
86260 -855 0
85486 856 0
86260 -856 0
68887 30 0
86260 -30 0
94516 857 0
86260 -857 0
79512 858 0
86260 -858 0
88568 859 0
86260 -859 0
89456 860 0
86260 -860 0
80426 861 0
86260 -861 0
82008 862 0
86260 -862 0
84902 863 0
86260 -863 0
81848 864 0
86260 -864 0
82882 865 0
86260 -865 0
87178 866 0
86260 -866 0
81808 867 0
86260 -867 0
83922 868 0
86260 -868 0
89442 869 0
86260 -869 0
89350 31 0
86260 -31 0
77658 870 0
86260 -870 0
85414 871 0
86260 -871 0
85640 872 0
86260 -872 0
86256 873 0
86260 -873 0
88410 874 0
86260 -874 0
80802 875 0
86260 -875 0
87250 876 0
86260 -876 0
87032 877 0
86260 -877 0
86404 878 0
86260 -878 0
89004 879 0
86260 -879 0
90424 880 0
86260 -880 0
83680 881 0
86260 -881 0
107397 32 0
86260 -32 0
94260 882 0
86260 -882 0
87442 883 0
86260 -883 0
84022 884 0
86260 -884 0
89138 885 0
86260 -885 0
85188 886 0
86260 -886 0
81324 887 0
86260 -887 0
85830 888 0
86260 -888 0
80074 889 0
86260 -889 0
92188 890 0
86260 -890 0
82510 891 0
86260 -891 0
86776 892 0
86260 -892 0
65975 33 0
86260 -33 0
85196 893 0
86260 -893 0
83612 894 0
86260 -894 0
85482 895 0
86260 -895 0
85774 896 0
86260 -896 0
88610 897 0
86260 -897 0
86334 898 0
86260 -898 0
90046 899 0
86260 -899 0
82084 900 0
86260 -900 0
86974 901 0
86260 -901 0
85228 902 0
86260 -902 0
76547 34 0
86260 -34 0
88460 903 0
86260 -903 0
83808 904 0
86260 -904 0
89136 905 0
86260 -905 0
88468 906 0
86260 -906 0
88778 907 0
86260 -907 0
84898 908 0
86260 -908 0
89872 909 0
86260 -909 0
85796 910 0
86260 -910 0
82562 911 0
86260 -911 0
83796 35 0
86260 -35 0
88296 912 0
86260 -912 0
79402 913 0
86260 -913 0
87578 914 0
86260 -914 0
88192 915 0
86260 -915 0
82816 916 0
86260 -916 0
87288 917 0
86260 -917 0
87162 918 0
86260 -918 0
85830 919 0
86260 -919 0
72698 36 0
86260 -36 0
92892 920 0
86260 -920 0
84036 921 0
86260 -921 0
84348 922 0
86260 -922 0
89584 923 0
86260 -923 0
83360 924 0
86260 -924 0
85370 925 0
86260 -925 0
85658 926 0
86260 -926 0
86200 37 0
86260 -37 0
89528 927 0
86260 -927 0
88258 928 0
86260 -928 0
84022 929 0
86260 -929 0
87724 930 0
86260 -930 0
88910 931 0
86260 -931 0
86432 932 0
86260 -932 0
87170 38 0
86260 -38 0
83998 933 0
86260 -933 0
84946 934 0
86260 -934 0
86884 935 0
86260 -935 0
84634 936 0
86260 -936 0
85228 937 0
86260 -937 0
84832 39 0
86260 -39 0
88276 938 0
86260 -938 0
84072 939 0
86260 -939 0
85114 940 0
86260 -940 0
87550 941 0
86260 -941 0
92392 40 0
86260 -40 0
91576 942 0
86260 -942 0
85930 943 0
86260 -943 0
84454 944 0
86260 -944 0
73184 41 0
86260 -41 0
86468 945 0
86260 -945 0
88496 946 0
86260 -946 0
88727 42 0
86260 -42 0
87980 947 0
86260 -947 0
82691 43 0
86260 -43 0
