c
c Generated WCNF file
c
p wcnf 904 4390 84348
84348 43 0
84348 -44 1 0
84348 -44 2 0
84348 44 -1 -2 0
84348 -45 1 0
84348 -45 3 0
84348 45 -1 -3 0
84348 -46 1 0
84348 -46 4 0
84348 46 -1 -4 0
84348 -47 1 0
84348 -47 5 0
84348 47 -1 -5 0
84348 -48 1 0
84348 -48 6 0
84348 48 -1 -6 0
84348 -49 1 0
84348 -49 7 0
84348 49 -1 -7 0
84348 -50 1 0
84348 -50 8 0
84348 50 -1 -8 0
84348 -51 1 0
84348 -51 9 0
84348 51 -1 -9 0
84348 -52 1 0
84348 -52 10 0
84348 52 -1 -10 0
84348 -53 1 0
84348 -53 11 0
84348 53 -1 -11 0
84348 -54 1 0
84348 -54 12 0
84348 54 -1 -12 0
84348 -55 1 0
84348 -55 13 0
84348 55 -1 -13 0
84348 -56 1 0
84348 -56 14 0
84348 56 -1 -14 0
84348 -57 1 0
84348 -57 15 0
84348 57 -1 -15 0
84348 -58 1 0
84348 -58 16 0
84348 58 -1 -16 0
84348 -59 1 0
84348 -59 17 0
84348 59 -1 -17 0
84348 -60 1 0
84348 -60 18 0
84348 60 -1 -18 0
84348 -61 1 0
84348 -61 19 0
84348 61 -1 -19 0
84348 -62 1 0
84348 -62 20 0
84348 62 -1 -20 0
84348 -63 1 0
84348 -63 21 0
84348 63 -1 -21 0
84348 -64 1 0
84348 -64 22 0
84348 64 -1 -22 0
84348 -65 1 0
84348 -65 23 0
84348 65 -1 -23 0
84348 -66 1 0
84348 -66 24 0
84348 66 -1 -24 0
84348 -67 1 0
84348 -67 25 0
84348 67 -1 -25 0
84348 -68 1 0
84348 -68 26 0
84348 68 -1 -26 0
84348 -69 1 0
84348 -69 27 0
84348 69 -1 -27 0
84348 -70 1 0
84348 -70 28 0
84348 70 -1 -28 0
84348 -71 1 0
84348 -71 29 0
84348 71 -1 -29 0
84348 -72 1 0
84348 -72 30 0
84348 72 -1 -30 0
84348 -73 1 0
84348 -73 31 0
84348 73 -1 -31 0
84348 -74 1 0
84348 -74 32 0
84348 74 -1 -32 0
84348 -75 1 0
84348 -75 33 0
84348 75 -1 -33 0
84348 -76 1 0
84348 -76 34 0
84348 76 -1 -34 0
84348 -77 1 0
84348 -77 35 0
84348 77 -1 -35 0
84348 -78 1 0
84348 -78 36 0
84348 78 -1 -36 0
84348 -79 1 0
84348 -79 37 0
84348 79 -1 -37 0
84348 -80 1 0
84348 -80 38 0
84348 80 -1 -38 0
84348 -81 1 0
84348 -81 39 0
84348 81 -1 -39 0
84348 -82 1 0
84348 -82 40 0
84348 82 -1 -40 0
84348 -83 1 0
84348 -83 41 0
84348 83 -1 -41 0
84348 -84 1 0
84348 -84 42 0
84348 84 -1 -42 0
84348 -85 2 0
84348 -85 3 0
84348 85 -2 -3 0
84348 -86 2 0
84348 -86 4 0
84348 86 -2 -4 0
84348 -87 2 0
84348 -87 5 0
84348 87 -2 -5 0
84348 -88 2 0
84348 -88 6 0
84348 88 -2 -6 0
84348 -89 2 0
84348 -89 7 0
84348 89 -2 -7 0
84348 -90 2 0
84348 -90 8 0
84348 90 -2 -8 0
84348 -91 2 0
84348 -91 9 0
84348 91 -2 -9 0
84348 -92 2 0
84348 -92 10 0
84348 92 -2 -10 0
84348 -93 2 0
84348 -93 11 0
84348 93 -2 -11 0
84348 -94 2 0
84348 -94 12 0
84348 94 -2 -12 0
84348 -95 2 0
84348 -95 13 0
84348 95 -2 -13 0
84348 -96 2 0
84348 -96 14 0
84348 96 -2 -14 0
84348 -97 2 0
84348 -97 15 0
84348 97 -2 -15 0
84348 -98 2 0
84348 -98 16 0
84348 98 -2 -16 0
84348 -99 2 0
84348 -99 17 0
84348 99 -2 -17 0
84348 -100 2 0
84348 -100 18 0
84348 100 -2 -18 0
84348 -101 2 0
84348 -101 19 0
84348 101 -2 -19 0
84348 -102 2 0
84348 -102 20 0
84348 102 -2 -20 0
84348 -103 2 0
84348 -103 21 0
84348 103 -2 -21 0
84348 -104 2 0
84348 -104 22 0
84348 104 -2 -22 0
84348 -105 2 0
84348 -105 23 0
84348 105 -2 -23 0
84348 -106 2 0
84348 -106 24 0
84348 106 -2 -24 0
84348 -107 2 0
84348 -107 25 0
84348 107 -2 -25 0
84348 -108 2 0
84348 -108 26 0
84348 108 -2 -26 0
84348 -109 2 0
84348 -109 27 0
84348 109 -2 -27 0
84348 -110 2 0
84348 -110 28 0
84348 110 -2 -28 0
84348 -111 2 0
84348 -111 29 0
84348 111 -2 -29 0
84348 -112 2 0
84348 -112 30 0
84348 112 -2 -30 0
84348 -113 2 0
84348 -113 31 0
84348 113 -2 -31 0
84348 -114 2 0
84348 -114 32 0
84348 114 -2 -32 0
84348 -115 2 0
84348 -115 33 0
84348 115 -2 -33 0
84348 -116 2 0
84348 -116 34 0
84348 116 -2 -34 0
84348 -117 2 0
84348 -117 35 0
84348 117 -2 -35 0
84348 -118 2 0
84348 -118 36 0
84348 118 -2 -36 0
84348 -119 2 0
84348 -119 37 0
84348 119 -2 -37 0
84348 -120 2 0
84348 -120 38 0
84348 120 -2 -38 0
84348 -121 2 0
84348 -121 39 0
84348 121 -2 -39 0
84348 -122 2 0
84348 -122 40 0
84348 122 -2 -40 0
84348 -123 2 0
84348 -123 41 0
84348 123 -2 -41 0
84348 -124 2 0
84348 -124 42 0
84348 124 -2 -42 0
84348 -125 3 0
84348 -125 4 0
84348 125 -3 -4 0
84348 -126 3 0
84348 -126 5 0
84348 126 -3 -5 0
84348 -127 3 0
84348 -127 6 0
84348 127 -3 -6 0
84348 -128 3 0
84348 -128 7 0
84348 128 -3 -7 0
84348 -129 3 0
84348 -129 8 0
84348 129 -3 -8 0
84348 -130 3 0
84348 -130 9 0
84348 130 -3 -9 0
84348 -131 3 0
84348 -131 10 0
84348 131 -3 -10 0
84348 -132 3 0
84348 -132 11 0
84348 132 -3 -11 0
84348 -133 3 0
84348 -133 12 0
84348 133 -3 -12 0
84348 -134 3 0
84348 -134 13 0
84348 134 -3 -13 0
84348 -135 3 0
84348 -135 14 0
84348 135 -3 -14 0
84348 -136 3 0
84348 -136 15 0
84348 136 -3 -15 0
84348 -137 3 0
84348 -137 16 0
84348 137 -3 -16 0
84348 -138 3 0
84348 -138 17 0
84348 138 -3 -17 0
84348 -139 3 0
84348 -139 18 0
84348 139 -3 -18 0
84348 -140 3 0
84348 -140 19 0
84348 140 -3 -19 0
84348 -141 3 0
84348 -141 20 0
84348 141 -3 -20 0
84348 -142 3 0
84348 -142 21 0
84348 142 -3 -21 0
84348 -143 3 0
84348 -143 22 0
84348 143 -3 -22 0
84348 -144 3 0
84348 -144 23 0
84348 144 -3 -23 0
84348 -145 3 0
84348 -145 24 0
84348 145 -3 -24 0
84348 -146 3 0
84348 -146 25 0
84348 146 -3 -25 0
84348 -147 3 0
84348 -147 26 0
84348 147 -3 -26 0
84348 -148 3 0
84348 -148 27 0
84348 148 -3 -27 0
84348 -149 3 0
84348 -149 28 0
84348 149 -3 -28 0
84348 -150 3 0
84348 -150 29 0
84348 150 -3 -29 0
84348 -151 3 0
84348 -151 30 0
84348 151 -3 -30 0
84348 -152 3 0
84348 -152 31 0
84348 152 -3 -31 0
84348 -153 3 0
84348 -153 32 0
84348 153 -3 -32 0
84348 -154 3 0
84348 -154 33 0
84348 154 -3 -33 0
84348 -155 3 0
84348 -155 34 0
84348 155 -3 -34 0
84348 -156 3 0
84348 -156 35 0
84348 156 -3 -35 0
84348 -157 3 0
84348 -157 36 0
84348 157 -3 -36 0
84348 -158 3 0
84348 -158 37 0
84348 158 -3 -37 0
84348 -159 3 0
84348 -159 38 0
84348 159 -3 -38 0
84348 -160 3 0
84348 -160 39 0
84348 160 -3 -39 0
84348 -161 3 0
84348 -161 40 0
84348 161 -3 -40 0
84348 -162 3 0
84348 -162 41 0
84348 162 -3 -41 0
84348 -163 3 0
84348 -163 42 0
84348 163 -3 -42 0
84348 -164 4 0
84348 -164 5 0
84348 164 -4 -5 0
84348 -165 4 0
84348 -165 6 0
84348 165 -4 -6 0
84348 -166 4 0
84348 -166 7 0
84348 166 -4 -7 0
84348 -167 4 0
84348 -167 8 0
84348 167 -4 -8 0
84348 -168 4 0
84348 -168 9 0
84348 168 -4 -9 0
84348 -169 4 0
84348 -169 10 0
84348 169 -4 -10 0
84348 -170 4 0
84348 -170 11 0
84348 170 -4 -11 0
84348 -171 4 0
84348 -171 12 0
84348 171 -4 -12 0
84348 -172 4 0
84348 -172 13 0
84348 172 -4 -13 0
84348 -173 4 0
84348 -173 14 0
84348 173 -4 -14 0
84348 -174 4 0
84348 -174 15 0
84348 174 -4 -15 0
84348 -175 4 0
84348 -175 16 0
84348 175 -4 -16 0
84348 -176 4 0
84348 -176 17 0
84348 176 -4 -17 0
84348 -177 4 0
84348 -177 18 0
84348 177 -4 -18 0
84348 -178 4 0
84348 -178 19 0
84348 178 -4 -19 0
84348 -179 4 0
84348 -179 20 0
84348 179 -4 -20 0
84348 -180 4 0
84348 -180 21 0
84348 180 -4 -21 0
84348 -181 4 0
84348 -181 22 0
84348 181 -4 -22 0
84348 -182 4 0
84348 -182 23 0
84348 182 -4 -23 0
84348 -183 4 0
84348 -183 24 0
84348 183 -4 -24 0
84348 -184 4 0
84348 -184 25 0
84348 184 -4 -25 0
84348 -185 4 0
84348 -185 26 0
84348 185 -4 -26 0
84348 -186 4 0
84348 -186 27 0
84348 186 -4 -27 0
84348 -187 4 0
84348 -187 28 0
84348 187 -4 -28 0
84348 -188 4 0
84348 -188 29 0
84348 188 -4 -29 0
84348 -189 4 0
84348 -189 30 0
84348 189 -4 -30 0
84348 -190 4 0
84348 -190 31 0
84348 190 -4 -31 0
84348 -191 4 0
84348 -191 32 0
84348 191 -4 -32 0
84348 -192 4 0
84348 -192 33 0
84348 192 -4 -33 0
84348 -193 4 0
84348 -193 34 0
84348 193 -4 -34 0
84348 -194 4 0
84348 -194 35 0
84348 194 -4 -35 0
84348 -195 4 0
84348 -195 36 0
84348 195 -4 -36 0
84348 -196 4 0
84348 -196 37 0
84348 196 -4 -37 0
84348 -197 4 0
84348 -197 38 0
84348 197 -4 -38 0
84348 -198 4 0
84348 -198 39 0
84348 198 -4 -39 0
84348 -199 4 0
84348 -199 40 0
84348 199 -4 -40 0
84348 -200 4 0
84348 -200 41 0
84348 200 -4 -41 0
84348 -201 4 0
84348 -201 42 0
84348 201 -4 -42 0
84348 -202 5 0
84348 -202 6 0
84348 202 -5 -6 0
84348 -203 5 0
84348 -203 7 0
84348 203 -5 -7 0
84348 -204 5 0
84348 -204 8 0
84348 204 -5 -8 0
84348 -205 5 0
84348 -205 9 0
84348 205 -5 -9 0
84348 -206 5 0
84348 -206 10 0
84348 206 -5 -10 0
84348 -207 5 0
84348 -207 11 0
84348 207 -5 -11 0
84348 -208 5 0
84348 -208 12 0
84348 208 -5 -12 0
84348 -209 5 0
84348 -209 13 0
84348 209 -5 -13 0
84348 -210 5 0
84348 -210 14 0
84348 210 -5 -14 0
84348 -211 5 0
84348 -211 15 0
84348 211 -5 -15 0
84348 -212 5 0
84348 -212 16 0
84348 212 -5 -16 0
84348 -213 5 0
84348 -213 17 0
84348 213 -5 -17 0
84348 -214 5 0
84348 -214 18 0
84348 214 -5 -18 0
84348 -215 5 0
84348 -215 19 0
84348 215 -5 -19 0
84348 -216 5 0
84348 -216 20 0
84348 216 -5 -20 0
84348 -217 5 0
84348 -217 21 0
84348 217 -5 -21 0
84348 -218 5 0
84348 -218 22 0
84348 218 -5 -22 0
84348 -219 5 0
84348 -219 23 0
84348 219 -5 -23 0
84348 -220 5 0
84348 -220 24 0
84348 220 -5 -24 0
84348 -221 5 0
84348 -221 25 0
84348 221 -5 -25 0
84348 -222 5 0
84348 -222 26 0
84348 222 -5 -26 0
84348 -223 5 0
84348 -223 27 0
84348 223 -5 -27 0
84348 -224 5 0
84348 -224 28 0
84348 224 -5 -28 0
84348 -225 5 0
84348 -225 29 0
84348 225 -5 -29 0
84348 -226 5 0
84348 -226 30 0
84348 226 -5 -30 0
84348 -227 5 0
84348 -227 31 0
84348 227 -5 -31 0
84348 -228 5 0
84348 -228 32 0
84348 228 -5 -32 0
84348 -229 5 0
84348 -229 33 0
84348 229 -5 -33 0
84348 -230 5 0
84348 -230 34 0
84348 230 -5 -34 0
84348 -231 5 0
84348 -231 35 0
84348 231 -5 -35 0
84348 -232 5 0
84348 -232 36 0
84348 232 -5 -36 0
84348 -233 5 0
84348 -233 37 0
84348 233 -5 -37 0
84348 -234 5 0
84348 -234 38 0
84348 234 -5 -38 0
84348 -235 5 0
84348 -235 39 0
84348 235 -5 -39 0
84348 -236 5 0
84348 -236 40 0
84348 236 -5 -40 0
84348 -237 5 0
84348 -237 41 0
84348 237 -5 -41 0
84348 -238 5 0
84348 -238 42 0
84348 238 -5 -42 0
84348 -239 6 0
84348 -239 7 0
84348 239 -6 -7 0
84348 -240 6 0
84348 -240 8 0
84348 240 -6 -8 0
84348 -241 6 0
84348 -241 9 0
84348 241 -6 -9 0
84348 -242 6 0
84348 -242 10 0
84348 242 -6 -10 0
84348 -243 6 0
84348 -243 11 0
84348 243 -6 -11 0
84348 -244 6 0
84348 -244 12 0
84348 244 -6 -12 0
84348 -245 6 0
84348 -245 13 0
84348 245 -6 -13 0
84348 -246 6 0
84348 -246 14 0
84348 246 -6 -14 0
84348 -247 6 0
84348 -247 15 0
84348 247 -6 -15 0
84348 -248 6 0
84348 -248 16 0
84348 248 -6 -16 0
84348 -249 6 0
84348 -249 17 0
84348 249 -6 -17 0
84348 -250 6 0
84348 -250 18 0
84348 250 -6 -18 0
84348 -251 6 0
84348 -251 19 0
84348 251 -6 -19 0
84348 -252 6 0
84348 -252 20 0
84348 252 -6 -20 0
84348 -253 6 0
84348 -253 21 0
84348 253 -6 -21 0
84348 -254 6 0
84348 -254 22 0
84348 254 -6 -22 0
84348 -255 6 0
84348 -255 23 0
84348 255 -6 -23 0
84348 -256 6 0
84348 -256 24 0
84348 256 -6 -24 0
84348 -257 6 0
84348 -257 25 0
84348 257 -6 -25 0
84348 -258 6 0
84348 -258 26 0
84348 258 -6 -26 0
84348 -259 6 0
84348 -259 27 0
84348 259 -6 -27 0
84348 -260 6 0
84348 -260 28 0
84348 260 -6 -28 0
84348 -261 6 0
84348 -261 29 0
84348 261 -6 -29 0
84348 -262 6 0
84348 -262 30 0
84348 262 -6 -30 0
84348 -263 6 0
84348 -263 31 0
84348 263 -6 -31 0
84348 -264 6 0
84348 -264 32 0
84348 264 -6 -32 0
84348 -265 6 0
84348 -265 33 0
84348 265 -6 -33 0
84348 -266 6 0
84348 -266 34 0
84348 266 -6 -34 0
84348 -267 6 0
84348 -267 35 0
84348 267 -6 -35 0
84348 -268 6 0
84348 -268 36 0
84348 268 -6 -36 0
84348 -269 6 0
84348 -269 37 0
84348 269 -6 -37 0
84348 -270 6 0
84348 -270 38 0
84348 270 -6 -38 0
84348 -271 6 0
84348 -271 39 0
84348 271 -6 -39 0
84348 -272 6 0
84348 -272 40 0
84348 272 -6 -40 0
84348 -273 6 0
84348 -273 41 0
84348 273 -6 -41 0
84348 -274 6 0
84348 -274 42 0
84348 274 -6 -42 0
84348 -275 7 0
84348 -275 8 0
84348 275 -7 -8 0
84348 -276 7 0
84348 -276 9 0
84348 276 -7 -9 0
84348 -277 7 0
84348 -277 10 0
84348 277 -7 -10 0
84348 -278 7 0
84348 -278 11 0
84348 278 -7 -11 0
84348 -279 7 0
84348 -279 12 0
84348 279 -7 -12 0
84348 -280 7 0
84348 -280 13 0
84348 280 -7 -13 0
84348 -281 7 0
84348 -281 14 0
84348 281 -7 -14 0
84348 -282 7 0
84348 -282 15 0
84348 282 -7 -15 0
84348 -283 7 0
84348 -283 16 0
84348 283 -7 -16 0
84348 -284 7 0
84348 -284 17 0
84348 284 -7 -17 0
84348 -285 7 0
84348 -285 18 0
84348 285 -7 -18 0
84348 -286 7 0
84348 -286 19 0
84348 286 -7 -19 0
84348 -287 7 0
84348 -287 20 0
84348 287 -7 -20 0
84348 -288 7 0
84348 -288 21 0
84348 288 -7 -21 0
84348 -289 7 0
84348 -289 22 0
84348 289 -7 -22 0
84348 -290 7 0
84348 -290 23 0
84348 290 -7 -23 0
84348 -291 7 0
84348 -291 24 0
84348 291 -7 -24 0
84348 -292 7 0
84348 -292 25 0
84348 292 -7 -25 0
84348 -293 7 0
84348 -293 26 0
84348 293 -7 -26 0
84348 -294 7 0
84348 -294 27 0
84348 294 -7 -27 0
84348 -295 7 0
84348 -295 28 0
84348 295 -7 -28 0
84348 -296 7 0
84348 -296 29 0
84348 296 -7 -29 0
84348 -297 7 0
84348 -297 30 0
84348 297 -7 -30 0
84348 -298 7 0
84348 -298 31 0
84348 298 -7 -31 0
84348 -299 7 0
84348 -299 32 0
84348 299 -7 -32 0
84348 -300 7 0
84348 -300 33 0
84348 300 -7 -33 0
84348 -301 7 0
84348 -301 34 0
84348 301 -7 -34 0
84348 -302 7 0
84348 -302 35 0
84348 302 -7 -35 0
84348 -303 7 0
84348 -303 36 0
84348 303 -7 -36 0
84348 -304 7 0
84348 -304 37 0
84348 304 -7 -37 0
84348 -305 7 0
84348 -305 38 0
84348 305 -7 -38 0
84348 -306 7 0
84348 -306 39 0
84348 306 -7 -39 0
84348 -307 7 0
84348 -307 40 0
84348 307 -7 -40 0
84348 -308 7 0
84348 -308 41 0
84348 308 -7 -41 0
84348 -309 7 0
84348 -309 42 0
84348 309 -7 -42 0
84348 -310 8 0
84348 -310 9 0
84348 310 -8 -9 0
84348 -311 8 0
84348 -311 10 0
84348 311 -8 -10 0
84348 -312 8 0
84348 -312 11 0
84348 312 -8 -11 0
84348 -313 8 0
84348 -313 12 0
84348 313 -8 -12 0
84348 -314 8 0
84348 -314 13 0
84348 314 -8 -13 0
84348 -315 8 0
84348 -315 14 0
84348 315 -8 -14 0
84348 -316 8 0
84348 -316 15 0
84348 316 -8 -15 0
84348 -317 8 0
84348 -317 16 0
84348 317 -8 -16 0
84348 -318 8 0
84348 -318 17 0
84348 318 -8 -17 0
84348 -319 8 0
84348 -319 18 0
84348 319 -8 -18 0
84348 -320 8 0
84348 -320 19 0
84348 320 -8 -19 0
84348 -321 8 0
84348 -321 20 0
84348 321 -8 -20 0
84348 -322 8 0
84348 -322 21 0
84348 322 -8 -21 0
84348 -323 8 0
84348 -323 22 0
84348 323 -8 -22 0
84348 -324 8 0
84348 -324 23 0
84348 324 -8 -23 0
84348 -325 8 0
84348 -325 24 0
84348 325 -8 -24 0
84348 -326 8 0
84348 -326 25 0
84348 326 -8 -25 0
84348 -327 8 0
84348 -327 26 0
84348 327 -8 -26 0
84348 -328 8 0
84348 -328 27 0
84348 328 -8 -27 0
84348 -329 8 0
84348 -329 28 0
84348 329 -8 -28 0
84348 -330 8 0
84348 -330 29 0
84348 330 -8 -29 0
84348 -331 8 0
84348 -331 30 0
84348 331 -8 -30 0
84348 -332 8 0
84348 -332 31 0
84348 332 -8 -31 0
84348 -333 8 0
84348 -333 32 0
84348 333 -8 -32 0
84348 -334 8 0
84348 -334 33 0
84348 334 -8 -33 0
84348 -335 8 0
84348 -335 34 0
84348 335 -8 -34 0
84348 -336 8 0
84348 -336 35 0
84348 336 -8 -35 0
84348 -337 8 0
84348 -337 36 0
84348 337 -8 -36 0
84348 -338 8 0
84348 -338 37 0
84348 338 -8 -37 0
84348 -339 8 0
84348 -339 38 0
84348 339 -8 -38 0
84348 -340 8 0
84348 -340 39 0
84348 340 -8 -39 0
84348 -341 8 0
84348 -341 40 0
84348 341 -8 -40 0
84348 -342 8 0
84348 -342 41 0
84348 342 -8 -41 0
84348 -343 8 0
84348 -343 42 0
84348 343 -8 -42 0
84348 -344 9 0
84348 -344 10 0
84348 344 -9 -10 0
84348 -345 9 0
84348 -345 11 0
84348 345 -9 -11 0
84348 -346 9 0
84348 -346 12 0
84348 346 -9 -12 0
84348 -347 9 0
84348 -347 13 0
84348 347 -9 -13 0
84348 -348 9 0
84348 -348 14 0
84348 348 -9 -14 0
84348 -349 9 0
84348 -349 15 0
84348 349 -9 -15 0
84348 -350 9 0
84348 -350 16 0
84348 350 -9 -16 0
84348 -351 9 0
84348 -351 17 0
84348 351 -9 -17 0
84348 -352 9 0
84348 -352 18 0
84348 352 -9 -18 0
84348 -353 9 0
84348 -353 19 0
84348 353 -9 -19 0
84348 -354 9 0
84348 -354 20 0
84348 354 -9 -20 0
84348 -355 9 0
84348 -355 21 0
84348 355 -9 -21 0
84348 -356 9 0
84348 -356 22 0
84348 356 -9 -22 0
84348 -357 9 0
84348 -357 23 0
84348 357 -9 -23 0
84348 -358 9 0
84348 -358 24 0
84348 358 -9 -24 0
84348 -359 9 0
84348 -359 25 0
84348 359 -9 -25 0
84348 -360 9 0
84348 -360 26 0
84348 360 -9 -26 0
84348 -361 9 0
84348 -361 27 0
84348 361 -9 -27 0
84348 -362 9 0
84348 -362 28 0
84348 362 -9 -28 0
84348 -363 9 0
84348 -363 29 0
84348 363 -9 -29 0
84348 -364 9 0
84348 -364 30 0
84348 364 -9 -30 0
84348 -365 9 0
84348 -365 31 0
84348 365 -9 -31 0
84348 -366 9 0
84348 -366 32 0
84348 366 -9 -32 0
84348 -367 9 0
84348 -367 33 0
84348 367 -9 -33 0
84348 -368 9 0
84348 -368 34 0
84348 368 -9 -34 0
84348 -369 9 0
84348 -369 35 0
84348 369 -9 -35 0
84348 -370 9 0
84348 -370 36 0
84348 370 -9 -36 0
84348 -371 9 0
84348 -371 37 0
84348 371 -9 -37 0
84348 -372 9 0
84348 -372 38 0
84348 372 -9 -38 0
84348 -373 9 0
84348 -373 39 0
84348 373 -9 -39 0
84348 -374 9 0
84348 -374 40 0
84348 374 -9 -40 0
84348 -375 9 0
84348 -375 41 0
84348 375 -9 -41 0
84348 -376 9 0
84348 -376 42 0
84348 376 -9 -42 0
84348 -377 10 0
84348 -377 11 0
84348 377 -10 -11 0
84348 -378 10 0
84348 -378 12 0
84348 378 -10 -12 0
84348 -379 10 0
84348 -379 13 0
84348 379 -10 -13 0
84348 -380 10 0
84348 -380 14 0
84348 380 -10 -14 0
84348 -381 10 0
84348 -381 15 0
84348 381 -10 -15 0
84348 -382 10 0
84348 -382 16 0
84348 382 -10 -16 0
84348 -383 10 0
84348 -383 17 0
84348 383 -10 -17 0
84348 -384 10 0
84348 -384 18 0
84348 384 -10 -18 0
84348 -385 10 0
84348 -385 19 0
84348 385 -10 -19 0
84348 -386 10 0
84348 -386 20 0
84348 386 -10 -20 0
84348 -387 10 0
84348 -387 21 0
84348 387 -10 -21 0
84348 -388 10 0
84348 -388 22 0
84348 388 -10 -22 0
84348 -389 10 0
84348 -389 23 0
84348 389 -10 -23 0
84348 -390 10 0
84348 -390 24 0
84348 390 -10 -24 0
84348 -391 10 0
84348 -391 25 0
84348 391 -10 -25 0
84348 -392 10 0
84348 -392 26 0
84348 392 -10 -26 0
84348 -393 10 0
84348 -393 27 0
84348 393 -10 -27 0
84348 -394 10 0
84348 -394 28 0
84348 394 -10 -28 0
84348 -395 10 0
84348 -395 29 0
84348 395 -10 -29 0
84348 -396 10 0
84348 -396 30 0
84348 396 -10 -30 0
84348 -397 10 0
84348 -397 31 0
84348 397 -10 -31 0
84348 -398 10 0
84348 -398 32 0
84348 398 -10 -32 0
84348 -399 10 0
84348 -399 33 0
84348 399 -10 -33 0
84348 -400 10 0
84348 -400 34 0
84348 400 -10 -34 0
84348 -401 10 0
84348 -401 35 0
84348 401 -10 -35 0
84348 -402 10 0
84348 -402 36 0
84348 402 -10 -36 0
84348 -403 10 0
84348 -403 37 0
84348 403 -10 -37 0
84348 -404 10 0
84348 -404 38 0
84348 404 -10 -38 0
84348 -405 10 0
84348 -405 39 0
84348 405 -10 -39 0
84348 -406 10 0
84348 -406 40 0
84348 406 -10 -40 0
84348 -407 10 0
84348 -407 41 0
84348 407 -10 -41 0
84348 -408 10 0
84348 -408 42 0
84348 408 -10 -42 0
84348 -409 11 0
84348 -409 12 0
84348 409 -11 -12 0
84348 -410 11 0
84348 -410 13 0
84348 410 -11 -13 0
84348 -411 11 0
84348 -411 14 0
84348 411 -11 -14 0
84348 -412 11 0
84348 -412 15 0
84348 412 -11 -15 0
84348 -413 11 0
84348 -413 16 0
84348 413 -11 -16 0
84348 -414 11 0
84348 -414 17 0
84348 414 -11 -17 0
84348 -415 11 0
84348 -415 18 0
84348 415 -11 -18 0
84348 -416 11 0
84348 -416 19 0
84348 416 -11 -19 0
84348 -417 11 0
84348 -417 20 0
84348 417 -11 -20 0
84348 -418 11 0
84348 -418 21 0
84348 418 -11 -21 0
84348 -419 11 0
84348 -419 22 0
84348 419 -11 -22 0
84348 -420 11 0
84348 -420 23 0
84348 420 -11 -23 0
84348 -421 11 0
84348 -421 24 0
84348 421 -11 -24 0
84348 -422 11 0
84348 -422 25 0
84348 422 -11 -25 0
84348 -423 11 0
84348 -423 26 0
84348 423 -11 -26 0
84348 -424 11 0
84348 -424 27 0
84348 424 -11 -27 0
84348 -425 11 0
84348 -425 28 0
84348 425 -11 -28 0
84348 -426 11 0
84348 -426 29 0
84348 426 -11 -29 0
84348 -427 11 0
84348 -427 30 0
84348 427 -11 -30 0
84348 -428 11 0
84348 -428 31 0
84348 428 -11 -31 0
84348 -429 11 0
84348 -429 32 0
84348 429 -11 -32 0
84348 -430 11 0
84348 -430 33 0
84348 430 -11 -33 0
84348 -431 11 0
84348 -431 34 0
84348 431 -11 -34 0
84348 -432 11 0
84348 -432 35 0
84348 432 -11 -35 0
84348 -433 11 0
84348 -433 36 0
84348 433 -11 -36 0
84348 -434 11 0
84348 -434 37 0
84348 434 -11 -37 0
84348 -435 11 0
84348 -435 38 0
84348 435 -11 -38 0
84348 -436 11 0
84348 -436 39 0
84348 436 -11 -39 0
84348 -437 11 0
84348 -437 40 0
84348 437 -11 -40 0
84348 -438 11 0
84348 -438 41 0
84348 438 -11 -41 0
84348 -439 11 0
84348 -439 42 0
84348 439 -11 -42 0
84348 -440 12 0
84348 -440 13 0
84348 440 -12 -13 0
84348 -441 12 0
84348 -441 14 0
84348 441 -12 -14 0
84348 -442 12 0
84348 -442 15 0
84348 442 -12 -15 0
84348 -443 12 0
84348 -443 16 0
84348 443 -12 -16 0
84348 -444 12 0
84348 -444 17 0
84348 444 -12 -17 0
84348 -445 12 0
84348 -445 18 0
84348 445 -12 -18 0
84348 -446 12 0
84348 -446 19 0
84348 446 -12 -19 0
84348 -447 12 0
84348 -447 20 0
84348 447 -12 -20 0
84348 -448 12 0
84348 -448 21 0
84348 448 -12 -21 0
84348 -449 12 0
84348 -449 22 0
84348 449 -12 -22 0
84348 -450 12 0
84348 -450 23 0
84348 450 -12 -23 0
84348 -451 12 0
84348 -451 24 0
84348 451 -12 -24 0
84348 -452 12 0
84348 -452 25 0
84348 452 -12 -25 0
84348 -453 12 0
84348 -453 26 0
84348 453 -12 -26 0
84348 -454 12 0
84348 -454 27 0
84348 454 -12 -27 0
84348 -455 12 0
84348 -455 28 0
84348 455 -12 -28 0
84348 -456 12 0
84348 -456 29 0
84348 456 -12 -29 0
84348 -457 12 0
84348 -457 30 0
84348 457 -12 -30 0
84348 -458 12 0
84348 -458 31 0
84348 458 -12 -31 0
84348 -459 12 0
84348 -459 32 0
84348 459 -12 -32 0
84348 -460 12 0
84348 -460 33 0
84348 460 -12 -33 0
84348 -461 12 0
84348 -461 34 0
84348 461 -12 -34 0
84348 -462 12 0
84348 -462 35 0
84348 462 -12 -35 0
84348 -463 12 0
84348 -463 36 0
84348 463 -12 -36 0
84348 -464 12 0
84348 -464 37 0
84348 464 -12 -37 0
84348 -465 12 0
84348 -465 38 0
84348 465 -12 -38 0
84348 -466 12 0
84348 -466 39 0
84348 466 -12 -39 0
84348 -467 12 0
84348 -467 40 0
84348 467 -12 -40 0
84348 -468 12 0
84348 -468 41 0
84348 468 -12 -41 0
84348 -469 12 0
84348 -469 42 0
84348 469 -12 -42 0
84348 -470 13 0
84348 -470 14 0
84348 470 -13 -14 0
84348 -471 13 0
84348 -471 15 0
84348 471 -13 -15 0
84348 -472 13 0
84348 -472 16 0
84348 472 -13 -16 0
84348 -473 13 0
84348 -473 17 0
84348 473 -13 -17 0
84348 -474 13 0
84348 -474 18 0
84348 474 -13 -18 0
84348 -475 13 0
84348 -475 19 0
84348 475 -13 -19 0
84348 -476 13 0
84348 -476 20 0
84348 476 -13 -20 0
84348 -477 13 0
84348 -477 21 0
84348 477 -13 -21 0
84348 -478 13 0
84348 -478 22 0
84348 478 -13 -22 0
84348 -479 13 0
84348 -479 23 0
84348 479 -13 -23 0
84348 -480 13 0
84348 -480 24 0
84348 480 -13 -24 0
84348 -481 13 0
84348 -481 25 0
84348 481 -13 -25 0
84348 -482 13 0
84348 -482 26 0
84348 482 -13 -26 0
84348 -483 13 0
84348 -483 27 0
84348 483 -13 -27 0
84348 -484 13 0
84348 -484 28 0
84348 484 -13 -28 0
84348 -485 13 0
84348 -485 29 0
84348 485 -13 -29 0
84348 -486 13 0
84348 -486 30 0
84348 486 -13 -30 0
84348 -487 13 0
84348 -487 31 0
84348 487 -13 -31 0
84348 -488 13 0
84348 -488 32 0
84348 488 -13 -32 0
84348 -489 13 0
84348 -489 33 0
84348 489 -13 -33 0
84348 -490 13 0
84348 -490 34 0
84348 490 -13 -34 0
84348 -491 13 0
84348 -491 35 0
84348 491 -13 -35 0
84348 -492 13 0
84348 -492 36 0
84348 492 -13 -36 0
84348 -493 13 0
84348 -493 37 0
84348 493 -13 -37 0
84348 -494 13 0
84348 -494 38 0
84348 494 -13 -38 0
84348 -495 13 0
84348 -495 39 0
84348 495 -13 -39 0
84348 -496 13 0
84348 -496 40 0
84348 496 -13 -40 0
84348 -497 13 0
84348 -497 41 0
84348 497 -13 -41 0
84348 -498 13 0
84348 -498 42 0
84348 498 -13 -42 0
84348 -499 14 0
84348 -499 15 0
84348 499 -14 -15 0
84348 -500 14 0
84348 -500 16 0
84348 500 -14 -16 0
84348 -501 14 0
84348 -501 17 0
84348 501 -14 -17 0
84348 -502 14 0
84348 -502 18 0
84348 502 -14 -18 0
84348 -503 14 0
84348 -503 19 0
84348 503 -14 -19 0
84348 -504 14 0
84348 -504 20 0
84348 504 -14 -20 0
84348 -505 14 0
84348 -505 21 0
84348 505 -14 -21 0
84348 -506 14 0
84348 -506 22 0
84348 506 -14 -22 0
84348 -507 14 0
84348 -507 23 0
84348 507 -14 -23 0
84348 -508 14 0
84348 -508 24 0
84348 508 -14 -24 0
84348 -509 14 0
84348 -509 25 0
84348 509 -14 -25 0
84348 -510 14 0
84348 -510 26 0
84348 510 -14 -26 0
84348 -511 14 0
84348 -511 27 0
84348 511 -14 -27 0
84348 -512 14 0
84348 -512 28 0
84348 512 -14 -28 0
84348 -513 14 0
84348 -513 29 0
84348 513 -14 -29 0
84348 -514 14 0
84348 -514 30 0
84348 514 -14 -30 0
84348 -515 14 0
84348 -515 31 0
84348 515 -14 -31 0
84348 -516 14 0
84348 -516 32 0
84348 516 -14 -32 0
84348 -517 14 0
84348 -517 33 0
84348 517 -14 -33 0
84348 -518 14 0
84348 -518 34 0
84348 518 -14 -34 0
84348 -519 14 0
84348 -519 35 0
84348 519 -14 -35 0
84348 -520 14 0
84348 -520 36 0
84348 520 -14 -36 0
84348 -521 14 0
84348 -521 37 0
84348 521 -14 -37 0
84348 -522 14 0
84348 -522 38 0
84348 522 -14 -38 0
84348 -523 14 0
84348 -523 39 0
84348 523 -14 -39 0
84348 -524 14 0
84348 -524 40 0
84348 524 -14 -40 0
84348 -525 14 0
84348 -525 41 0
84348 525 -14 -41 0
84348 -526 14 0
84348 -526 42 0
84348 526 -14 -42 0
84348 -527 15 0
84348 -527 16 0
84348 527 -15 -16 0
84348 -528 15 0
84348 -528 17 0
84348 528 -15 -17 0
84348 -529 15 0
84348 -529 18 0
84348 529 -15 -18 0
84348 -530 15 0
84348 -530 19 0
84348 530 -15 -19 0
84348 -531 15 0
84348 -531 20 0
84348 531 -15 -20 0
84348 -532 15 0
84348 -532 21 0
84348 532 -15 -21 0
84348 -533 15 0
84348 -533 22 0
84348 533 -15 -22 0
84348 -534 15 0
84348 -534 23 0
84348 534 -15 -23 0
84348 -535 15 0
84348 -535 24 0
84348 535 -15 -24 0
84348 -536 15 0
84348 -536 25 0
84348 536 -15 -25 0
84348 -537 15 0
84348 -537 26 0
84348 537 -15 -26 0
84348 -538 15 0
84348 -538 27 0
84348 538 -15 -27 0
84348 -539 15 0
84348 -539 28 0
84348 539 -15 -28 0
84348 -540 15 0
84348 -540 29 0
84348 540 -15 -29 0
84348 -541 15 0
84348 -541 30 0
84348 541 -15 -30 0
84348 -542 15 0
84348 -542 31 0
84348 542 -15 -31 0
84348 -543 15 0
84348 -543 32 0
84348 543 -15 -32 0
84348 -544 15 0
84348 -544 33 0
84348 544 -15 -33 0
84348 -545 15 0
84348 -545 34 0
84348 545 -15 -34 0
84348 -546 15 0
84348 -546 35 0
84348 546 -15 -35 0
84348 -547 15 0
84348 -547 36 0
84348 547 -15 -36 0
84348 -548 15 0
84348 -548 37 0
84348 548 -15 -37 0
84348 -549 15 0
84348 -549 38 0
84348 549 -15 -38 0
84348 -550 15 0
84348 -550 39 0
84348 550 -15 -39 0
84348 -551 15 0
84348 -551 40 0
84348 551 -15 -40 0
84348 -552 15 0
84348 -552 41 0
84348 552 -15 -41 0
84348 -553 15 0
84348 -553 42 0
84348 553 -15 -42 0
84348 -554 16 0
84348 -554 17 0
84348 554 -16 -17 0
84348 -555 16 0
84348 -555 18 0
84348 555 -16 -18 0
84348 -556 16 0
84348 -556 19 0
84348 556 -16 -19 0
84348 -557 16 0
84348 -557 20 0
84348 557 -16 -20 0
84348 -558 16 0
84348 -558 21 0
84348 558 -16 -21 0
84348 -559 16 0
84348 -559 22 0
84348 559 -16 -22 0
84348 -560 16 0
84348 -560 23 0
84348 560 -16 -23 0
84348 -561 16 0
84348 -561 24 0
84348 561 -16 -24 0
84348 -562 16 0
84348 -562 25 0
84348 562 -16 -25 0
84348 -563 16 0
84348 -563 26 0
84348 563 -16 -26 0
84348 -564 16 0
84348 -564 27 0
84348 564 -16 -27 0
84348 -565 16 0
84348 -565 28 0
84348 565 -16 -28 0
84348 -566 16 0
84348 -566 29 0
84348 566 -16 -29 0
84348 -567 16 0
84348 -567 30 0
84348 567 -16 -30 0
84348 -568 16 0
84348 -568 31 0
84348 568 -16 -31 0
84348 -569 16 0
84348 -569 32 0
84348 569 -16 -32 0
84348 -570 16 0
84348 -570 33 0
84348 570 -16 -33 0
84348 -571 16 0
84348 -571 34 0
84348 571 -16 -34 0
84348 -572 16 0
84348 -572 35 0
84348 572 -16 -35 0
84348 -573 16 0
84348 -573 36 0
84348 573 -16 -36 0
84348 -574 16 0
84348 -574 37 0
84348 574 -16 -37 0
84348 -575 16 0
84348 -575 38 0
84348 575 -16 -38 0
84348 -576 16 0
84348 -576 39 0
84348 576 -16 -39 0
84348 -577 16 0
84348 -577 40 0
84348 577 -16 -40 0
84348 -578 16 0
84348 -578 41 0
84348 578 -16 -41 0
84348 -579 16 0
84348 -579 42 0
84348 579 -16 -42 0
84348 -580 17 0
84348 -580 18 0
84348 580 -17 -18 0
84348 -581 17 0
84348 -581 19 0
84348 581 -17 -19 0
84348 -582 17 0
84348 -582 20 0
84348 582 -17 -20 0
84348 -583 17 0
84348 -583 21 0
84348 583 -17 -21 0
84348 -584 17 0
84348 -584 22 0
84348 584 -17 -22 0
84348 -585 17 0
84348 -585 23 0
84348 585 -17 -23 0
84348 -586 17 0
84348 -586 24 0
84348 586 -17 -24 0
84348 -587 17 0
84348 -587 25 0
84348 587 -17 -25 0
84348 -588 17 0
84348 -588 26 0
84348 588 -17 -26 0
84348 -589 17 0
84348 -589 27 0
84348 589 -17 -27 0
84348 -590 17 0
84348 -590 28 0
84348 590 -17 -28 0
84348 -591 17 0
84348 -591 29 0
84348 591 -17 -29 0
84348 -592 17 0
84348 -592 30 0
84348 592 -17 -30 0
84348 -593 17 0
84348 -593 31 0
84348 593 -17 -31 0
84348 -594 17 0
84348 -594 32 0
84348 594 -17 -32 0
84348 -595 17 0
84348 -595 33 0
84348 595 -17 -33 0
84348 -596 17 0
84348 -596 34 0
84348 596 -17 -34 0
84348 -597 17 0
84348 -597 35 0
84348 597 -17 -35 0
84348 -598 17 0
84348 -598 36 0
84348 598 -17 -36 0
84348 -599 17 0
84348 -599 37 0
84348 599 -17 -37 0
84348 -600 17 0
84348 -600 38 0
84348 600 -17 -38 0
84348 -601 17 0
84348 -601 39 0
84348 601 -17 -39 0
84348 -602 17 0
84348 -602 40 0
84348 602 -17 -40 0
84348 -603 17 0
84348 -603 41 0
84348 603 -17 -41 0
84348 -604 17 0
84348 -604 42 0
84348 604 -17 -42 0
84348 -605 18 0
84348 -605 19 0
84348 605 -18 -19 0
84348 -606 18 0
84348 -606 20 0
84348 606 -18 -20 0
84348 -607 18 0
84348 -607 21 0
84348 607 -18 -21 0
84348 -608 18 0
84348 -608 22 0
84348 608 -18 -22 0
84348 -609 18 0
84348 -609 23 0
84348 609 -18 -23 0
84348 -610 18 0
84348 -610 24 0
84348 610 -18 -24 0
84348 -611 18 0
84348 -611 25 0
84348 611 -18 -25 0
84348 -612 18 0
84348 -612 26 0
84348 612 -18 -26 0
84348 -613 18 0
84348 -613 27 0
84348 613 -18 -27 0
84348 -614 18 0
84348 -614 28 0
84348 614 -18 -28 0
84348 -615 18 0
84348 -615 29 0
84348 615 -18 -29 0
84348 -616 18 0
84348 -616 30 0
84348 616 -18 -30 0
84348 -617 18 0
84348 -617 31 0
84348 617 -18 -31 0
84348 -618 18 0
84348 -618 32 0
84348 618 -18 -32 0
84348 -619 18 0
84348 -619 33 0
84348 619 -18 -33 0
84348 -620 18 0
84348 -620 34 0
84348 620 -18 -34 0
84348 -621 18 0
84348 -621 35 0
84348 621 -18 -35 0
84348 -622 18 0
84348 -622 36 0
84348 622 -18 -36 0
84348 -623 18 0
84348 -623 37 0
84348 623 -18 -37 0
84348 -624 18 0
84348 -624 38 0
84348 624 -18 -38 0
84348 -625 18 0
84348 -625 39 0
84348 625 -18 -39 0
84348 -626 18 0
84348 -626 40 0
84348 626 -18 -40 0
84348 -627 18 0
84348 -627 41 0
84348 627 -18 -41 0
84348 -628 18 0
84348 -628 42 0
84348 628 -18 -42 0
84348 -629 19 0
84348 -629 20 0
84348 629 -19 -20 0
84348 -630 19 0
84348 -630 21 0
84348 630 -19 -21 0
84348 -631 19 0
84348 -631 22 0
84348 631 -19 -22 0
84348 -632 19 0
84348 -632 23 0
84348 632 -19 -23 0
84348 -633 19 0
84348 -633 24 0
84348 633 -19 -24 0
84348 -634 19 0
84348 -634 25 0
84348 634 -19 -25 0
84348 -635 19 0
84348 -635 26 0
84348 635 -19 -26 0
84348 -636 19 0
84348 -636 27 0
84348 636 -19 -27 0
84348 -637 19 0
84348 -637 28 0
84348 637 -19 -28 0
84348 -638 19 0
84348 -638 29 0
84348 638 -19 -29 0
84348 -639 19 0
84348 -639 30 0
84348 639 -19 -30 0
84348 -640 19 0
84348 -640 31 0
84348 640 -19 -31 0
84348 -641 19 0
84348 -641 32 0
84348 641 -19 -32 0
84348 -642 19 0
84348 -642 33 0
84348 642 -19 -33 0
84348 -643 19 0
84348 -643 34 0
84348 643 -19 -34 0
84348 -644 19 0
84348 -644 35 0
84348 644 -19 -35 0
84348 -645 19 0
84348 -645 36 0
84348 645 -19 -36 0
84348 -646 19 0
84348 -646 37 0
84348 646 -19 -37 0
84348 -647 19 0
84348 -647 38 0
84348 647 -19 -38 0
84348 -648 19 0
84348 -648 39 0
84348 648 -19 -39 0
84348 -649 19 0
84348 -649 40 0
84348 649 -19 -40 0
84348 -650 19 0
84348 -650 41 0
84348 650 -19 -41 0
84348 -651 19 0
84348 -651 42 0
84348 651 -19 -42 0
84348 -652 20 0
84348 -652 21 0
84348 652 -20 -21 0
84348 -653 20 0
84348 -653 22 0
84348 653 -20 -22 0
84348 -654 20 0
84348 -654 23 0
84348 654 -20 -23 0
84348 -655 20 0
84348 -655 24 0
84348 655 -20 -24 0
84348 -656 20 0
84348 -656 25 0
84348 656 -20 -25 0
84348 -657 20 0
84348 -657 26 0
84348 657 -20 -26 0
84348 -658 20 0
84348 -658 27 0
84348 658 -20 -27 0
84348 -659 20 0
84348 -659 28 0
84348 659 -20 -28 0
84348 -660 20 0
84348 -660 29 0
84348 660 -20 -29 0
84348 -661 20 0
84348 -661 30 0
84348 661 -20 -30 0
84348 -662 20 0
84348 -662 31 0
84348 662 -20 -31 0
84348 -663 20 0
84348 -663 32 0
84348 663 -20 -32 0
84348 -664 20 0
84348 -664 33 0
84348 664 -20 -33 0
84348 -665 20 0
84348 -665 34 0
84348 665 -20 -34 0
84348 -666 20 0
84348 -666 35 0
84348 666 -20 -35 0
84348 -667 20 0
84348 -667 36 0
84348 667 -20 -36 0
84348 -668 20 0
84348 -668 37 0
84348 668 -20 -37 0
84348 -669 20 0
84348 -669 38 0
84348 669 -20 -38 0
84348 -670 20 0
84348 -670 39 0
84348 670 -20 -39 0
84348 -671 20 0
84348 -671 40 0
84348 671 -20 -40 0
84348 -672 20 0
84348 -672 41 0
84348 672 -20 -41 0
84348 -673 20 0
84348 -673 42 0
84348 673 -20 -42 0
84348 -674 21 0
84348 -674 22 0
84348 674 -21 -22 0
84348 -675 21 0
84348 -675 23 0
84348 675 -21 -23 0
84348 -676 21 0
84348 -676 24 0
84348 676 -21 -24 0
84348 -677 21 0
84348 -677 25 0
84348 677 -21 -25 0
84348 -678 21 0
84348 -678 26 0
84348 678 -21 -26 0
84348 -679 21 0
84348 -679 27 0
84348 679 -21 -27 0
84348 -680 21 0
84348 -680 28 0
84348 680 -21 -28 0
84348 -681 21 0
84348 -681 29 0
84348 681 -21 -29 0
84348 -682 21 0
84348 -682 30 0
84348 682 -21 -30 0
84348 -683 21 0
84348 -683 31 0
84348 683 -21 -31 0
84348 -684 21 0
84348 -684 32 0
84348 684 -21 -32 0
84348 -685 21 0
84348 -685 33 0
84348 685 -21 -33 0
84348 -686 21 0
84348 -686 34 0
84348 686 -21 -34 0
84348 -687 21 0
84348 -687 35 0
84348 687 -21 -35 0
84348 -688 21 0
84348 -688 36 0
84348 688 -21 -36 0
84348 -689 21 0
84348 -689 37 0
84348 689 -21 -37 0
84348 -690 21 0
84348 -690 38 0
84348 690 -21 -38 0
84348 -691 21 0
84348 -691 39 0
84348 691 -21 -39 0
84348 -692 21 0
84348 -692 40 0
84348 692 -21 -40 0
84348 -693 21 0
84348 -693 41 0
84348 693 -21 -41 0
84348 -694 21 0
84348 -694 42 0
84348 694 -21 -42 0
84348 -695 22 0
84348 -695 23 0
84348 695 -22 -23 0
84348 -696 22 0
84348 -696 24 0
84348 696 -22 -24 0
84348 -697 22 0
84348 -697 25 0
84348 697 -22 -25 0
84348 -698 22 0
84348 -698 26 0
84348 698 -22 -26 0
84348 -699 22 0
84348 -699 27 0
84348 699 -22 -27 0
84348 -700 22 0
84348 -700 28 0
84348 700 -22 -28 0
84348 -701 22 0
84348 -701 29 0
84348 701 -22 -29 0
84348 -702 22 0
84348 -702 30 0
84348 702 -22 -30 0
84348 -703 22 0
84348 -703 31 0
84348 703 -22 -31 0
84348 -704 22 0
84348 -704 32 0
84348 704 -22 -32 0
84348 -705 22 0
84348 -705 33 0
84348 705 -22 -33 0
84348 -706 22 0
84348 -706 34 0
84348 706 -22 -34 0
84348 -707 22 0
84348 -707 35 0
84348 707 -22 -35 0
84348 -708 22 0
84348 -708 36 0
84348 708 -22 -36 0
84348 -709 22 0
84348 -709 37 0
84348 709 -22 -37 0
84348 -710 22 0
84348 -710 38 0
84348 710 -22 -38 0
84348 -711 22 0
84348 -711 39 0
84348 711 -22 -39 0
84348 -712 22 0
84348 -712 40 0
84348 712 -22 -40 0
84348 -713 22 0
84348 -713 41 0
84348 713 -22 -41 0
84348 -714 22 0
84348 -714 42 0
84348 714 -22 -42 0
84348 -715 23 0
84348 -715 24 0
84348 715 -23 -24 0
84348 -716 23 0
84348 -716 25 0
84348 716 -23 -25 0
84348 -717 23 0
84348 -717 26 0
84348 717 -23 -26 0
84348 -718 23 0
84348 -718 27 0
84348 718 -23 -27 0
84348 -719 23 0
84348 -719 28 0
84348 719 -23 -28 0
84348 -720 23 0
84348 -720 29 0
84348 720 -23 -29 0
84348 -721 23 0
84348 -721 30 0
84348 721 -23 -30 0
84348 -722 23 0
84348 -722 31 0
84348 722 -23 -31 0
84348 -723 23 0
84348 -723 32 0
84348 723 -23 -32 0
84348 -724 23 0
84348 -724 33 0
84348 724 -23 -33 0
84348 -725 23 0
84348 -725 34 0
84348 725 -23 -34 0
84348 -726 23 0
84348 -726 35 0
84348 726 -23 -35 0
84348 -727 23 0
84348 -727 36 0
84348 727 -23 -36 0
84348 -728 23 0
84348 -728 37 0
84348 728 -23 -37 0
84348 -729 23 0
84348 -729 38 0
84348 729 -23 -38 0
84348 -730 23 0
84348 -730 39 0
84348 730 -23 -39 0
84348 -731 23 0
84348 -731 40 0
84348 731 -23 -40 0
84348 -732 23 0
84348 -732 41 0
84348 732 -23 -41 0
84348 -733 23 0
84348 -733 42 0
84348 733 -23 -42 0
84348 -734 24 0
84348 -734 25 0
84348 734 -24 -25 0
84348 -735 24 0
84348 -735 26 0
84348 735 -24 -26 0
84348 -736 24 0
84348 -736 27 0
84348 736 -24 -27 0
84348 -737 24 0
84348 -737 28 0
84348 737 -24 -28 0
84348 -738 24 0
84348 -738 29 0
84348 738 -24 -29 0
84348 -739 24 0
84348 -739 30 0
84348 739 -24 -30 0
84348 -740 24 0
84348 -740 31 0
84348 740 -24 -31 0
84348 -741 24 0
84348 -741 32 0
84348 741 -24 -32 0
84348 -742 24 0
84348 -742 33 0
84348 742 -24 -33 0
84348 -743 24 0
84348 -743 34 0
84348 743 -24 -34 0
84348 -744 24 0
84348 -744 35 0
84348 744 -24 -35 0
84348 -745 24 0
84348 -745 36 0
84348 745 -24 -36 0
84348 -746 24 0
84348 -746 37 0
84348 746 -24 -37 0
84348 -747 24 0
84348 -747 38 0
84348 747 -24 -38 0
84348 -748 24 0
84348 -748 39 0
84348 748 -24 -39 0
84348 -749 24 0
84348 -749 40 0
84348 749 -24 -40 0
84348 -750 24 0
84348 -750 41 0
84348 750 -24 -41 0
84348 -751 24 0
84348 -751 42 0
84348 751 -24 -42 0
84348 -752 25 0
84348 -752 26 0
84348 752 -25 -26 0
84348 -753 25 0
84348 -753 27 0
84348 753 -25 -27 0
84348 -754 25 0
84348 -754 28 0
84348 754 -25 -28 0
84348 -755 25 0
84348 -755 29 0
84348 755 -25 -29 0
84348 -756 25 0
84348 -756 30 0
84348 756 -25 -30 0
84348 -757 25 0
84348 -757 31 0
84348 757 -25 -31 0
84348 -758 25 0
84348 -758 32 0
84348 758 -25 -32 0
84348 -759 25 0
84348 -759 33 0
84348 759 -25 -33 0
84348 -760 25 0
84348 -760 34 0
84348 760 -25 -34 0
84348 -761 25 0
84348 -761 35 0
84348 761 -25 -35 0
84348 -762 25 0
84348 -762 36 0
84348 762 -25 -36 0
84348 -763 25 0
84348 -763 37 0
84348 763 -25 -37 0
84348 -764 25 0
84348 -764 38 0
84348 764 -25 -38 0
84348 -765 25 0
84348 -765 39 0
84348 765 -25 -39 0
84348 -766 25 0
84348 -766 40 0
84348 766 -25 -40 0
84348 -767 25 0
84348 -767 41 0
84348 767 -25 -41 0
84348 -768 25 0
84348 -768 42 0
84348 768 -25 -42 0
84348 -769 26 0
84348 -769 27 0
84348 769 -26 -27 0
84348 -770 26 0
84348 -770 28 0
84348 770 -26 -28 0
84348 -771 26 0
84348 -771 29 0
84348 771 -26 -29 0
84348 -772 26 0
84348 -772 30 0
84348 772 -26 -30 0
84348 -773 26 0
84348 -773 31 0
84348 773 -26 -31 0
84348 -774 26 0
84348 -774 32 0
84348 774 -26 -32 0
84348 -775 26 0
84348 -775 33 0
84348 775 -26 -33 0
84348 -776 26 0
84348 -776 34 0
84348 776 -26 -34 0
84348 -777 26 0
84348 -777 35 0
84348 777 -26 -35 0
84348 -778 26 0
84348 -778 36 0
84348 778 -26 -36 0
84348 -779 26 0
84348 -779 37 0
84348 779 -26 -37 0
84348 -780 26 0
84348 -780 38 0
84348 780 -26 -38 0
84348 -781 26 0
84348 -781 39 0
84348 781 -26 -39 0
84348 -782 26 0
84348 -782 40 0
84348 782 -26 -40 0
84348 -783 26 0
84348 -783 41 0
84348 783 -26 -41 0
84348 -784 26 0
84348 -784 42 0
84348 784 -26 -42 0
84348 -785 27 0
84348 -785 28 0
84348 785 -27 -28 0
84348 -786 27 0
84348 -786 29 0
84348 786 -27 -29 0
84348 -787 27 0
84348 -787 30 0
84348 787 -27 -30 0
84348 -788 27 0
84348 -788 31 0
84348 788 -27 -31 0
84348 -789 27 0
84348 -789 32 0
84348 789 -27 -32 0
84348 -790 27 0
84348 -790 33 0
84348 790 -27 -33 0
84348 -791 27 0
84348 -791 34 0
84348 791 -27 -34 0
84348 -792 27 0
84348 -792 35 0
84348 792 -27 -35 0
84348 -793 27 0
84348 -793 36 0
84348 793 -27 -36 0
84348 -794 27 0
84348 -794 37 0
84348 794 -27 -37 0
84348 -795 27 0
84348 -795 38 0
84348 795 -27 -38 0
84348 -796 27 0
84348 -796 39 0
84348 796 -27 -39 0
84348 -797 27 0
84348 -797 40 0
84348 797 -27 -40 0
84348 -798 27 0
84348 -798 41 0
84348 798 -27 -41 0
84348 -799 27 0
84348 -799 42 0
84348 799 -27 -42 0
84348 -800 28 0
84348 -800 29 0
84348 800 -28 -29 0
84348 -801 28 0
84348 -801 30 0
84348 801 -28 -30 0
84348 -802 28 0
84348 -802 31 0
84348 802 -28 -31 0
84348 -803 28 0
84348 -803 32 0
84348 803 -28 -32 0
84348 -804 28 0
84348 -804 33 0
84348 804 -28 -33 0
84348 -805 28 0
84348 -805 34 0
84348 805 -28 -34 0
84348 -806 28 0
84348 -806 35 0
84348 806 -28 -35 0
84348 -807 28 0
84348 -807 36 0
84348 807 -28 -36 0
84348 -808 28 0
84348 -808 37 0
84348 808 -28 -37 0
84348 -809 28 0
84348 -809 38 0
84348 809 -28 -38 0
84348 -810 28 0
84348 -810 39 0
84348 810 -28 -39 0
84348 -811 28 0
84348 -811 40 0
84348 811 -28 -40 0
84348 -812 28 0
84348 -812 41 0
84348 812 -28 -41 0
84348 -813 28 0
84348 -813 42 0
84348 813 -28 -42 0
84348 -814 29 0
84348 -814 30 0
84348 814 -29 -30 0
84348 -815 29 0
84348 -815 31 0
84348 815 -29 -31 0
84348 -816 29 0
84348 -816 32 0
84348 816 -29 -32 0
84348 -817 29 0
84348 -817 33 0
84348 817 -29 -33 0
84348 -818 29 0
84348 -818 34 0
84348 818 -29 -34 0
84348 -819 29 0
84348 -819 35 0
84348 819 -29 -35 0
84348 -820 29 0
84348 -820 36 0
84348 820 -29 -36 0
84348 -821 29 0
84348 -821 37 0
84348 821 -29 -37 0
84348 -822 29 0
84348 -822 38 0
84348 822 -29 -38 0
84348 -823 29 0
84348 -823 39 0
84348 823 -29 -39 0
84348 -824 29 0
84348 -824 40 0
84348 824 -29 -40 0
84348 -825 29 0
84348 -825 41 0
84348 825 -29 -41 0
84348 -826 29 0
84348 -826 42 0
84348 826 -29 -42 0
84348 -827 30 0
84348 -827 31 0
84348 827 -30 -31 0
84348 -828 30 0
84348 -828 32 0
84348 828 -30 -32 0
84348 -829 30 0
84348 -829 33 0
84348 829 -30 -33 0
84348 -830 30 0
84348 -830 34 0
84348 830 -30 -34 0
84348 -831 30 0
84348 -831 35 0
84348 831 -30 -35 0
84348 -832 30 0
84348 -832 36 0
84348 832 -30 -36 0
84348 -833 30 0
84348 -833 37 0
84348 833 -30 -37 0
84348 -834 30 0
84348 -834 38 0
84348 834 -30 -38 0
84348 -835 30 0
84348 -835 39 0
84348 835 -30 -39 0
84348 -836 30 0
84348 -836 40 0
84348 836 -30 -40 0
84348 -837 30 0
84348 -837 41 0
84348 837 -30 -41 0
84348 -838 30 0
84348 -838 42 0
84348 838 -30 -42 0
84348 -839 31 0
84348 -839 32 0
84348 839 -31 -32 0
84348 -840 31 0
84348 -840 33 0
84348 840 -31 -33 0
84348 -841 31 0
84348 -841 34 0
84348 841 -31 -34 0
84348 -842 31 0
84348 -842 35 0
84348 842 -31 -35 0
84348 -843 31 0
84348 -843 36 0
84348 843 -31 -36 0
84348 -844 31 0
84348 -844 37 0
84348 844 -31 -37 0
84348 -845 31 0
84348 -845 38 0
84348 845 -31 -38 0
84348 -846 31 0
84348 -846 39 0
84348 846 -31 -39 0
84348 -847 31 0
84348 -847 40 0
84348 847 -31 -40 0
84348 -848 31 0
84348 -848 41 0
84348 848 -31 -41 0
84348 -849 31 0
84348 -849 42 0
84348 849 -31 -42 0
84348 -850 32 0
84348 -850 33 0
84348 850 -32 -33 0
84348 -851 32 0
84348 -851 34 0
84348 851 -32 -34 0
84348 -852 32 0
84348 -852 35 0
84348 852 -32 -35 0
84348 -853 32 0
84348 -853 36 0
84348 853 -32 -36 0
84348 -854 32 0
84348 -854 37 0
84348 854 -32 -37 0
84348 -855 32 0
84348 -855 38 0
84348 855 -32 -38 0
84348 -856 32 0
84348 -856 39 0
84348 856 -32 -39 0
84348 -857 32 0
84348 -857 40 0
84348 857 -32 -40 0
84348 -858 32 0
84348 -858 41 0
84348 858 -32 -41 0
84348 -859 32 0
84348 -859 42 0
84348 859 -32 -42 0
84348 -860 33 0
84348 -860 34 0
84348 860 -33 -34 0
84348 -861 33 0
84348 -861 35 0
84348 861 -33 -35 0
84348 -862 33 0
84348 -862 36 0
84348 862 -33 -36 0
84348 -863 33 0
84348 -863 37 0
84348 863 -33 -37 0
84348 -864 33 0
84348 -864 38 0
84348 864 -33 -38 0
84348 -865 33 0
84348 -865 39 0
84348 865 -33 -39 0
84348 -866 33 0
84348 -866 40 0
84348 866 -33 -40 0
84348 -867 33 0
84348 -867 41 0
84348 867 -33 -41 0
84348 -868 33 0
84348 -868 42 0
84348 868 -33 -42 0
84348 -869 34 0
84348 -869 35 0
84348 869 -34 -35 0
84348 -870 34 0
84348 -870 36 0
84348 870 -34 -36 0
84348 -871 34 0
84348 -871 37 0
84348 871 -34 -37 0
84348 -872 34 0
84348 -872 38 0
84348 872 -34 -38 0
84348 -873 34 0
84348 -873 39 0
84348 873 -34 -39 0
84348 -874 34 0
84348 -874 40 0
84348 874 -34 -40 0
84348 -875 34 0
84348 -875 41 0
84348 875 -34 -41 0
84348 -876 34 0
84348 -876 42 0
84348 876 -34 -42 0
84348 -877 35 0
84348 -877 36 0
84348 877 -35 -36 0
84348 -878 35 0
84348 -878 37 0
84348 878 -35 -37 0
84348 -879 35 0
84348 -879 38 0
84348 879 -35 -38 0
84348 -880 35 0
84348 -880 39 0
84348 880 -35 -39 0
84348 -881 35 0
84348 -881 40 0
84348 881 -35 -40 0
84348 -882 35 0
84348 -882 41 0
84348 882 -35 -41 0
84348 -883 35 0
84348 -883 42 0
84348 883 -35 -42 0
84348 -884 36 0
84348 -884 37 0
84348 884 -36 -37 0
84348 -885 36 0
84348 -885 38 0
84348 885 -36 -38 0
84348 -886 36 0
84348 -886 39 0
84348 886 -36 -39 0
84348 -887 36 0
84348 -887 40 0
84348 887 -36 -40 0
84348 -888 36 0
84348 -888 41 0
84348 888 -36 -41 0
84348 -889 36 0
84348 -889 42 0
84348 889 -36 -42 0
84348 -890 37 0
84348 -890 38 0
84348 890 -37 -38 0
84348 -891 37 0
84348 -891 39 0
84348 891 -37 -39 0
84348 -892 37 0
84348 -892 40 0
84348 892 -37 -40 0
84348 -893 37 0
84348 -893 41 0
84348 893 -37 -41 0
84348 -894 37 0
84348 -894 42 0
84348 894 -37 -42 0
84348 -895 38 0
84348 -895 39 0
84348 895 -38 -39 0
84348 -896 38 0
84348 -896 40 0
84348 896 -38 -40 0
84348 -897 38 0
84348 -897 41 0
84348 897 -38 -41 0
84348 -898 38 0
84348 -898 42 0
84348 898 -38 -42 0
84348 -899 39 0
84348 -899 40 0
84348 899 -39 -40 0
84348 -900 39 0
84348 -900 41 0
84348 900 -39 -41 0
84348 -901 39 0
84348 -901 42 0
84348 901 -39 -42 0
84348 -902 40 0
84348 -902 41 0
84348 902 -40 -41 0
84348 -903 40 0
84348 -903 42 0
84348 903 -40 -42 0
84348 -904 41 0
84348 -904 42 0
84348 904 -41 -42 0
33294 1 0
84338 -1 0
73266 44 0
84338 -44 0
75686 45 0
84338 -45 0
106744 46 0
84338 -46 0
67532 47 0
84338 -47 0
74434 48 0
84338 -48 0
88598 49 0
84338 -49 0
75096 50 0
84338 -50 0
72708 51 0
84338 -51 0
65346 52 0
84338 -52 0
80996 53 0
84338 -53 0
95858 54 0
84338 -54 0
93162 55 0
84338 -55 0
103922 56 0
84338 -56 0
92270 57 0
84338 -57 0
70556 58 0
84338 -58 0
71464 59 0
84338 -59 0
93612 60 0
84338 -60 0
84180 61 0
84338 -61 0
82904 62 0
84338 -62 0
73412 63 0
84338 -63 0
79918 64 0
84338 -64 0
79964 65 0
84338 -65 0
76332 66 0
84338 -66 0
85720 67 0
84338 -67 0
82162 68 0
84338 -68 0
79084 69 0
84338 -69 0
85160 70 0
84338 -70 0
93156 71 0
84338 -71 0
78938 72 0
84338 -72 0
81120 73 0
84338 -73 0
94036 74 0
84338 -74 0
89330 75 0
84338 -75 0
90246 76 0
84338 -76 0
86836 77 0
84338 -77 0
85800 78 0
84338 -78 0
84270 79 0
84338 -79 0
80760 80 0
84338 -80 0
85636 81 0
84338 -81 0
83808 82 0
84338 -82 0
85434 83 0
84338 -83 0
85358 84 0
84338 -84 0
43834 2 0
84338 -2 0
104302 85 0
84338 -85 0
80516 86 0
84338 -86 0
83874 87 0
84338 -87 0
102586 88 0
84338 -88 0
61512 89 0
84338 -89 0
87112 90 0
84338 -90 0
94886 91 0
84338 -91 0
64922 92 0
84338 -92 0
84044 93 0
84338 -93 0
80770 94 0
84338 -94 0
82778 95 0
84338 -95 0
84810 96 0
84338 -96 0
71742 97 0
84338 -97 0
88400 98 0
84338 -98 0
90346 99 0
84338 -99 0
90548 100 0
84338 -100 0
85596 101 0
84338 -101 0
81686 102 0
84338 -102 0
89508 103 0
84338 -103 0
75022 104 0
84338 -104 0
88688 105 0
84338 -105 0
88550 106 0
84338 -106 0
82286 107 0
84338 -107 0
76358 108 0
84338 -108 0
77140 109 0
84338 -109 0
83214 110 0
84338 -110 0
76802 111 0
84338 -111 0
89742 112 0
84338 -112 0
90948 113 0
84338 -113 0
80256 114 0
84338 -114 0
79174 115 0
84338 -115 0
86582 116 0
84338 -116 0
82910 117 0
84338 -117 0
82444 118 0
84338 -118 0
83462 119 0
84338 -119 0
86378 120 0
84338 -120 0
83576 121 0
84338 -121 0
84284 122 0
84338 -122 0
81738 123 0
84338 -123 0
84610 124 0
84338 -124 0
41696 3 0
84338 -3 0
89668 125 0
84338 -125 0
76856 126 0
84338 -126 0
80184 127 0
84338 -127 0
87308 128 0
84338 -128 0
81358 129 0
84338 -129 0
71232 130 0
84338 -130 0
79374 131 0
84338 -131 0
81238 132 0
84338 -132 0
92392 133 0
84338 -133 0
72616 134 0
84338 -134 0
97766 135 0
84338 -135 0
100366 136 0
84338 -136 0
84540 137 0
84338 -137 0
73808 138 0
84338 -138 0
91700 139 0
84338 -139 0
67964 140 0
84338 -140 0
78994 141 0
84338 -141 0
95360 142 0
84338 -142 0
95022 143 0
84338 -143 0
74030 144 0
84338 -144 0
73904 145 0
84338 -145 0
86454 146 0
84338 -146 0
92088 147 0
84338 -147 0
81340 148 0
84338 -148 0
78288 149 0
84338 -149 0
91958 150 0
84338 -150 0
80996 151 0
84338 -151 0
82784 152 0
84338 -152 0
90650 153 0
84338 -153 0
86218 154 0
84338 -154 0
93278 155 0
84338 -155 0
83162 156 0
84338 -156 0
90414 157 0
84338 -157 0
88158 158 0
84338 -158 0
80504 159 0
84338 -159 0
83928 160 0
84338 -160 0
85610 161 0
84338 -161 0
85954 162 0
84338 -162 0
85902 163 0
84338 -163 0
72572 4 0
84338 -4 0
71870 164 0
84338 -164 0
90010 165 0
84338 -165 0
101552 166 0
84338 -166 0
84112 167 0
84338 -167 0
76552 168 0
84338 -168 0
93534 169 0
84338 -169 0
90946 170 0
84338 -170 0
83630 171 0
84338 -171 0
87022 172 0
84338 -172 0
62630 173 0
84338 -173 0
81068 174 0
84338 -174 0
100020 175 0
84338 -175 0
83880 176 0
84338 -176 0
65924 177 0
84338 -177 0
95292 178 0
84338 -178 0
79508 179 0
84338 -179 0
84184 180 0
84338 -180 0
65936 181 0
84338 -181 0
91412 182 0
84338 -182 0
75866 183 0
84338 -183 0
84382 184 0
84338 -184 0
87710 185 0
84338 -185 0
81582 186 0
84338 -186 0
78836 187 0
84338 -187 0
78862 188 0
84338 -188 0
75724 189 0
84338 -189 0
82824 190 0
84338 -190 0
86036 191 0
84338 -191 0
79086 192 0
84338 -192 0
82750 193 0
84338 -193 0
81314 194 0
84338 -194 0
87726 195 0
84338 -195 0
86038 196 0
84338 -196 0
84126 197 0
84338 -197 0
81210 198 0
84338 -198 0
86760 199 0
84338 -199 0
83002 200 0
84338 -200 0
83182 201 0
84338 -201 0
43049 5 0
84338 -5 0
81126 202 0
84338 -202 0
88760 203 0
84338 -203 0
62232 204 0
84338 -204 0
82822 205 0
84338 -205 0
70068 206 0
84338 -206 0
84752 207 0
84338 -207 0
83768 208 0
84338 -208 0
84678 209 0
84338 -209 0
88872 210 0
84338 -210 0
88560 211 0
84338 -211 0
89992 212 0
84338 -212 0
61788 213 0
84338 -213 0
85328 214 0
84338 -214 0
84522 215 0
84338 -215 0
73502 216 0
84338 -216 0
88452 217 0
84338 -217 0
81584 218 0
84338 -218 0
73832 219 0
84338 -219 0
76000 220 0
84338 -220 0
82560 221 0
84338 -221 0
85228 222 0
84338 -222 0
85314 223 0
84338 -223 0
73496 224 0
84338 -224 0
91056 225 0
84338 -225 0
83324 226 0
84338 -226 0
83538 227 0
84338 -227 0
91412 228 0
84338 -228 0
74200 229 0
84338 -229 0
88252 230 0
84338 -230 0
87712 231 0
84338 -231 0
91596 232 0
84338 -232 0
86520 233 0
84338 -233 0
77842 234 0
84338 -234 0
80366 235 0
84338 -235 0
88522 236 0
84338 -236 0
86370 237 0
84338 -237 0
83046 238 0
84338 -238 0
42031 6 0
84338 -6 0
85106 239 0
84338 -239 0
68142 240 0
84338 -240 0
68142 241 0
84338 -241 0
101178 242 0
84338 -242 0
77294 243 0
84338 -243 0
73896 244 0
84338 -244 0
77402 245 0
84338 -245 0
91806 246 0
84338 -246 0
74214 247 0
84338 -247 0
82598 248 0
84338 -248 0
84004 249 0
84338 -249 0
85008 250 0
84338 -250 0
74234 251 0
84338 -251 0
83020 252 0
84338 -252 0
97572 253 0
84338 -253 0
77338 254 0
84338 -254 0
74108 255 0
84338 -255 0
84538 256 0
84338 -256 0
91120 257 0
84338 -257 0
66440 258 0
84338 -258 0
84170 259 0
84338 -259 0
79626 260 0
84338 -260 0
84382 261 0
84338 -261 0
81294 262 0
84338 -262 0
82158 263 0
84338 -263 0
84580 264 0
84338 -264 0
90788 265 0
84338 -265 0
85608 266 0
84338 -266 0
80522 267 0
84338 -267 0
88708 268 0
84338 -268 0
82008 269 0
84338 -269 0
83714 270 0
84338 -270 0
77872 271 0
84338 -271 0
88796 272 0
84338 -272 0
79338 273 0
84338 -273 0
81754 274 0
84338 -274 0
44036 7 0
84338 -7 0
76222 275 0
84338 -275 0
91078 276 0
84338 -276 0
68436 277 0
84338 -277 0
71598 278 0
84338 -278 0
76548 279 0
84338 -279 0
83158 280 0
84338 -280 0
85378 281 0
84338 -281 0
85624 282 0
84338 -282 0
83286 283 0
84338 -283 0
88878 284 0
84338 -284 0
94118 285 0
84338 -285 0
72838 286 0
84338 -286 0
88150 287 0
84338 -287 0
101750 288 0
84338 -288 0
92696 289 0
84338 -289 0
86538 290 0
84338 -290 0
94648 291 0
84338 -291 0
77794 292 0
84338 -292 0
73462 293 0
84338 -293 0
79578 294 0
84338 -294 0
80616 295 0
84338 -295 0
79050 296 0
84338 -296 0
87772 297 0
84338 -297 0
84244 298 0
84338 -298 0
75328 299 0
84338 -299 0
87850 300 0
84338 -300 0
83512 301 0
84338 -301 0
81028 302 0
84338 -302 0
80762 303 0
84338 -303 0
83966 304 0
84338 -304 0
88728 305 0
84338 -305 0
83628 306 0
84338 -306 0
83760 307 0
84338 -307 0
80874 308 0
84338 -308 0
83522 309 0
84338 -309 0
57407 8 0
84338 -8 0
86850 310 0
84338 -310 0
73170 311 0
84338 -311 0
76764 312 0
84338 -312 0
89678 313 0
84338 -313 0
67860 314 0
84338 -314 0
77574 315 0
84338 -315 0
82066 316 0
84338 -316 0
93002 317 0
84338 -317 0
73258 318 0
84338 -318 0
83044 319 0
84338 -319 0
89662 320 0
84338 -320 0
80488 321 0
84338 -321 0
90562 322 0
84338 -322 0
73538 323 0
84338 -323 0
79728 324 0
84338 -324 0
88042 325 0
84338 -325 0
76450 326 0
84338 -326 0
71312 327 0
84338 -327 0
90064 328 0
84338 -328 0
75166 329 0
84338 -329 0
89372 330 0
84338 -330 0
90248 331 0
84338 -331 0
78114 332 0
84338 -332 0
85010 333 0
84338 -333 0
83778 334 0
84338 -334 0
86386 335 0
84338 -335 0
90466 336 0
84338 -336 0
90040 337 0
84338 -337 0
85654 338 0
84338 -338 0
79420 339 0
84338 -339 0
84812 340 0
84338 -340 0
84046 341 0
84338 -341 0
86050 342 0
84338 -342 0
83114 343 0
84338 -343 0
49968 9 0
84338 -9 0
103378 344 0
84338 -344 0
85150 345 0
84338 -345 0
86336 346 0
84338 -346 0
74314 347 0
84338 -347 0
81072 348 0
84338 -348 0
101004 349 0
84338 -349 0
79196 350 0
84338 -350 0
79150 351 0
84338 -351 0
87730 352 0
84338 -352 0
84664 353 0
84338 -353 0
88924 354 0
84338 -354 0
89794 355 0
84338 -355 0
83168 356 0
84338 -356 0
91668 357 0
84338 -357 0
75996 358 0
84338 -358 0
93924 359 0
84338 -359 0
84010 360 0
84338 -360 0
81504 361 0
84338 -361 0
86062 362 0
84338 -362 0
84808 363 0
84338 -363 0
77290 364 0
84338 -364 0
77402 365 0
84338 -365 0
94022 366 0
84338 -366 0
96738 367 0
84338 -367 0
94332 368 0
84338 -368 0
80350 369 0
84338 -369 0
87606 370 0
84338 -370 0
86398 371 0
84338 -371 0
81938 372 0
84338 -372 0
82530 373 0
84338 -373 0
86474 374 0
84338 -374 0
84082 375 0
84338 -375 0
85290 376 0
84338 -376 0
31694 10 0
84338 -10 0
83228 377 0
84338 -377 0
87016 378 0
84338 -378 0
79058 379 0
84338 -379 0
94032 380 0
84338 -380 0
82966 381 0
84338 -381 0
81930 382 0
84338 -382 0
76070 383 0
84338 -383 0
107260 384 0
84338 -384 0
87090 385 0
84338 -385 0
84380 386 0
84338 -386 0
84880 387 0
84338 -387 0
91736 388 0
84338 -388 0
89172 389 0
84338 -389 0
85566 390 0
84338 -390 0
83798 391 0
84338 -391 0
87750 392 0
84338 -392 0
80614 393 0
84338 -393 0
90476 394 0
84338 -394 0
80292 395 0
84338 -395 0
78610 396 0
84338 -396 0
76906 397 0
84338 -397 0
91814 398 0
84338 -398 0
85268 399 0
84338 -399 0
85888 400 0
84338 -400 0
90638 401 0
84338 -401 0
81220 402 0
84338 -402 0
79704 403 0
84338 -403 0
84012 404 0
84338 -404 0
89724 405 0
84338 -405 0
79206 406 0
84338 -406 0
83394 407 0
84338 -407 0
87194 408 0
84338 -408 0
61330 11 0
84338 -11 0
100564 409 0
84338 -409 0
80572 410 0
84338 -410 0
77516 411 0
84338 -411 0
97464 412 0
84338 -412 0
98368 413 0
84338 -413 0
82268 414 0
84338 -414 0
81906 415 0
84338 -415 0
75170 416 0
84338 -416 0
94746 417 0
84338 -417 0
100522 418 0
84338 -418 0
89748 419 0
84338 -419 0
78316 420 0
84338 -420 0
87966 421 0
84338 -421 0
84522 422 0
84338 -422 0
68460 423 0
84338 -423 0
88390 424 0
84338 -424 0
86828 425 0
84338 -425 0
84088 426 0
84338 -426 0
86862 427 0
84338 -427 0
80074 428 0
84338 -428 0
83024 429 0
84338 -429 0
92508 430 0
84338 -430 0
79454 431 0
84338 -431 0
82832 432 0
84338 -432 0
76294 433 0
84338 -433 0
82132 434 0
84338 -434 0
86090 435 0
84338 -435 0
80250 436 0
84338 -436 0
87494 437 0
84338 -437 0
83746 438 0
84338 -438 0
81210 439 0
84338 -439 0
63877 12 0
84338 -12 0
86840 440 0
84338 -440 0
89014 441 0
84338 -441 0
70542 442 0
84338 -442 0
78606 443 0
84338 -443 0
81116 444 0
84338 -444 0
82372 445 0
84338 -445 0
89888 446 0
84338 -446 0
76972 447 0
84338 -447 0
82580 448 0
84338 -448 0
96288 449 0
84338 -449 0
94784 450 0
84338 -450 0
91076 451 0
84338 -451 0
85352 452 0
84338 -452 0
92166 453 0
84338 -453 0
78896 454 0
84338 -454 0
81218 455 0
84338 -455 0
77800 456 0
84338 -456 0
79566 457 0
84338 -457 0
92454 458 0
84338 -458 0
81496 459 0
84338 -459 0
86124 460 0
84338 -460 0
78944 461 0
84338 -461 0
73782 462 0
84338 -462 0
84878 463 0
84338 -463 0
87300 464 0
84338 -464 0
90752 465 0
84338 -465 0
87618 466 0
84338 -466 0
81206 467 0
84338 -467 0
82530 468 0
84338 -468 0
86854 469 0
84338 -469 0
46162 13 0
84338 -13 0
80502 470 0
84338 -470 0
85698 471 0
84338 -471 0
88390 472 0
84338 -472 0
79126 473 0
84338 -473 0
97564 474 0
84338 -474 0
86208 475 0
84338 -475 0
74938 476 0
84338 -476 0
93858 477 0
84338 -477 0
96640 478 0
84338 -478 0
86876 479 0
84338 -479 0
89056 480 0
84338 -480 0
73758 481 0
84338 -481 0
76948 482 0
84338 -482 0
84902 483 0
84338 -483 0
81974 484 0
84338 -484 0
81380 485 0
84338 -485 0
82602 486 0
84338 -486 0
80322 487 0
84338 -487 0
84610 488 0
84338 -488 0
91982 489 0
84338 -489 0
84712 490 0
84338 -490 0
87792 491 0
84338 -491 0
83718 492 0
84338 -492 0
77594 493 0
84338 -493 0
84402 494 0
84338 -494 0
86486 495 0
84338 -495 0
81474 496 0
84338 -496 0
81202 497 0
84338 -497 0
86650 498 0
84338 -498 0
72439 14 0
84338 -14 0
90374 499 0
84338 -499 0
108538 500 0
84338 -500 0
82222 501 0
84338 -501 0
67690 502 0
84338 -502 0
94404 503 0
84338 -503 0
95104 504 0
84338 -504 0
87110 505 0
84338 -505 0
76388 506 0
84338 -506 0
94346 507 0
84338 -507 0
80808 508 0
84338 -508 0
79808 509 0
84338 -509 0
75604 510 0
84338 -510 0
88748 511 0
84338 -511 0
85642 512 0
84338 -512 0
83844 513 0
84338 -513 0
81718 514 0
84338 -514 0
71912 515 0
84338 -515 0
90224 516 0
84338 -516 0
83554 517 0
84338 -517 0
82422 518 0
84338 -518 0
88286 519 0
84338 -519 0
78620 520 0
84338 -520 0
83498 521 0
84338 -521 0
82198 522 0
84338 -522 0
81802 523 0
84338 -523 0
86350 524 0
84338 -524 0
85266 525 0
84338 -525 0
81822 526 0
84338 -526 0
59931 15 0
84338 -15 0
73888 527 0
84338 -527 0
99386 528 0
84338 -528 0
79124 529 0
84338 -529 0
98322 530 0
84338 -530 0
82048 531 0
84338 -531 0
81270 532 0
84338 -532 0
83952 533 0
84338 -533 0
85700 534 0
84338 -534 0
96284 535 0
84338 -535 0
80878 536 0
84338 -536 0
84878 537 0
84338 -537 0
85956 538 0
84338 -538 0
77452 539 0
84338 -539 0
81370 540 0
84338 -540 0
98096 541 0
84338 -541 0
103816 542 0
84338 -542 0
81072 543 0
84338 -543 0
74522 544 0
84338 -544 0
86672 545 0
84338 -545 0
86800 546 0
84338 -546 0
86558 547 0
84338 -547 0
78638 548 0
84338 -548 0
85038 549 0
84338 -549 0
83394 550 0
84338 -550 0
84876 551 0
84338 -551 0
82090 552 0
84338 -552 0
86854 553 0
84338 -553 0
48605 16 0
84338 -16 0
86566 554 0
84338 -554 0
102938 555 0
84338 -555 0
82490 556 0
84338 -556 0
81106 557 0
84338 -557 0
67868 558 0
84338 -558 0
98706 559 0
84338 -559 0
81290 560 0
84338 -560 0
92746 561 0
84338 -561 0
81670 562 0
84338 -562 0
91476 563 0
84338 -563 0
77452 564 0
84338 -564 0
80180 565 0
84338 -565 0
85672 566 0
84338 -566 0
95954 567 0
84338 -567 0
98902 568 0
84338 -568 0
80882 569 0
84338 -569 0
78520 570 0
84338 -570 0
92784 571 0
84338 -571 0
86970 572 0
84338 -572 0
89874 573 0
84338 -573 0
85668 574 0
84338 -574 0
83664 575 0
84338 -575 0
87326 576 0
84338 -576 0
82866 577 0
84338 -577 0
86546 578 0
84338 -578 0
87534 579 0
84338 -579 0
50613 17 0
84338 -17 0
94136 580 0
84338 -580 0
76054 581 0
84338 -581 0
78866 582 0
84338 -582 0
83732 583 0
84338 -583 0
91840 584 0
84338 -584 0
83078 585 0
84338 -585 0
77132 586 0
84338 -586 0
88336 587 0
84338 -587 0
80886 588 0
84338 -588 0
88656 589 0
84338 -589 0
72132 590 0
84338 -590 0
92498 591 0
84338 -591 0
79268 592 0
84338 -592 0
80640 593 0
84338 -593 0
94578 594 0
84338 -594 0
88238 595 0
84338 -595 0
90010 596 0
84338 -596 0
83250 597 0
84338 -597 0
93194 598 0
84338 -598 0
91972 599 0
84338 -599 0
75798 600 0
84338 -600 0
83788 601 0
84338 -601 0
86034 602 0
84338 -602 0
88226 603 0
84338 -603 0
83250 604 0
84338 -604 0
103995 18 0
84338 -18 0
97024 605 0
84338 -605 0
81134 606 0
84338 -606 0
91912 607 0
84338 -607 0
65042 608 0
84338 -608 0
82978 609 0
84338 -609 0
82122 610 0
84338 -610 0
80262 611 0
84338 -611 0
83294 612 0
84338 -612 0
81418 613 0
84338 -613 0
83518 614 0
84338 -614 0
83984 615 0
84338 -615 0
76240 616 0
84338 -616 0
78906 617 0
84338 -617 0
82888 618 0
84338 -618 0
83520 619 0
84338 -619 0
76720 620 0
84338 -620 0
79560 621 0
84338 -621 0
81998 622 0
84338 -622 0
86220 623 0
84338 -623 0
87586 624 0
84338 -624 0
81772 625 0
84338 -625 0
85972 626 0
84338 -626 0
83002 627 0
84338 -627 0
81686 628 0
84338 -628 0
51037 19 0
84338 -19 0
82118 629 0
84338 -629 0
91546 630 0
84338 -630 0
89392 631 0
84338 -631 0
76014 632 0
84338 -632 0
88624 633 0
84338 -633 0
93634 634 0
84338 -634 0
71834 635 0
84338 -635 0
79414 636 0
84338 -636 0
85972 637 0
84338 -637 0
82758 638 0
84338 -638 0
83574 639 0
84338 -639 0
83710 640 0
84338 -640 0
79644 641 0
84338 -641 0
91588 642 0
84338 -642 0
87746 643 0
84338 -643 0
74446 644 0
84338 -644 0
87494 645 0
84338 -645 0
88310 646 0
84338 -646 0
85610 647 0
84338 -647 0
80078 648 0
84338 -648 0
87356 649 0
84338 -649 0
80906 650 0
84338 -650 0
82094 651 0
84338 -651 0
73239 20 0
84338 -20 0
87740 652 0
84338 -652 0
80208 653 0
84338 -653 0
86992 654 0
84338 -654 0
90200 655 0
84338 -655 0
75034 656 0
84338 -656 0
77666 657 0
84338 -657 0
74952 658 0
84338 -658 0
70520 659 0
84338 -659 0
86158 660 0
84338 -660 0
72998 661 0
84338 -661 0
87718 662 0
84338 -662 0
82664 663 0
84338 -663 0
85728 664 0
84338 -664 0
83484 665 0
84338 -665 0
78980 666 0
84338 -666 0
93254 667 0
84338 -667 0
86630 668 0
84338 -668 0
83572 669 0
84338 -669 0
86158 670 0
84338 -670 0
82162 671 0
84338 -671 0
81522 672 0
84338 -672 0
85086 673 0
84338 -673 0
59688 21 0
84338 -21 0
84224 674 0
84338 -674 0
82750 675 0
84338 -675 0
83204 676 0
84338 -676 0
83882 677 0
84338 -677 0
94828 678 0
84338 -678 0
82174 679 0
84338 -679 0
88688 680 0
84338 -680 0
88924 681 0
84338 -681 0
92554 682 0
84338 -682 0
91980 683 0
84338 -683 0
85946 684 0
84338 -684 0
74544 685 0
84338 -685 0
89466 686 0
84338 -686 0
92318 687 0
84338 -687 0
87632 688 0
84338 -688 0
83434 689 0
84338 -689 0
83054 690 0
84338 -690 0
87218 691 0
84338 -691 0
82796 692 0
84338 -692 0
87034 693 0
84338 -693 0
86514 694 0
84338 -694 0
81066 22 0
84338 -22 0
85604 695 0
84338 -695 0
74856 696 0
84338 -696 0
87350 697 0
84338 -697 0
81024 698 0
84338 -698 0
82370 699 0
84338 -699 0
84768 700 0
84338 -700 0
84626 701 0
84338 -701 0
76556 702 0
84338 -702 0
74326 703 0
84338 -703 0
84366 704 0
84338 -704 0
78784 705 0
84338 -705 0
84612 706 0
84338 -706 0
85142 707 0
84338 -707 0
89822 708 0
84338 -708 0
86968 709 0
84338 -709 0
82038 710 0
84338 -710 0
83488 711 0
84338 -711 0
84228 712 0
84338 -712 0
82426 713 0
84338 -713 0
81958 714 0
84338 -714 0
67899 23 0
84338 -23 0
83062 715 0
84338 -715 0
82832 716 0
84338 -716 0
78316 717 0
84338 -717 0
84220 718 0
84338 -718 0
81876 719 0
84338 -719 0
94310 720 0
84338 -720 0
98426 721 0
84338 -721 0
90680 722 0
84338 -722 0
82696 723 0
84338 -723 0
71538 724 0
84338 -724 0
87284 725 0
84338 -725 0
90632 726 0
84338 -726 0
85716 727 0
84338 -727 0
82614 728 0
84338 -728 0
82292 729 0
84338 -729 0
79208 730 0
84338 -730 0
89024 731 0
84338 -731 0
85018 732 0
84338 -732 0
82230 733 0
84338 -733 0
72552 24 0
84338 -24 0
92850 734 0
84338 -734 0
95024 735 0
84338 -735 0
84916 736 0
84338 -736 0
84626 737 0
84338 -737 0
89600 738 0
84338 -738 0
81294 739 0
84338 -739 0
81984 740 0
84338 -740 0
95436 741 0
84338 -741 0
78426 742 0
84338 -742 0
89520 743 0
84338 -743 0
89978 744 0
84338 -744 0
85514 745 0
84338 -745 0
86136 746 0
84338 -746 0
80544 747 0
84338 -747 0
86380 748 0
84338 -748 0
84030 749 0
84338 -749 0
88914 750 0
84338 -750 0
86582 751 0
84338 -751 0
79123 25 0
84338 -25 0
78262 752 0
84338 -752 0
79604 753 0
84338 -753 0
79236 754 0
84338 -754 0
84594 755 0
84338 -755 0
87616 756 0
84338 -756 0
84282 757 0
84338 -757 0
78298 758 0
84338 -758 0
80296 759 0
84338 -759 0
80456 760 0
84338 -760 0
89370 761 0
84338 -761 0
80676 762 0
84338 -762 0
80580 763 0
84338 -763 0
85692 764 0
84338 -764 0
85600 765 0
84338 -765 0
82812 766 0
84338 -766 0
84106 767 0
84338 -767 0
84406 768 0
84338 -768 0
64005 26 0
84338 -26 0
78810 769 0
84338 -769 0
86174 770 0
84338 -770 0
81400 771 0
84338 -771 0
87014 772 0
84338 -772 0
78912 773 0
84338 -773 0
80448 774 0
84338 -774 0
95536 775 0
84338 -775 0
83164 776 0
84338 -776 0
82200 777 0
84338 -777 0
80112 778 0
84338 -778 0
78596 779 0
84338 -779 0
86682 780 0
84338 -780 0
79000 781 0
84338 -781 0
87432 782 0
84338 -782 0
78970 783 0
84338 -783 0
81346 784 0
84338 -784 0
79282 27 0
84338 -27 0
85554 785 0
84338 -785 0
77910 786 0
84338 -786 0
81366 787 0
84338 -787 0
87628 788 0
84338 -788 0
80434 789 0
84338 -789 0
85884 790 0
84338 -790 0
86258 791 0
84338 -791 0
78934 792 0
84338 -792 0
83050 793 0
84338 -793 0
84940 794 0
84338 -794 0
90856 795 0
84338 -795 0
86140 796 0
84338 -796 0
82354 797 0
84338 -797 0
81570 798 0
84338 -798 0
86310 799 0
84338 -799 0
71134 28 0
84338 -28 0
93288 800 0
84338 -800 0
86150 801 0
84338 -801 0
97388 802 0
84338 -802 0
83018 803 0
84338 -803 0
76112 804 0
84338 -804 0
87864 805 0
84338 -805 0
82906 806 0
84338 -806 0
96762 807 0
84338 -807 0
92202 808 0
84338 -808 0
77678 809 0
84338 -809 0
84090 810 0
84338 -810 0
85412 811 0
84338 -811 0
86954 812 0
84338 -812 0
83726 813 0
84338 -813 0
77512 29 0
84338 -29 0
77782 814 0
84338 -814 0
81932 815 0
84338 -815 0
75802 816 0
84338 -816 0
94086 817 0
84338 -817 0
77118 818 0
84338 -818 0
75588 819 0
84338 -819 0
77294 820 0
84338 -820 0
82460 821 0
84338 -821 0
92596 822 0
84338 -822 0
84280 823 0
84338 -823 0
83146 824 0
84338 -824 0
80194 825 0
84338 -825 0
84134 826 0
84338 -826 0
78060 30 0
84338 -30 0
67980 827 0
84338 -827 0
87540 828 0
84338 -828 0
99690 829 0
84338 -829 0
75686 830 0
84338 -830 0
73242 831 0
84338 -831 0
84248 832 0
84338 -832 0
85900 833 0
84338 -833 0
86332 834 0
84338 -834 0
83716 835 0
84338 -835 0
83176 836 0
84338 -836 0
78970 837 0
84338 -837 0
82094 838 0
84338 -838 0
75420 31 0
84338 -31 0
92444 839 0
84338 -839 0
96044 840 0
84338 -840 0
82452 841 0
84338 -841 0
87172 842 0
84338 -842 0
80050 843 0
84338 -843 0
81244 844 0
84338 -844 0
82688 845 0
84338 -845 0
83366 846 0
84338 -846 0
84158 847 0
84338 -847 0
82338 848 0
84338 -848 0
81958 849 0
84338 -849 0
77638 32 0
84338 -32 0
85304 850 0
84338 -850 0
75084 851 0
84338 -851 0
76376 852 0
84338 -852 0
81176 853 0
84338 -853 0
85096 854 0
84338 -854 0
91388 855 0
84338 -855 0
83526 856 0
84338 -856 0
83840 857 0
84338 -857 0
81098 858 0
84338 -858 0
82502 859 0
84338 -859 0
71048 33 0
84338 -33 0
89364 860 0
84338 -860 0
95248 861 0
84338 -861 0
88828 862 0
84338 -862 0
85446 863 0
84338 -863 0
79560 864 0
84338 -864 0
84260 865 0
84338 -865 0
85632 866 0
84338 -866 0
88826 867 0
84338 -867 0
85086 868 0
84338 -868 0
84798 34 0
84338 -34 0
76422 869 0
84338 -869 0
76156 870 0
84338 -870 0
82564 871 0
84338 -871 0
90878 872 0
84338 -872 0
83290 873 0
84338 -873 0
83756 874 0
84338 -874 0
80922 875 0
84338 -875 0
81754 876 0
84338 -876 0
80271 35 0
84338 -35 0
83410 877 0
84338 -877 0
89526 878 0
84338 -878 0
90560 879 0
84338 -879 0
82698 880 0
84338 -880 0
84704 881 0
84338 -881 0
80250 882 0
84338 -882 0
82570 883 0
84338 -883 0
80471 36 0
84338 -36 0
78390 884 0
84338 -884 0
90844 885 0
84338 -885 0
83832 886 0
84338 -886 0
84022 887 0
84338 -887 0
82626 888 0
84338 -888 0
84066 889 0
84338 -889 0
78119 37 0
84338 -37 0
86404 890 0
84338 -890 0
83266 891 0
84338 -891 0
84466 892 0
84338 -892 0
81746 893 0
84338 -893 0
84814 894 0
84338 -894 0
75739 38 0
84338 -38 0
83804 895 0
84338 -895 0
85708 896 0
84338 -896 0
87434 897 0
84338 -897 0
83998 898 0
84338 -898 0
80402 39 0
84338 -39 0
88358 899 0
84338 -899 0
82354 900 0
84338 -900 0
81618 901 0
84338 -901 0
84307 40 0
84338 -40 0
84794 902 0
84338 -902 0
86242 903 0
84338 -903 0
83146 41 0
84338 -41 0
83250 904 0
84338 -904 0
83998 42 0
84338 -42 0
