c
c Generated WCNF file
c
p wcnf 667 3223 74508
74508 37 0
74508 -38 1 0
74508 -38 2 0
74508 38 -1 -2 0
74508 -39 1 0
74508 -39 3 0
74508 39 -1 -3 0
74508 -40 1 0
74508 -40 4 0
74508 40 -1 -4 0
74508 -41 1 0
74508 -41 5 0
74508 41 -1 -5 0
74508 -42 1 0
74508 -42 6 0
74508 42 -1 -6 0
74508 -43 1 0
74508 -43 7 0
74508 43 -1 -7 0
74508 -44 1 0
74508 -44 8 0
74508 44 -1 -8 0
74508 -45 1 0
74508 -45 9 0
74508 45 -1 -9 0
74508 -46 1 0
74508 -46 10 0
74508 46 -1 -10 0
74508 -47 1 0
74508 -47 11 0
74508 47 -1 -11 0
74508 -48 1 0
74508 -48 12 0
74508 48 -1 -12 0
74508 -49 1 0
74508 -49 13 0
74508 49 -1 -13 0
74508 -50 1 0
74508 -50 14 0
74508 50 -1 -14 0
74508 -51 1 0
74508 -51 15 0
74508 51 -1 -15 0
74508 -52 1 0
74508 -52 16 0
74508 52 -1 -16 0
74508 -53 1 0
74508 -53 17 0
74508 53 -1 -17 0
74508 -54 1 0
74508 -54 18 0
74508 54 -1 -18 0
74508 -55 1 0
74508 -55 19 0
74508 55 -1 -19 0
74508 -56 1 0
74508 -56 20 0
74508 56 -1 -20 0
74508 -57 1 0
74508 -57 21 0
74508 57 -1 -21 0
74508 -58 1 0
74508 -58 22 0
74508 58 -1 -22 0
74508 -59 1 0
74508 -59 23 0
74508 59 -1 -23 0
74508 -60 1 0
74508 -60 24 0
74508 60 -1 -24 0
74508 -61 1 0
74508 -61 25 0
74508 61 -1 -25 0
74508 -62 1 0
74508 -62 26 0
74508 62 -1 -26 0
74508 -63 1 0
74508 -63 27 0
74508 63 -1 -27 0
74508 -64 1 0
74508 -64 28 0
74508 64 -1 -28 0
74508 -65 1 0
74508 -65 29 0
74508 65 -1 -29 0
74508 -66 1 0
74508 -66 30 0
74508 66 -1 -30 0
74508 -67 1 0
74508 -67 31 0
74508 67 -1 -31 0
74508 -68 1 0
74508 -68 32 0
74508 68 -1 -32 0
74508 -69 1 0
74508 -69 33 0
74508 69 -1 -33 0
74508 -70 1 0
74508 -70 34 0
74508 70 -1 -34 0
74508 -71 1 0
74508 -71 35 0
74508 71 -1 -35 0
74508 -72 1 0
74508 -72 36 0
74508 72 -1 -36 0
74508 -73 2 0
74508 -73 3 0
74508 73 -2 -3 0
74508 -74 2 0
74508 -74 4 0
74508 74 -2 -4 0
74508 -75 2 0
74508 -75 5 0
74508 75 -2 -5 0
74508 -76 2 0
74508 -76 6 0
74508 76 -2 -6 0
74508 -77 2 0
74508 -77 7 0
74508 77 -2 -7 0
74508 -78 2 0
74508 -78 8 0
74508 78 -2 -8 0
74508 -79 2 0
74508 -79 9 0
74508 79 -2 -9 0
74508 -80 2 0
74508 -80 10 0
74508 80 -2 -10 0
74508 -81 2 0
74508 -81 11 0
74508 81 -2 -11 0
74508 -82 2 0
74508 -82 12 0
74508 82 -2 -12 0
74508 -83 2 0
74508 -83 13 0
74508 83 -2 -13 0
74508 -84 2 0
74508 -84 14 0
74508 84 -2 -14 0
74508 -85 2 0
74508 -85 15 0
74508 85 -2 -15 0
74508 -86 2 0
74508 -86 16 0
74508 86 -2 -16 0
74508 -87 2 0
74508 -87 17 0
74508 87 -2 -17 0
74508 -88 2 0
74508 -88 18 0
74508 88 -2 -18 0
74508 -89 2 0
74508 -89 19 0
74508 89 -2 -19 0
74508 -90 2 0
74508 -90 20 0
74508 90 -2 -20 0
74508 -91 2 0
74508 -91 21 0
74508 91 -2 -21 0
74508 -92 2 0
74508 -92 22 0
74508 92 -2 -22 0
74508 -93 2 0
74508 -93 23 0
74508 93 -2 -23 0
74508 -94 2 0
74508 -94 24 0
74508 94 -2 -24 0
74508 -95 2 0
74508 -95 25 0
74508 95 -2 -25 0
74508 -96 2 0
74508 -96 26 0
74508 96 -2 -26 0
74508 -97 2 0
74508 -97 27 0
74508 97 -2 -27 0
74508 -98 2 0
74508 -98 28 0
74508 98 -2 -28 0
74508 -99 2 0
74508 -99 29 0
74508 99 -2 -29 0
74508 -100 2 0
74508 -100 30 0
74508 100 -2 -30 0
74508 -101 2 0
74508 -101 31 0
74508 101 -2 -31 0
74508 -102 2 0
74508 -102 32 0
74508 102 -2 -32 0
74508 -103 2 0
74508 -103 33 0
74508 103 -2 -33 0
74508 -104 2 0
74508 -104 34 0
74508 104 -2 -34 0
74508 -105 2 0
74508 -105 35 0
74508 105 -2 -35 0
74508 -106 2 0
74508 -106 36 0
74508 106 -2 -36 0
74508 -107 3 0
74508 -107 4 0
74508 107 -3 -4 0
74508 -108 3 0
74508 -108 5 0
74508 108 -3 -5 0
74508 -109 3 0
74508 -109 6 0
74508 109 -3 -6 0
74508 -110 3 0
74508 -110 7 0
74508 110 -3 -7 0
74508 -111 3 0
74508 -111 8 0
74508 111 -3 -8 0
74508 -112 3 0
74508 -112 9 0
74508 112 -3 -9 0
74508 -113 3 0
74508 -113 10 0
74508 113 -3 -10 0
74508 -114 3 0
74508 -114 11 0
74508 114 -3 -11 0
74508 -115 3 0
74508 -115 12 0
74508 115 -3 -12 0
74508 -116 3 0
74508 -116 13 0
74508 116 -3 -13 0
74508 -117 3 0
74508 -117 14 0
74508 117 -3 -14 0
74508 -118 3 0
74508 -118 15 0
74508 118 -3 -15 0
74508 -119 3 0
74508 -119 16 0
74508 119 -3 -16 0
74508 -120 3 0
74508 -120 17 0
74508 120 -3 -17 0
74508 -121 3 0
74508 -121 18 0
74508 121 -3 -18 0
74508 -122 3 0
74508 -122 19 0
74508 122 -3 -19 0
74508 -123 3 0
74508 -123 20 0
74508 123 -3 -20 0
74508 -124 3 0
74508 -124 21 0
74508 124 -3 -21 0
74508 -125 3 0
74508 -125 22 0
74508 125 -3 -22 0
74508 -126 3 0
74508 -126 23 0
74508 126 -3 -23 0
74508 -127 3 0
74508 -127 24 0
74508 127 -3 -24 0
74508 -128 3 0
74508 -128 25 0
74508 128 -3 -25 0
74508 -129 3 0
74508 -129 26 0
74508 129 -3 -26 0
74508 -130 3 0
74508 -130 27 0
74508 130 -3 -27 0
74508 -131 3 0
74508 -131 28 0
74508 131 -3 -28 0
74508 -132 3 0
74508 -132 29 0
74508 132 -3 -29 0
74508 -133 3 0
74508 -133 30 0
74508 133 -3 -30 0
74508 -134 3 0
74508 -134 31 0
74508 134 -3 -31 0
74508 -135 3 0
74508 -135 32 0
74508 135 -3 -32 0
74508 -136 3 0
74508 -136 33 0
74508 136 -3 -33 0
74508 -137 3 0
74508 -137 34 0
74508 137 -3 -34 0
74508 -138 3 0
74508 -138 35 0
74508 138 -3 -35 0
74508 -139 3 0
74508 -139 36 0
74508 139 -3 -36 0
74508 -140 4 0
74508 -140 5 0
74508 140 -4 -5 0
74508 -141 4 0
74508 -141 6 0
74508 141 -4 -6 0
74508 -142 4 0
74508 -142 7 0
74508 142 -4 -7 0
74508 -143 4 0
74508 -143 8 0
74508 143 -4 -8 0
74508 -144 4 0
74508 -144 9 0
74508 144 -4 -9 0
74508 -145 4 0
74508 -145 10 0
74508 145 -4 -10 0
74508 -146 4 0
74508 -146 11 0
74508 146 -4 -11 0
74508 -147 4 0
74508 -147 12 0
74508 147 -4 -12 0
74508 -148 4 0
74508 -148 13 0
74508 148 -4 -13 0
74508 -149 4 0
74508 -149 14 0
74508 149 -4 -14 0
74508 -150 4 0
74508 -150 15 0
74508 150 -4 -15 0
74508 -151 4 0
74508 -151 16 0
74508 151 -4 -16 0
74508 -152 4 0
74508 -152 17 0
74508 152 -4 -17 0
74508 -153 4 0
74508 -153 18 0
74508 153 -4 -18 0
74508 -154 4 0
74508 -154 19 0
74508 154 -4 -19 0
74508 -155 4 0
74508 -155 20 0
74508 155 -4 -20 0
74508 -156 4 0
74508 -156 21 0
74508 156 -4 -21 0
74508 -157 4 0
74508 -157 22 0
74508 157 -4 -22 0
74508 -158 4 0
74508 -158 23 0
74508 158 -4 -23 0
74508 -159 4 0
74508 -159 24 0
74508 159 -4 -24 0
74508 -160 4 0
74508 -160 25 0
74508 160 -4 -25 0
74508 -161 4 0
74508 -161 26 0
74508 161 -4 -26 0
74508 -162 4 0
74508 -162 27 0
74508 162 -4 -27 0
74508 -163 4 0
74508 -163 28 0
74508 163 -4 -28 0
74508 -164 4 0
74508 -164 29 0
74508 164 -4 -29 0
74508 -165 4 0
74508 -165 30 0
74508 165 -4 -30 0
74508 -166 4 0
74508 -166 31 0
74508 166 -4 -31 0
74508 -167 4 0
74508 -167 32 0
74508 167 -4 -32 0
74508 -168 4 0
74508 -168 33 0
74508 168 -4 -33 0
74508 -169 4 0
74508 -169 34 0
74508 169 -4 -34 0
74508 -170 4 0
74508 -170 35 0
74508 170 -4 -35 0
74508 -171 4 0
74508 -171 36 0
74508 171 -4 -36 0
74508 -172 5 0
74508 -172 6 0
74508 172 -5 -6 0
74508 -173 5 0
74508 -173 7 0
74508 173 -5 -7 0
74508 -174 5 0
74508 -174 8 0
74508 174 -5 -8 0
74508 -175 5 0
74508 -175 9 0
74508 175 -5 -9 0
74508 -176 5 0
74508 -176 10 0
74508 176 -5 -10 0
74508 -177 5 0
74508 -177 11 0
74508 177 -5 -11 0
74508 -178 5 0
74508 -178 12 0
74508 178 -5 -12 0
74508 -179 5 0
74508 -179 13 0
74508 179 -5 -13 0
74508 -180 5 0
74508 -180 14 0
74508 180 -5 -14 0
74508 -181 5 0
74508 -181 15 0
74508 181 -5 -15 0
74508 -182 5 0
74508 -182 16 0
74508 182 -5 -16 0
74508 -183 5 0
74508 -183 17 0
74508 183 -5 -17 0
74508 -184 5 0
74508 -184 18 0
74508 184 -5 -18 0
74508 -185 5 0
74508 -185 19 0
74508 185 -5 -19 0
74508 -186 5 0
74508 -186 20 0
74508 186 -5 -20 0
74508 -187 5 0
74508 -187 21 0
74508 187 -5 -21 0
74508 -188 5 0
74508 -188 22 0
74508 188 -5 -22 0
74508 -189 5 0
74508 -189 23 0
74508 189 -5 -23 0
74508 -190 5 0
74508 -190 24 0
74508 190 -5 -24 0
74508 -191 5 0
74508 -191 25 0
74508 191 -5 -25 0
74508 -192 5 0
74508 -192 26 0
74508 192 -5 -26 0
74508 -193 5 0
74508 -193 27 0
74508 193 -5 -27 0
74508 -194 5 0
74508 -194 28 0
74508 194 -5 -28 0
74508 -195 5 0
74508 -195 29 0
74508 195 -5 -29 0
74508 -196 5 0
74508 -196 30 0
74508 196 -5 -30 0
74508 -197 5 0
74508 -197 31 0
74508 197 -5 -31 0
74508 -198 5 0
74508 -198 32 0
74508 198 -5 -32 0
74508 -199 5 0
74508 -199 33 0
74508 199 -5 -33 0
74508 -200 5 0
74508 -200 34 0
74508 200 -5 -34 0
74508 -201 5 0
74508 -201 35 0
74508 201 -5 -35 0
74508 -202 5 0
74508 -202 36 0
74508 202 -5 -36 0
74508 -203 6 0
74508 -203 7 0
74508 203 -6 -7 0
74508 -204 6 0
74508 -204 8 0
74508 204 -6 -8 0
74508 -205 6 0
74508 -205 9 0
74508 205 -6 -9 0
74508 -206 6 0
74508 -206 10 0
74508 206 -6 -10 0
74508 -207 6 0
74508 -207 11 0
74508 207 -6 -11 0
74508 -208 6 0
74508 -208 12 0
74508 208 -6 -12 0
74508 -209 6 0
74508 -209 13 0
74508 209 -6 -13 0
74508 -210 6 0
74508 -210 14 0
74508 210 -6 -14 0
74508 -211 6 0
74508 -211 15 0
74508 211 -6 -15 0
74508 -212 6 0
74508 -212 16 0
74508 212 -6 -16 0
74508 -213 6 0
74508 -213 17 0
74508 213 -6 -17 0
74508 -214 6 0
74508 -214 18 0
74508 214 -6 -18 0
74508 -215 6 0
74508 -215 19 0
74508 215 -6 -19 0
74508 -216 6 0
74508 -216 20 0
74508 216 -6 -20 0
74508 -217 6 0
74508 -217 21 0
74508 217 -6 -21 0
74508 -218 6 0
74508 -218 22 0
74508 218 -6 -22 0
74508 -219 6 0
74508 -219 23 0
74508 219 -6 -23 0
74508 -220 6 0
74508 -220 24 0
74508 220 -6 -24 0
74508 -221 6 0
74508 -221 25 0
74508 221 -6 -25 0
74508 -222 6 0
74508 -222 26 0
74508 222 -6 -26 0
74508 -223 6 0
74508 -223 27 0
74508 223 -6 -27 0
74508 -224 6 0
74508 -224 28 0
74508 224 -6 -28 0
74508 -225 6 0
74508 -225 29 0
74508 225 -6 -29 0
74508 -226 6 0
74508 -226 30 0
74508 226 -6 -30 0
74508 -227 6 0
74508 -227 31 0
74508 227 -6 -31 0
74508 -228 6 0
74508 -228 32 0
74508 228 -6 -32 0
74508 -229 6 0
74508 -229 33 0
74508 229 -6 -33 0
74508 -230 6 0
74508 -230 34 0
74508 230 -6 -34 0
74508 -231 6 0
74508 -231 35 0
74508 231 -6 -35 0
74508 -232 6 0
74508 -232 36 0
74508 232 -6 -36 0
74508 -233 7 0
74508 -233 8 0
74508 233 -7 -8 0
74508 -234 7 0
74508 -234 9 0
74508 234 -7 -9 0
74508 -235 7 0
74508 -235 10 0
74508 235 -7 -10 0
74508 -236 7 0
74508 -236 11 0
74508 236 -7 -11 0
74508 -237 7 0
74508 -237 12 0
74508 237 -7 -12 0
74508 -238 7 0
74508 -238 13 0
74508 238 -7 -13 0
74508 -239 7 0
74508 -239 14 0
74508 239 -7 -14 0
74508 -240 7 0
74508 -240 15 0
74508 240 -7 -15 0
74508 -241 7 0
74508 -241 16 0
74508 241 -7 -16 0
74508 -242 7 0
74508 -242 17 0
74508 242 -7 -17 0
74508 -243 7 0
74508 -243 18 0
74508 243 -7 -18 0
74508 -244 7 0
74508 -244 19 0
74508 244 -7 -19 0
74508 -245 7 0
74508 -245 20 0
74508 245 -7 -20 0
74508 -246 7 0
74508 -246 21 0
74508 246 -7 -21 0
74508 -247 7 0
74508 -247 22 0
74508 247 -7 -22 0
74508 -248 7 0
74508 -248 23 0
74508 248 -7 -23 0
74508 -249 7 0
74508 -249 24 0
74508 249 -7 -24 0
74508 -250 7 0
74508 -250 25 0
74508 250 -7 -25 0
74508 -251 7 0
74508 -251 26 0
74508 251 -7 -26 0
74508 -252 7 0
74508 -252 27 0
74508 252 -7 -27 0
74508 -253 7 0
74508 -253 28 0
74508 253 -7 -28 0
74508 -254 7 0
74508 -254 29 0
74508 254 -7 -29 0
74508 -255 7 0
74508 -255 30 0
74508 255 -7 -30 0
74508 -256 7 0
74508 -256 31 0
74508 256 -7 -31 0
74508 -257 7 0
74508 -257 32 0
74508 257 -7 -32 0
74508 -258 7 0
74508 -258 33 0
74508 258 -7 -33 0
74508 -259 7 0
74508 -259 34 0
74508 259 -7 -34 0
74508 -260 7 0
74508 -260 35 0
74508 260 -7 -35 0
74508 -261 7 0
74508 -261 36 0
74508 261 -7 -36 0
74508 -262 8 0
74508 -262 9 0
74508 262 -8 -9 0
74508 -263 8 0
74508 -263 10 0
74508 263 -8 -10 0
74508 -264 8 0
74508 -264 11 0
74508 264 -8 -11 0
74508 -265 8 0
74508 -265 12 0
74508 265 -8 -12 0
74508 -266 8 0
74508 -266 13 0
74508 266 -8 -13 0
74508 -267 8 0
74508 -267 14 0
74508 267 -8 -14 0
74508 -268 8 0
74508 -268 15 0
74508 268 -8 -15 0
74508 -269 8 0
74508 -269 16 0
74508 269 -8 -16 0
74508 -270 8 0
74508 -270 17 0
74508 270 -8 -17 0
74508 -271 8 0
74508 -271 18 0
74508 271 -8 -18 0
74508 -272 8 0
74508 -272 19 0
74508 272 -8 -19 0
74508 -273 8 0
74508 -273 20 0
74508 273 -8 -20 0
74508 -274 8 0
74508 -274 21 0
74508 274 -8 -21 0
74508 -275 8 0
74508 -275 22 0
74508 275 -8 -22 0
74508 -276 8 0
74508 -276 23 0
74508 276 -8 -23 0
74508 -277 8 0
74508 -277 24 0
74508 277 -8 -24 0
74508 -278 8 0
74508 -278 25 0
74508 278 -8 -25 0
74508 -279 8 0
74508 -279 26 0
74508 279 -8 -26 0
74508 -280 8 0
74508 -280 27 0
74508 280 -8 -27 0
74508 -281 8 0
74508 -281 28 0
74508 281 -8 -28 0
74508 -282 8 0
74508 -282 29 0
74508 282 -8 -29 0
74508 -283 8 0
74508 -283 30 0
74508 283 -8 -30 0
74508 -284 8 0
74508 -284 31 0
74508 284 -8 -31 0
74508 -285 8 0
74508 -285 32 0
74508 285 -8 -32 0
74508 -286 8 0
74508 -286 33 0
74508 286 -8 -33 0
74508 -287 8 0
74508 -287 34 0
74508 287 -8 -34 0
74508 -288 8 0
74508 -288 35 0
74508 288 -8 -35 0
74508 -289 8 0
74508 -289 36 0
74508 289 -8 -36 0
74508 -290 9 0
74508 -290 10 0
74508 290 -9 -10 0
74508 -291 9 0
74508 -291 11 0
74508 291 -9 -11 0
74508 -292 9 0
74508 -292 12 0
74508 292 -9 -12 0
74508 -293 9 0
74508 -293 13 0
74508 293 -9 -13 0
74508 -294 9 0
74508 -294 14 0
74508 294 -9 -14 0
74508 -295 9 0
74508 -295 15 0
74508 295 -9 -15 0
74508 -296 9 0
74508 -296 16 0
74508 296 -9 -16 0
74508 -297 9 0
74508 -297 17 0
74508 297 -9 -17 0
74508 -298 9 0
74508 -298 18 0
74508 298 -9 -18 0
74508 -299 9 0
74508 -299 19 0
74508 299 -9 -19 0
74508 -300 9 0
74508 -300 20 0
74508 300 -9 -20 0
74508 -301 9 0
74508 -301 21 0
74508 301 -9 -21 0
74508 -302 9 0
74508 -302 22 0
74508 302 -9 -22 0
74508 -303 9 0
74508 -303 23 0
74508 303 -9 -23 0
74508 -304 9 0
74508 -304 24 0
74508 304 -9 -24 0
74508 -305 9 0
74508 -305 25 0
74508 305 -9 -25 0
74508 -306 9 0
74508 -306 26 0
74508 306 -9 -26 0
74508 -307 9 0
74508 -307 27 0
74508 307 -9 -27 0
74508 -308 9 0
74508 -308 28 0
74508 308 -9 -28 0
74508 -309 9 0
74508 -309 29 0
74508 309 -9 -29 0
74508 -310 9 0
74508 -310 30 0
74508 310 -9 -30 0
74508 -311 9 0
74508 -311 31 0
74508 311 -9 -31 0
74508 -312 9 0
74508 -312 32 0
74508 312 -9 -32 0
74508 -313 9 0
74508 -313 33 0
74508 313 -9 -33 0
74508 -314 9 0
74508 -314 34 0
74508 314 -9 -34 0
74508 -315 9 0
74508 -315 35 0
74508 315 -9 -35 0
74508 -316 9 0
74508 -316 36 0
74508 316 -9 -36 0
74508 -317 10 0
74508 -317 11 0
74508 317 -10 -11 0
74508 -318 10 0
74508 -318 12 0
74508 318 -10 -12 0
74508 -319 10 0
74508 -319 13 0
74508 319 -10 -13 0
74508 -320 10 0
74508 -320 14 0
74508 320 -10 -14 0
74508 -321 10 0
74508 -321 15 0
74508 321 -10 -15 0
74508 -322 10 0
74508 -322 16 0
74508 322 -10 -16 0
74508 -323 10 0
74508 -323 17 0
74508 323 -10 -17 0
74508 -324 10 0
74508 -324 18 0
74508 324 -10 -18 0
74508 -325 10 0
74508 -325 19 0
74508 325 -10 -19 0
74508 -326 10 0
74508 -326 20 0
74508 326 -10 -20 0
74508 -327 10 0
74508 -327 21 0
74508 327 -10 -21 0
74508 -328 10 0
74508 -328 22 0
74508 328 -10 -22 0
74508 -329 10 0
74508 -329 23 0
74508 329 -10 -23 0
74508 -330 10 0
74508 -330 24 0
74508 330 -10 -24 0
74508 -331 10 0
74508 -331 25 0
74508 331 -10 -25 0
74508 -332 10 0
74508 -332 26 0
74508 332 -10 -26 0
74508 -333 10 0
74508 -333 27 0
74508 333 -10 -27 0
74508 -334 10 0
74508 -334 28 0
74508 334 -10 -28 0
74508 -335 10 0
74508 -335 29 0
74508 335 -10 -29 0
74508 -336 10 0
74508 -336 30 0
74508 336 -10 -30 0
74508 -337 10 0
74508 -337 31 0
74508 337 -10 -31 0
74508 -338 10 0
74508 -338 32 0
74508 338 -10 -32 0
74508 -339 10 0
74508 -339 33 0
74508 339 -10 -33 0
74508 -340 10 0
74508 -340 34 0
74508 340 -10 -34 0
74508 -341 10 0
74508 -341 35 0
74508 341 -10 -35 0
74508 -342 10 0
74508 -342 36 0
74508 342 -10 -36 0
74508 -343 11 0
74508 -343 12 0
74508 343 -11 -12 0
74508 -344 11 0
74508 -344 13 0
74508 344 -11 -13 0
74508 -345 11 0
74508 -345 14 0
74508 345 -11 -14 0
74508 -346 11 0
74508 -346 15 0
74508 346 -11 -15 0
74508 -347 11 0
74508 -347 16 0
74508 347 -11 -16 0
74508 -348 11 0
74508 -348 17 0
74508 348 -11 -17 0
74508 -349 11 0
74508 -349 18 0
74508 349 -11 -18 0
74508 -350 11 0
74508 -350 19 0
74508 350 -11 -19 0
74508 -351 11 0
74508 -351 20 0
74508 351 -11 -20 0
74508 -352 11 0
74508 -352 21 0
74508 352 -11 -21 0
74508 -353 11 0
74508 -353 22 0
74508 353 -11 -22 0
74508 -354 11 0
74508 -354 23 0
74508 354 -11 -23 0
74508 -355 11 0
74508 -355 24 0
74508 355 -11 -24 0
74508 -356 11 0
74508 -356 25 0
74508 356 -11 -25 0
74508 -357 11 0
74508 -357 26 0
74508 357 -11 -26 0
74508 -358 11 0
74508 -358 27 0
74508 358 -11 -27 0
74508 -359 11 0
74508 -359 28 0
74508 359 -11 -28 0
74508 -360 11 0
74508 -360 29 0
74508 360 -11 -29 0
74508 -361 11 0
74508 -361 30 0
74508 361 -11 -30 0
74508 -362 11 0
74508 -362 31 0
74508 362 -11 -31 0
74508 -363 11 0
74508 -363 32 0
74508 363 -11 -32 0
74508 -364 11 0
74508 -364 33 0
74508 364 -11 -33 0
74508 -365 11 0
74508 -365 34 0
74508 365 -11 -34 0
74508 -366 11 0
74508 -366 35 0
74508 366 -11 -35 0
74508 -367 11 0
74508 -367 36 0
74508 367 -11 -36 0
74508 -368 12 0
74508 -368 13 0
74508 368 -12 -13 0
74508 -369 12 0
74508 -369 14 0
74508 369 -12 -14 0
74508 -370 12 0
74508 -370 15 0
74508 370 -12 -15 0
74508 -371 12 0
74508 -371 16 0
74508 371 -12 -16 0
74508 -372 12 0
74508 -372 17 0
74508 372 -12 -17 0
74508 -373 12 0
74508 -373 18 0
74508 373 -12 -18 0
74508 -374 12 0
74508 -374 19 0
74508 374 -12 -19 0
74508 -375 12 0
74508 -375 20 0
74508 375 -12 -20 0
74508 -376 12 0
74508 -376 21 0
74508 376 -12 -21 0
74508 -377 12 0
74508 -377 22 0
74508 377 -12 -22 0
74508 -378 12 0
74508 -378 23 0
74508 378 -12 -23 0
74508 -379 12 0
74508 -379 24 0
74508 379 -12 -24 0
74508 -380 12 0
74508 -380 25 0
74508 380 -12 -25 0
74508 -381 12 0
74508 -381 26 0
74508 381 -12 -26 0
74508 -382 12 0
74508 -382 27 0
74508 382 -12 -27 0
74508 -383 12 0
74508 -383 28 0
74508 383 -12 -28 0
74508 -384 12 0
74508 -384 29 0
74508 384 -12 -29 0
74508 -385 12 0
74508 -385 30 0
74508 385 -12 -30 0
74508 -386 12 0
74508 -386 31 0
74508 386 -12 -31 0
74508 -387 12 0
74508 -387 32 0
74508 387 -12 -32 0
74508 -388 12 0
74508 -388 33 0
74508 388 -12 -33 0
74508 -389 12 0
74508 -389 34 0
74508 389 -12 -34 0
74508 -390 12 0
74508 -390 35 0
74508 390 -12 -35 0
74508 -391 12 0
74508 -391 36 0
74508 391 -12 -36 0
74508 -392 13 0
74508 -392 14 0
74508 392 -13 -14 0
74508 -393 13 0
74508 -393 15 0
74508 393 -13 -15 0
74508 -394 13 0
74508 -394 16 0
74508 394 -13 -16 0
74508 -395 13 0
74508 -395 17 0
74508 395 -13 -17 0
74508 -396 13 0
74508 -396 18 0
74508 396 -13 -18 0
74508 -397 13 0
74508 -397 19 0
74508 397 -13 -19 0
74508 -398 13 0
74508 -398 20 0
74508 398 -13 -20 0
74508 -399 13 0
74508 -399 21 0
74508 399 -13 -21 0
74508 -400 13 0
74508 -400 22 0
74508 400 -13 -22 0
74508 -401 13 0
74508 -401 23 0
74508 401 -13 -23 0
74508 -402 13 0
74508 -402 24 0
74508 402 -13 -24 0
74508 -403 13 0
74508 -403 25 0
74508 403 -13 -25 0
74508 -404 13 0
74508 -404 26 0
74508 404 -13 -26 0
74508 -405 13 0
74508 -405 27 0
74508 405 -13 -27 0
74508 -406 13 0
74508 -406 28 0
74508 406 -13 -28 0
74508 -407 13 0
74508 -407 29 0
74508 407 -13 -29 0
74508 -408 13 0
74508 -408 30 0
74508 408 -13 -30 0
74508 -409 13 0
74508 -409 31 0
74508 409 -13 -31 0
74508 -410 13 0
74508 -410 32 0
74508 410 -13 -32 0
74508 -411 13 0
74508 -411 33 0
74508 411 -13 -33 0
74508 -412 13 0
74508 -412 34 0
74508 412 -13 -34 0
74508 -413 13 0
74508 -413 35 0
74508 413 -13 -35 0
74508 -414 13 0
74508 -414 36 0
74508 414 -13 -36 0
74508 -415 14 0
74508 -415 15 0
74508 415 -14 -15 0
74508 -416 14 0
74508 -416 16 0
74508 416 -14 -16 0
74508 -417 14 0
74508 -417 17 0
74508 417 -14 -17 0
74508 -418 14 0
74508 -418 18 0
74508 418 -14 -18 0
74508 -419 14 0
74508 -419 19 0
74508 419 -14 -19 0
74508 -420 14 0
74508 -420 20 0
74508 420 -14 -20 0
74508 -421 14 0
74508 -421 21 0
74508 421 -14 -21 0
74508 -422 14 0
74508 -422 22 0
74508 422 -14 -22 0
74508 -423 14 0
74508 -423 23 0
74508 423 -14 -23 0
74508 -424 14 0
74508 -424 24 0
74508 424 -14 -24 0
74508 -425 14 0
74508 -425 25 0
74508 425 -14 -25 0
74508 -426 14 0
74508 -426 26 0
74508 426 -14 -26 0
74508 -427 14 0
74508 -427 27 0
74508 427 -14 -27 0
74508 -428 14 0
74508 -428 28 0
74508 428 -14 -28 0
74508 -429 14 0
74508 -429 29 0
74508 429 -14 -29 0
74508 -430 14 0
74508 -430 30 0
74508 430 -14 -30 0
74508 -431 14 0
74508 -431 31 0
74508 431 -14 -31 0
74508 -432 14 0
74508 -432 32 0
74508 432 -14 -32 0
74508 -433 14 0
74508 -433 33 0
74508 433 -14 -33 0
74508 -434 14 0
74508 -434 34 0
74508 434 -14 -34 0
74508 -435 14 0
74508 -435 35 0
74508 435 -14 -35 0
74508 -436 14 0
74508 -436 36 0
74508 436 -14 -36 0
74508 -437 15 0
74508 -437 16 0
74508 437 -15 -16 0
74508 -438 15 0
74508 -438 17 0
74508 438 -15 -17 0
74508 -439 15 0
74508 -439 18 0
74508 439 -15 -18 0
74508 -440 15 0
74508 -440 19 0
74508 440 -15 -19 0
74508 -441 15 0
74508 -441 20 0
74508 441 -15 -20 0
74508 -442 15 0
74508 -442 21 0
74508 442 -15 -21 0
74508 -443 15 0
74508 -443 22 0
74508 443 -15 -22 0
74508 -444 15 0
74508 -444 23 0
74508 444 -15 -23 0
74508 -445 15 0
74508 -445 24 0
74508 445 -15 -24 0
74508 -446 15 0
74508 -446 25 0
74508 446 -15 -25 0
74508 -447 15 0
74508 -447 26 0
74508 447 -15 -26 0
74508 -448 15 0
74508 -448 27 0
74508 448 -15 -27 0
74508 -449 15 0
74508 -449 28 0
74508 449 -15 -28 0
74508 -450 15 0
74508 -450 29 0
74508 450 -15 -29 0
74508 -451 15 0
74508 -451 30 0
74508 451 -15 -30 0
74508 -452 15 0
74508 -452 31 0
74508 452 -15 -31 0
74508 -453 15 0
74508 -453 32 0
74508 453 -15 -32 0
74508 -454 15 0
74508 -454 33 0
74508 454 -15 -33 0
74508 -455 15 0
74508 -455 34 0
74508 455 -15 -34 0
74508 -456 15 0
74508 -456 35 0
74508 456 -15 -35 0
74508 -457 15 0
74508 -457 36 0
74508 457 -15 -36 0
74508 -458 16 0
74508 -458 17 0
74508 458 -16 -17 0
74508 -459 16 0
74508 -459 18 0
74508 459 -16 -18 0
74508 -460 16 0
74508 -460 19 0
74508 460 -16 -19 0
74508 -461 16 0
74508 -461 20 0
74508 461 -16 -20 0
74508 -462 16 0
74508 -462 21 0
74508 462 -16 -21 0
74508 -463 16 0
74508 -463 22 0
74508 463 -16 -22 0
74508 -464 16 0
74508 -464 23 0
74508 464 -16 -23 0
74508 -465 16 0
74508 -465 24 0
74508 465 -16 -24 0
74508 -466 16 0
74508 -466 25 0
74508 466 -16 -25 0
74508 -467 16 0
74508 -467 26 0
74508 467 -16 -26 0
74508 -468 16 0
74508 -468 27 0
74508 468 -16 -27 0
74508 -469 16 0
74508 -469 28 0
74508 469 -16 -28 0
74508 -470 16 0
74508 -470 29 0
74508 470 -16 -29 0
74508 -471 16 0
74508 -471 30 0
74508 471 -16 -30 0
74508 -472 16 0
74508 -472 31 0
74508 472 -16 -31 0
74508 -473 16 0
74508 -473 32 0
74508 473 -16 -32 0
74508 -474 16 0
74508 -474 33 0
74508 474 -16 -33 0
74508 -475 16 0
74508 -475 34 0
74508 475 -16 -34 0
74508 -476 16 0
74508 -476 35 0
74508 476 -16 -35 0
74508 -477 16 0
74508 -477 36 0
74508 477 -16 -36 0
74508 -478 17 0
74508 -478 18 0
74508 478 -17 -18 0
74508 -479 17 0
74508 -479 19 0
74508 479 -17 -19 0
74508 -480 17 0
74508 -480 20 0
74508 480 -17 -20 0
74508 -481 17 0
74508 -481 21 0
74508 481 -17 -21 0
74508 -482 17 0
74508 -482 22 0
74508 482 -17 -22 0
74508 -483 17 0
74508 -483 23 0
74508 483 -17 -23 0
74508 -484 17 0
74508 -484 24 0
74508 484 -17 -24 0
74508 -485 17 0
74508 -485 25 0
74508 485 -17 -25 0
74508 -486 17 0
74508 -486 26 0
74508 486 -17 -26 0
74508 -487 17 0
74508 -487 27 0
74508 487 -17 -27 0
74508 -488 17 0
74508 -488 28 0
74508 488 -17 -28 0
74508 -489 17 0
74508 -489 29 0
74508 489 -17 -29 0
74508 -490 17 0
74508 -490 30 0
74508 490 -17 -30 0
74508 -491 17 0
74508 -491 31 0
74508 491 -17 -31 0
74508 -492 17 0
74508 -492 32 0
74508 492 -17 -32 0
74508 -493 17 0
74508 -493 33 0
74508 493 -17 -33 0
74508 -494 17 0
74508 -494 34 0
74508 494 -17 -34 0
74508 -495 17 0
74508 -495 35 0
74508 495 -17 -35 0
74508 -496 17 0
74508 -496 36 0
74508 496 -17 -36 0
74508 -497 18 0
74508 -497 19 0
74508 497 -18 -19 0
74508 -498 18 0
74508 -498 20 0
74508 498 -18 -20 0
74508 -499 18 0
74508 -499 21 0
74508 499 -18 -21 0
74508 -500 18 0
74508 -500 22 0
74508 500 -18 -22 0
74508 -501 18 0
74508 -501 23 0
74508 501 -18 -23 0
74508 -502 18 0
74508 -502 24 0
74508 502 -18 -24 0
74508 -503 18 0
74508 -503 25 0
74508 503 -18 -25 0
74508 -504 18 0
74508 -504 26 0
74508 504 -18 -26 0
74508 -505 18 0
74508 -505 27 0
74508 505 -18 -27 0
74508 -506 18 0
74508 -506 28 0
74508 506 -18 -28 0
74508 -507 18 0
74508 -507 29 0
74508 507 -18 -29 0
74508 -508 18 0
74508 -508 30 0
74508 508 -18 -30 0
74508 -509 18 0
74508 -509 31 0
74508 509 -18 -31 0
74508 -510 18 0
74508 -510 32 0
74508 510 -18 -32 0
74508 -511 18 0
74508 -511 33 0
74508 511 -18 -33 0
74508 -512 18 0
74508 -512 34 0
74508 512 -18 -34 0
74508 -513 18 0
74508 -513 35 0
74508 513 -18 -35 0
74508 -514 18 0
74508 -514 36 0
74508 514 -18 -36 0
74508 -515 19 0
74508 -515 20 0
74508 515 -19 -20 0
74508 -516 19 0
74508 -516 21 0
74508 516 -19 -21 0
74508 -517 19 0
74508 -517 22 0
74508 517 -19 -22 0
74508 -518 19 0
74508 -518 23 0
74508 518 -19 -23 0
74508 -519 19 0
74508 -519 24 0
74508 519 -19 -24 0
74508 -520 19 0
74508 -520 25 0
74508 520 -19 -25 0
74508 -521 19 0
74508 -521 26 0
74508 521 -19 -26 0
74508 -522 19 0
74508 -522 27 0
74508 522 -19 -27 0
74508 -523 19 0
74508 -523 28 0
74508 523 -19 -28 0
74508 -524 19 0
74508 -524 29 0
74508 524 -19 -29 0
74508 -525 19 0
74508 -525 30 0
74508 525 -19 -30 0
74508 -526 19 0
74508 -526 31 0
74508 526 -19 -31 0
74508 -527 19 0
74508 -527 32 0
74508 527 -19 -32 0
74508 -528 19 0
74508 -528 33 0
74508 528 -19 -33 0
74508 -529 19 0
74508 -529 34 0
74508 529 -19 -34 0
74508 -530 19 0
74508 -530 35 0
74508 530 -19 -35 0
74508 -531 19 0
74508 -531 36 0
74508 531 -19 -36 0
74508 -532 20 0
74508 -532 21 0
74508 532 -20 -21 0
74508 -533 20 0
74508 -533 22 0
74508 533 -20 -22 0
74508 -534 20 0
74508 -534 23 0
74508 534 -20 -23 0
74508 -535 20 0
74508 -535 24 0
74508 535 -20 -24 0
74508 -536 20 0
74508 -536 25 0
74508 536 -20 -25 0
74508 -537 20 0
74508 -537 26 0
74508 537 -20 -26 0
74508 -538 20 0
74508 -538 27 0
74508 538 -20 -27 0
74508 -539 20 0
74508 -539 28 0
74508 539 -20 -28 0
74508 -540 20 0
74508 -540 29 0
74508 540 -20 -29 0
74508 -541 20 0
74508 -541 30 0
74508 541 -20 -30 0
74508 -542 20 0
74508 -542 31 0
74508 542 -20 -31 0
74508 -543 20 0
74508 -543 32 0
74508 543 -20 -32 0
74508 -544 20 0
74508 -544 33 0
74508 544 -20 -33 0
74508 -545 20 0
74508 -545 34 0
74508 545 -20 -34 0
74508 -546 20 0
74508 -546 35 0
74508 546 -20 -35 0
74508 -547 20 0
74508 -547 36 0
74508 547 -20 -36 0
74508 -548 21 0
74508 -548 22 0
74508 548 -21 -22 0
74508 -549 21 0
74508 -549 23 0
74508 549 -21 -23 0
74508 -550 21 0
74508 -550 24 0
74508 550 -21 -24 0
74508 -551 21 0
74508 -551 25 0
74508 551 -21 -25 0
74508 -552 21 0
74508 -552 26 0
74508 552 -21 -26 0
74508 -553 21 0
74508 -553 27 0
74508 553 -21 -27 0
74508 -554 21 0
74508 -554 28 0
74508 554 -21 -28 0
74508 -555 21 0
74508 -555 29 0
74508 555 -21 -29 0
74508 -556 21 0
74508 -556 30 0
74508 556 -21 -30 0
74508 -557 21 0
74508 -557 31 0
74508 557 -21 -31 0
74508 -558 21 0
74508 -558 32 0
74508 558 -21 -32 0
74508 -559 21 0
74508 -559 33 0
74508 559 -21 -33 0
74508 -560 21 0
74508 -560 34 0
74508 560 -21 -34 0
74508 -561 21 0
74508 -561 35 0
74508 561 -21 -35 0
74508 -562 21 0
74508 -562 36 0
74508 562 -21 -36 0
74508 -563 22 0
74508 -563 23 0
74508 563 -22 -23 0
74508 -564 22 0
74508 -564 24 0
74508 564 -22 -24 0
74508 -565 22 0
74508 -565 25 0
74508 565 -22 -25 0
74508 -566 22 0
74508 -566 26 0
74508 566 -22 -26 0
74508 -567 22 0
74508 -567 27 0
74508 567 -22 -27 0
74508 -568 22 0
74508 -568 28 0
74508 568 -22 -28 0
74508 -569 22 0
74508 -569 29 0
74508 569 -22 -29 0
74508 -570 22 0
74508 -570 30 0
74508 570 -22 -30 0
74508 -571 22 0
74508 -571 31 0
74508 571 -22 -31 0
74508 -572 22 0
74508 -572 32 0
74508 572 -22 -32 0
74508 -573 22 0
74508 -573 33 0
74508 573 -22 -33 0
74508 -574 22 0
74508 -574 34 0
74508 574 -22 -34 0
74508 -575 22 0
74508 -575 35 0
74508 575 -22 -35 0
74508 -576 22 0
74508 -576 36 0
74508 576 -22 -36 0
74508 -577 23 0
74508 -577 24 0
74508 577 -23 -24 0
74508 -578 23 0
74508 -578 25 0
74508 578 -23 -25 0
74508 -579 23 0
74508 -579 26 0
74508 579 -23 -26 0
74508 -580 23 0
74508 -580 27 0
74508 580 -23 -27 0
74508 -581 23 0
74508 -581 28 0
74508 581 -23 -28 0
74508 -582 23 0
74508 -582 29 0
74508 582 -23 -29 0
74508 -583 23 0
74508 -583 30 0
74508 583 -23 -30 0
74508 -584 23 0
74508 -584 31 0
74508 584 -23 -31 0
74508 -585 23 0
74508 -585 32 0
74508 585 -23 -32 0
74508 -586 23 0
74508 -586 33 0
74508 586 -23 -33 0
74508 -587 23 0
74508 -587 34 0
74508 587 -23 -34 0
74508 -588 23 0
74508 -588 35 0
74508 588 -23 -35 0
74508 -589 23 0
74508 -589 36 0
74508 589 -23 -36 0
74508 -590 24 0
74508 -590 25 0
74508 590 -24 -25 0
74508 -591 24 0
74508 -591 26 0
74508 591 -24 -26 0
74508 -592 24 0
74508 -592 27 0
74508 592 -24 -27 0
74508 -593 24 0
74508 -593 28 0
74508 593 -24 -28 0
74508 -594 24 0
74508 -594 29 0
74508 594 -24 -29 0
74508 -595 24 0
74508 -595 30 0
74508 595 -24 -30 0
74508 -596 24 0
74508 -596 31 0
74508 596 -24 -31 0
74508 -597 24 0
74508 -597 32 0
74508 597 -24 -32 0
74508 -598 24 0
74508 -598 33 0
74508 598 -24 -33 0
74508 -599 24 0
74508 -599 34 0
74508 599 -24 -34 0
74508 -600 24 0
74508 -600 35 0
74508 600 -24 -35 0
74508 -601 24 0
74508 -601 36 0
74508 601 -24 -36 0
74508 -602 25 0
74508 -602 26 0
74508 602 -25 -26 0
74508 -603 25 0
74508 -603 27 0
74508 603 -25 -27 0
74508 -604 25 0
74508 -604 28 0
74508 604 -25 -28 0
74508 -605 25 0
74508 -605 29 0
74508 605 -25 -29 0
74508 -606 25 0
74508 -606 30 0
74508 606 -25 -30 0
74508 -607 25 0
74508 -607 31 0
74508 607 -25 -31 0
74508 -608 25 0
74508 -608 32 0
74508 608 -25 -32 0
74508 -609 25 0
74508 -609 33 0
74508 609 -25 -33 0
74508 -610 25 0
74508 -610 34 0
74508 610 -25 -34 0
74508 -611 25 0
74508 -611 35 0
74508 611 -25 -35 0
74508 -612 25 0
74508 -612 36 0
74508 612 -25 -36 0
74508 -613 26 0
74508 -613 27 0
74508 613 -26 -27 0
74508 -614 26 0
74508 -614 28 0
74508 614 -26 -28 0
74508 -615 26 0
74508 -615 29 0
74508 615 -26 -29 0
74508 -616 26 0
74508 -616 30 0
74508 616 -26 -30 0
74508 -617 26 0
74508 -617 31 0
74508 617 -26 -31 0
74508 -618 26 0
74508 -618 32 0
74508 618 -26 -32 0
74508 -619 26 0
74508 -619 33 0
74508 619 -26 -33 0
74508 -620 26 0
74508 -620 34 0
74508 620 -26 -34 0
74508 -621 26 0
74508 -621 35 0
74508 621 -26 -35 0
74508 -622 26 0
74508 -622 36 0
74508 622 -26 -36 0
74508 -623 27 0
74508 -623 28 0
74508 623 -27 -28 0
74508 -624 27 0
74508 -624 29 0
74508 624 -27 -29 0
74508 -625 27 0
74508 -625 30 0
74508 625 -27 -30 0
74508 -626 27 0
74508 -626 31 0
74508 626 -27 -31 0
74508 -627 27 0
74508 -627 32 0
74508 627 -27 -32 0
74508 -628 27 0
74508 -628 33 0
74508 628 -27 -33 0
74508 -629 27 0
74508 -629 34 0
74508 629 -27 -34 0
74508 -630 27 0
74508 -630 35 0
74508 630 -27 -35 0
74508 -631 27 0
74508 -631 36 0
74508 631 -27 -36 0
74508 -632 28 0
74508 -632 29 0
74508 632 -28 -29 0
74508 -633 28 0
74508 -633 30 0
74508 633 -28 -30 0
74508 -634 28 0
74508 -634 31 0
74508 634 -28 -31 0
74508 -635 28 0
74508 -635 32 0
74508 635 -28 -32 0
74508 -636 28 0
74508 -636 33 0
74508 636 -28 -33 0
74508 -637 28 0
74508 -637 34 0
74508 637 -28 -34 0
74508 -638 28 0
74508 -638 35 0
74508 638 -28 -35 0
74508 -639 28 0
74508 -639 36 0
74508 639 -28 -36 0
74508 -640 29 0
74508 -640 30 0
74508 640 -29 -30 0
74508 -641 29 0
74508 -641 31 0
74508 641 -29 -31 0
74508 -642 29 0
74508 -642 32 0
74508 642 -29 -32 0
74508 -643 29 0
74508 -643 33 0
74508 643 -29 -33 0
74508 -644 29 0
74508 -644 34 0
74508 644 -29 -34 0
74508 -645 29 0
74508 -645 35 0
74508 645 -29 -35 0
74508 -646 29 0
74508 -646 36 0
74508 646 -29 -36 0
74508 -647 30 0
74508 -647 31 0
74508 647 -30 -31 0
74508 -648 30 0
74508 -648 32 0
74508 648 -30 -32 0
74508 -649 30 0
74508 -649 33 0
74508 649 -30 -33 0
74508 -650 30 0
74508 -650 34 0
74508 650 -30 -34 0
74508 -651 30 0
74508 -651 35 0
74508 651 -30 -35 0
74508 -652 30 0
74508 -652 36 0
74508 652 -30 -36 0
74508 -653 31 0
74508 -653 32 0
74508 653 -31 -32 0
74508 -654 31 0
74508 -654 33 0
74508 654 -31 -33 0
74508 -655 31 0
74508 -655 34 0
74508 655 -31 -34 0
74508 -656 31 0
74508 -656 35 0
74508 656 -31 -35 0
74508 -657 31 0
74508 -657 36 0
74508 657 -31 -36 0
74508 -658 32 0
74508 -658 33 0
74508 658 -32 -33 0
74508 -659 32 0
74508 -659 34 0
74508 659 -32 -34 0
74508 -660 32 0
74508 -660 35 0
74508 660 -32 -35 0
74508 -661 32 0
74508 -661 36 0
74508 661 -32 -36 0
74508 -662 33 0
74508 -662 34 0
74508 662 -33 -34 0
74508 -663 33 0
74508 -663 35 0
74508 663 -33 -35 0
74508 -664 33 0
74508 -664 36 0
74508 664 -33 -36 0
74508 -665 34 0
74508 -665 35 0
74508 665 -34 -35 0
74508 -666 34 0
74508 -666 36 0
74508 666 -34 -36 0
74508 -667 35 0
74508 -667 36 0
74508 667 -35 -36 0
42678 1 0
74498 -1 0
64788 38 0
74498 -38 0
80448 39 0
74498 -39 0
86938 40 0
74498 -40 0
87324 41 0
74498 -41 0
82158 42 0
74498 -42 0
64602 43 0
74498 -43 0
68264 44 0
74498 -44 0
74630 45 0
74498 -45 0
78780 46 0
74498 -46 0
76046 47 0
74498 -47 0
81928 48 0
74498 -48 0
65078 49 0
74498 -49 0
69726 50 0
74498 -50 0
75556 51 0
74498 -51 0
67844 52 0
74498 -52 0
67414 53 0
74498 -53 0
69290 54 0
74498 -54 0
63620 55 0
74498 -55 0
70244 56 0
74498 -56 0
72732 57 0
74498 -57 0
87726 58 0
74498 -58 0
79148 59 0
74498 -59 0
66872 60 0
74498 -60 0
70370 61 0
74498 -61 0
72504 62 0
74498 -62 0
70130 63 0
74498 -63 0
75628 64 0
74498 -64 0
73572 65 0
74498 -65 0
74768 66 0
74498 -66 0
72700 67 0
74498 -67 0
72990 68 0
74498 -68 0
70284 69 0
74498 -69 0
77138 70 0
74498 -70 0
72618 71 0
74498 -71 0
78698 72 0
74498 -72 0
42641 2 0
74498 -2 0
76384 73 0
74498 -73 0
88698 74 0
74498 -74 0
82048 75 0
74498 -75 0
79778 76 0
74498 -76 0
65590 77 0
74498 -77 0
74548 78 0
74498 -78 0
68234 79 0
74498 -79 0
70746 80 0
74498 -80 0
80000 81 0
74498 -81 0
80928 82 0
74498 -82 0
85938 83 0
74498 -83 0
71334 84 0
74498 -84 0
72974 85 0
74498 -85 0
76854 86 0
74498 -86 0
60930 87 0
74498 -87 0
71850 88 0
74498 -88 0
73886 89 0
74498 -89 0
66574 90 0
74498 -90 0
75150 91 0
74498 -91 0
83922 92 0
74498 -92 0
77620 93 0
74498 -93 0
65570 94 0
74498 -94 0
78188 95 0
74498 -95 0
75804 96 0
74498 -96 0
71604 97 0
74498 -97 0
73382 98 0
74498 -98 0
68740 99 0
74498 -99 0
76962 100 0
74498 -100 0
65254 101 0
74498 -101 0
72208 102 0
74498 -102 0
73172 103 0
74498 -103 0
76730 104 0
74498 -104 0
74174 105 0
74498 -105 0
78278 106 0
74498 -106 0
49001 3 0
74498 -3 0
74906 107 0
74498 -107 0
70168 108 0
74498 -108 0
65834 109 0
74498 -109 0
70886 110 0
74498 -110 0
80354 111 0
74498 -111 0
76242 112 0
74498 -112 0
74582 113 0
74498 -113 0
75516 114 0
74498 -114 0
87424 115 0
74498 -115 0
69716 116 0
74498 -116 0
70868 117 0
74498 -117 0
71576 118 0
74498 -118 0
84714 119 0
74498 -119 0
69332 120 0
74498 -120 0
89812 121 0
74498 -121 0
72552 122 0
74498 -122 0
72956 123 0
74498 -123 0
77350 124 0
74498 -124 0
73080 125 0
74498 -125 0
71520 126 0
74498 -126 0
79134 127 0
74498 -127 0
70956 128 0
74498 -128 0
72474 129 0
74498 -129 0
76152 130 0
74498 -130 0
76580 131 0
74498 -131 0
74276 132 0
74498 -132 0
71844 133 0
74498 -133 0
74816 134 0
74498 -134 0
77532 135 0
74498 -135 0
75578 136 0
74498 -136 0
72320 137 0
74498 -137 0
74986 138 0
74498 -138 0
71306 139 0
74498 -139 0
48510 4 0
74498 -4 0
65562 140 0
74498 -140 0
59004 141 0
74498 -141 0
54520 142 0
74498 -142 0
80096 143 0
74498 -143 0
69800 144 0
74498 -144 0
71476 145 0
74498 -145 0
81546 146 0
74498 -146 0
84002 147 0
74498 -147 0
72722 148 0
74498 -148 0
70842 149 0
74498 -149 0
71056 150 0
74498 -150 0
83202 151 0
74498 -151 0
84436 152 0
74498 -152 0
86026 153 0
74498 -153 0
84046 154 0
74498 -154 0
80494 155 0
74498 -155 0
78688 156 0
74498 -156 0
62346 157 0
74498 -157 0
74026 158 0
74498 -158 0
81196 159 0
74498 -159 0
67352 160 0
74498 -160 0
79604 161 0
74498 -161 0
79544 162 0
74498 -162 0
70060 163 0
74498 -163 0
79882 164 0
74498 -164 0
71250 165 0
74498 -165 0
79976 166 0
74498 -166 0
80022 167 0
74498 -167 0
72702 168 0
74498 -168 0
73094 169 0
74498 -169 0
73586 170 0
74498 -170 0
72482 171 0
74498 -171 0
39730 5 0
74498 -5 0
65074 172 0
74498 -172 0
67916 173 0
74498 -173 0
84504 174 0
74498 -174 0
76088 175 0
74498 -175 0
83994 176 0
74498 -176 0
77270 177 0
74498 -177 0
80342 178 0
74498 -178 0
73848 179 0
74498 -179 0
68402 180 0
74498 -180 0
66840 181 0
74498 -181 0
81850 182 0
74498 -182 0
68764 183 0
74498 -183 0
70340 184 0
74498 -184 0
73778 185 0
74498 -185 0
75216 186 0
74498 -186 0
72574 187 0
74498 -187 0
79594 188 0
74498 -188 0
76834 189 0
74498 -189 0
76324 190 0
74498 -190 0
77874 191 0
74498 -191 0
72014 192 0
74498 -192 0
69612 193 0
74498 -193 0
69512 194 0
74498 -194 0
73196 195 0
74498 -195 0
71094 196 0
74498 -196 0
73248 197 0
74498 -197 0
79592 198 0
74498 -198 0
73514 199 0
74498 -199 0
73844 200 0
74498 -200 0
73658 201 0
74498 -201 0
72986 202 0
74498 -202 0
49907 6 0
74498 -6 0
84158 203 0
74498 -203 0
82894 204 0
74498 -204 0
54566 205 0
74498 -205 0
73108 206 0
74498 -206 0
74496 207 0
74498 -207 0
84706 208 0
74498 -208 0
84504 209 0
74498 -209 0
76208 210 0
74498 -210 0
67152 211 0
74498 -211 0
76548 212 0
74498 -212 0
64302 213 0
74498 -213 0
83482 214 0
74498 -214 0
75602 215 0
74498 -215 0
83214 216 0
74498 -216 0
60926 217 0
74498 -217 0
82210 218 0
74498 -218 0
70134 219 0
74498 -219 0
85080 220 0
74498 -220 0
66072 221 0
74498 -221 0
70956 222 0
74498 -222 0
68228 223 0
74498 -223 0
74450 224 0
74498 -224 0
74054 225 0
74498 -225 0
70116 226 0
74498 -226 0
79032 227 0
74498 -227 0
78114 228 0
74498 -228 0
77338 229 0
74498 -229 0
71984 230 0
74498 -230 0
76134 231 0
74498 -231 0
70382 232 0
74498 -232 0
48773 7 0
74498 -7 0
84574 233 0
74498 -233 0
55670 234 0
74498 -234 0
74116 235 0
74498 -235 0
79006 236 0
74498 -236 0
70570 237 0
74498 -237 0
79852 238 0
74498 -238 0
66452 239 0
74498 -239 0
76102 240 0
74498 -240 0
82868 241 0
74498 -241 0
72052 242 0
74498 -242 0
74924 243 0
74498 -243 0
79148 244 0
74498 -244 0
73432 245 0
74498 -245 0
76304 246 0
74498 -246 0
72650 247 0
74498 -247 0
75064 248 0
74498 -248 0
78010 249 0
74498 -249 0
71410 250 0
74498 -250 0
76306 251 0
74498 -251 0
69410 252 0
74498 -252 0
69292 253 0
74498 -253 0
73612 254 0
74498 -254 0
79302 255 0
74498 -255 0
75044 256 0
74498 -256 0
74560 257 0
74498 -257 0
76670 258 0
74498 -258 0
73082 259 0
74498 -259 0
75086 260 0
74498 -260 0
72230 261 0
74498 -261 0
49033 8 0
74498 -8 0
80824 262 0
74498 -262 0
62968 263 0
74498 -263 0
93666 264 0
74498 -264 0
70660 265 0
74498 -265 0
85920 266 0
74498 -266 0
67154 267 0
74498 -267 0
85388 268 0
74498 -268 0
72440 269 0
74498 -269 0
88048 270 0
74498 -270 0
69044 271 0
74498 -271 0
78776 272 0
74498 -272 0
77494 273 0
74498 -273 0
71150 274 0
74498 -274 0
74148 275 0
74498 -275 0
83370 276 0
74498 -276 0
75424 277 0
74498 -277 0
83120 278 0
74498 -278 0
76938 279 0
74498 -279 0
74532 280 0
74498 -280 0
71676 281 0
74498 -281 0
76244 282 0
74498 -282 0
79546 283 0
74498 -283 0
77630 284 0
74498 -284 0
66964 285 0
74498 -285 0
76618 286 0
74498 -286 0
77654 287 0
74498 -287 0
74766 288 0
74498 -288 0
77942 289 0
74498 -289 0
53636 9 0
74498 -9 0
80538 290 0
74498 -290 0
71684 291 0
74498 -291 0
76024 292 0
74498 -292 0
84782 293 0
74498 -293 0
74836 294 0
74498 -294 0
79572 295 0
74498 -295 0
70812 296 0
74498 -296 0
82690 297 0
74498 -297 0
79316 298 0
74498 -298 0
70954 299 0
74498 -299 0
71802 300 0
74498 -300 0
75992 301 0
74498 -301 0
77556 302 0
74498 -302 0
68340 303 0
74498 -303 0
74610 304 0
74498 -304 0
77124 305 0
74498 -305 0
72546 306 0
74498 -306 0
69322 307 0
74498 -307 0
70868 308 0
74498 -308 0
70912 309 0
74498 -309 0
85490 310 0
74498 -310 0
77430 311 0
74498 -311 0
67230 312 0
74498 -312 0
83634 313 0
74498 -313 0
73370 314 0
74498 -314 0
78090 315 0
74498 -315 0
71642 316 0
74498 -316 0
53314 10 0
74498 -10 0
83056 317 0
74498 -317 0
67586 318 0
74498 -318 0
89380 319 0
74498 -319 0
67890 320 0
74498 -320 0
78932 321 0
74498 -321 0
69292 322 0
74498 -322 0
71790 323 0
74498 -323 0
70650 324 0
74498 -324 0
82290 325 0
74498 -325 0
70080 326 0
74498 -326 0
75826 327 0
74498 -327 0
70448 328 0
74498 -328 0
80614 329 0
74498 -329 0
71690 330 0
74498 -330 0
79852 331 0
74498 -331 0
77042 332 0
74498 -332 0
72582 333 0
74498 -333 0
75368 334 0
74498 -334 0
75778 335 0
74498 -335 0
75940 336 0
74498 -336 0
70984 337 0
74498 -337 0
71640 338 0
74498 -338 0
73510 339 0
74498 -339 0
75854 340 0
74498 -340 0
73078 341 0
74498 -341 0
76094 342 0
74498 -342 0
38332 11 0
74498 -11 0
75402 343 0
74498 -343 0
62376 344 0
74498 -344 0
76122 345 0
74498 -345 0
78656 346 0
74498 -346 0
65004 347 0
74498 -347 0
65678 348 0
74498 -348 0
78202 349 0
74498 -349 0
77638 350 0
74498 -350 0
67088 351 0
74498 -351 0
72738 352 0
74498 -352 0
71516 353 0
74498 -353 0
79686 354 0
74498 -354 0
86140 355 0
74498 -355 0
76472 356 0
74498 -356 0
69582 357 0
74498 -357 0
79616 358 0
74498 -358 0
76490 359 0
74498 -359 0
71074 360 0
74498 -360 0
68256 361 0
74498 -361 0
67962 362 0
74498 -362 0
82866 363 0
74498 -363 0
67928 364 0
74498 -364 0
72818 365 0
74498 -365 0
72514 366 0
74498 -366 0
73826 367 0
74498 -367 0
42562 12 0
74498 -12 0
81630 368 0
74498 -368 0
59634 369 0
74498 -369 0
84596 370 0
74498 -370 0
69834 371 0
74498 -371 0
78498 372 0
74498 -372 0
63304 373 0
74498 -373 0
79812 374 0
74498 -374 0
80962 375 0
74498 -375 0
72926 376 0
74498 -376 0
81540 377 0
74498 -377 0
84594 378 0
74498 -378 0
69316 379 0
74498 -379 0
82622 380 0
74498 -380 0
65098 381 0
74498 -381 0
76604 382 0
74498 -382 0
77074 383 0
74498 -383 0
71144 384 0
74498 -384 0
80108 385 0
74498 -385 0
75064 386 0
74498 -386 0
73396 387 0
74498 -387 0
74214 388 0
74498 -388 0
73160 389 0
74498 -389 0
74698 390 0
74498 -390 0
73322 391 0
74498 -391 0
53251 13 0
74498 -13 0
80630 392 0
74498 -392 0
69722 393 0
74498 -393 0
73062 394 0
74498 -394 0
73638 395 0
74498 -395 0
66052 396 0
74498 -396 0
63396 397 0
74498 -397 0
77292 398 0
74498 -398 0
74706 399 0
74498 -399 0
71804 400 0
74498 -400 0
76704 401 0
74498 -401 0
73244 402 0
74498 -402 0
69534 403 0
74498 -403 0
71498 404 0
74498 -404 0
83362 405 0
74498 -405 0
80328 406 0
74498 -406 0
76752 407 0
74498 -407 0
69648 408 0
74498 -408 0
79550 409 0
74498 -409 0
78962 410 0
74498 -410 0
72028 411 0
74498 -411 0
72422 412 0
74498 -412 0
74490 413 0
74498 -413 0
72650 414 0
74498 -414 0
51323 14 0
74498 -14 0
83792 415 0
74498 -415 0
74044 416 0
74498 -416 0
84558 417 0
74498 -417 0
74578 418 0
74498 -418 0
71468 419 0
74498 -419 0
70796 420 0
74498 -420 0
77214 421 0
74498 -421 0
80846 422 0
74498 -422 0
86514 423 0
74498 -423 0
78272 424 0
74498 -424 0
78540 425 0
74498 -425 0
67720 426 0
74498 -426 0
75744 427 0
74498 -427 0
75034 428 0
74498 -428 0
72058 429 0
74498 -429 0
74182 430 0
74498 -430 0
72934 431 0
74498 -431 0
75920 432 0
74498 -432 0
67470 433 0
74498 -433 0
76124 434 0
74498 -434 0
71466 435 0
74498 -435 0
77690 436 0
74498 -436 0
65359 15 0
74498 -15 0
78110 437 0
74498 -437 0
64840 438 0
74498 -438 0
79774 439 0
74498 -439 0
83328 440 0
74498 -440 0
87596 441 0
74498 -441 0
70080 442 0
74498 -442 0
74436 443 0
74498 -443 0
71424 444 0
74498 -444 0
67182 445 0
74498 -445 0
65854 446 0
74498 -446 0
79692 447 0
74498 -447 0
69724 448 0
74498 -448 0
70172 449 0
74498 -449 0
79742 450 0
74498 -450 0
73528 451 0
74498 -451 0
79448 452 0
74498 -452 0
76474 453 0
74498 -453 0
75148 454 0
74498 -454 0
73970 455 0
74498 -455 0
73858 456 0
74498 -456 0
72818 457 0
74498 -457 0
45681 16 0
74498 -16 0
77692 458 0
74498 -458 0
65292 459 0
74498 -459 0
85306 460 0
74498 -460 0
82188 461 0
74498 -461 0
70776 462 0
74498 -462 0
83082 463 0
74498 -463 0
79842 464 0
74498 -464 0
74324 465 0
74498 -465 0
83120 466 0
74498 -466 0
64708 467 0
74498 -467 0
78322 468 0
74498 -468 0
71766 469 0
74498 -469 0
66874 470 0
74498 -470 0
74992 471 0
74498 -471 0
75664 472 0
74498 -472 0
77630 473 0
74498 -473 0
74728 474 0
74498 -474 0
73202 475 0
74498 -475 0
76042 476 0
74498 -476 0
73322 477 0
74498 -477 0
49171 17 0
74498 -17 0
73602 478 0
74498 -478 0
83550 479 0
74498 -479 0
83200 480 0
74498 -480 0
66494 481 0
74498 -481 0
84326 482 0
74498 -482 0
84488 483 0
74498 -483 0
69930 484 0
74498 -484 0
72240 485 0
74498 -485 0
77096 486 0
74498 -486 0
69214 487 0
74498 -487 0
72584 488 0
74498 -488 0
72756 489 0
74498 -489 0
67108 490 0
74498 -490 0
68026 491 0
74498 -491 0
82626 492 0
74498 -492 0
69734 493 0
74498 -493 0
73658 494 0
74498 -494 0
72786 495 0
74498 -495 0
74162 496 0
74498 -496 0
53360 18 0
74498 -18 0
65984 497 0
74498 -497 0
74930 498 0
74498 -498 0
68970 499 0
74498 -499 0
77656 500 0
74498 -500 0
74730 501 0
74498 -501 0
75260 502 0
74498 -502 0
84462 503 0
74498 -503 0
67684 504 0
74498 -504 0
73076 505 0
74498 -505 0
80824 506 0
74498 -506 0
72674 507 0
74498 -507 0
78812 508 0
74498 -508 0
74692 509 0
74498 -509 0
67018 510 0
74498 -510 0
78874 511 0
74498 -511 0
75140 512 0
74498 -512 0
76398 513 0
74498 -513 0
74918 514 0
74498 -514 0
68876 19 0
74498 -19 0
56386 515 0
74498 -515 0
80008 516 0
74498 -516 0
74690 517 0
74498 -517 0
62876 518 0
74498 -518 0
76110 519 0
74498 -519 0
71730 520 0
74498 -520 0
73914 521 0
74498 -521 0
73770 522 0
74498 -522 0
84128 523 0
74498 -523 0
75642 524 0
74498 -524 0
76478 525 0
74498 -525 0
72208 526 0
74498 -526 0
66160 527 0
74498 -527 0
77218 528 0
74498 -528 0
76424 529 0
74498 -529 0
75298 530 0
74498 -530 0
76850 531 0
74498 -531 0
59284 20 0
74498 -20 0
81732 532 0
74498 -532 0
68316 533 0
74498 -533 0
67822 534 0
74498 -534 0
73546 535 0
74498 -535 0
76892 536 0
74498 -536 0
74974 537 0
74498 -537 0
70502 538 0
74498 -538 0
74514 539 0
74498 -539 0
69812 540 0
74498 -540 0
79948 541 0
74498 -541 0
67726 542 0
74498 -542 0
69468 543 0
74498 -543 0
75012 544 0
74498 -544 0
75950 545 0
74498 -545 0
74254 546 0
74498 -546 0
76598 547 0
74498 -547 0
66557 21 0
74498 -21 0
79764 548 0
74498 -548 0
78670 549 0
74498 -549 0
84662 550 0
74498 -550 0
71080 551 0
74498 -551 0
71282 552 0
74498 -552 0
67266 553 0
74498 -553 0
73366 554 0
74498 -554 0
73466 555 0
74498 -555 0
73240 556 0
74498 -556 0
81498 557 0
74498 -557 0
74820 558 0
74498 -558 0
77482 559 0
74498 -559 0
72884 560 0
74498 -560 0
76450 561 0
74498 -561 0
71810 562 0
74498 -562 0
71428 22 0
74498 -22 0
69406 563 0
74498 -563 0
81012 564 0
74498 -564 0
70486 565 0
74498 -565 0
81308 566 0
74498 -566 0
78504 567 0
74498 -567 0
77420 568 0
74498 -568 0
83710 569 0
74498 -569 0
77490 570 0
74498 -570 0
79502 571 0
74498 -571 0
69790 572 0
74498 -572 0
75496 573 0
74498 -573 0
74708 574 0
74498 -574 0
73510 575 0
74498 -575 0
74078 576 0
74498 -576 0
70592 23 0
74498 -23 0
79876 577 0
74498 -577 0
71406 578 0
74498 -578 0
73536 579 0
74498 -579 0
75504 580 0
74498 -580 0
79718 581 0
74498 -581 0
72918 582 0
74498 -582 0
77106 583 0
74498 -583 0
73332 584 0
74498 -584 0
69716 585 0
74498 -585 0
83678 586 0
74498 -586 0
72692 587 0
74498 -587 0
78738 588 0
74498 -588 0
71138 589 0
74498 -589 0
61066 24 0
74498 -24 0
75848 590 0
74498 -590 0
79450 591 0
74498 -591 0
71156 592 0
74498 -592 0
69370 593 0
74498 -593 0
75714 594 0
74498 -594 0
79098 595 0
74498 -595 0
72172 596 0
74498 -596 0
73056 597 0
74498 -597 0
71348 598 0
74498 -598 0
77060 599 0
74498 -599 0
72074 600 0
74498 -600 0
78026 601 0
74498 -601 0
80354 25 0
74498 -25 0
80290 602 0
74498 -602 0
71174 603 0
74498 -603 0
74054 604 0
74498 -604 0
81416 605 0
74498 -605 0
71036 606 0
74498 -606 0
81004 607 0
74498 -607 0
77010 608 0
74498 -608 0
71610 609 0
74498 -609 0
74366 610 0
74498 -610 0
72922 611 0
74498 -611 0
74330 612 0
74498 -612 0
58865 26 0
74498 -26 0
80014 613 0
74498 -613 0
77494 614 0
74498 -614 0
66752 615 0
74498 -615 0
74204 616 0
74498 -616 0
73446 617 0
74498 -617 0
77920 618 0
74498 -618 0
75616 619 0
74498 -619 0
71720 620 0
74498 -620 0
76466 621 0
74498 -621 0
71474 622 0
74498 -622 0
75255 27 0
74498 -27 0
69416 623 0
74498 -623 0
76196 624 0
74498 -624 0
78060 625 0
74498 -625 0
77014 626 0
74498 -626 0
69514 627 0
74498 -627 0
76862 628 0
74498 -628 0
76310 629 0
74498 -629 0
74346 630 0
74498 -630 0
75674 631 0
74498 -631 0
65940 28 0
74498 -28 0
71368 632 0
74498 -632 0
76148 633 0
74498 -633 0
76268 634 0
74498 -634 0
78098 635 0
74498 -635 0
73904 636 0
74498 -636 0
74246 637 0
74498 -637 0
74378 638 0
74498 -638 0
73994 639 0
74498 -639 0
57458 29 0
74498 -29 0
75030 640 0
74498 -640 0
69460 641 0
74498 -641 0
78676 642 0
74498 -642 0
77386 643 0
74498 -643 0
71840 644 0
74498 -644 0
77658 645 0
74498 -645 0
71642 646 0
74498 -646 0
64976 30 0
74498 -30 0
71468 647 0
74498 -647 0
82614 648 0
74498 -648 0
68574 649 0
74498 -649 0
74246 650 0
74498 -650 0
72690 651 0
74498 -651 0
75170 652 0
74498 -652 0
59627 31 0
74498 -31 0
76984 653 0
74498 -653 0
72174 654 0
74498 -654 0
75236 655 0
74498 -655 0
73882 656 0
74498 -656 0
76346 657 0
74498 -657 0
77847 32 0
74498 -32 0
80596 658 0
74498 -658 0
76754 659 0
74498 -659 0
75670 660 0
74498 -660 0
76094 661 0
74498 -661 0
66490 33 0
74498 -33 0
76166 662 0
74498 -662 0
70062 663 0
74498 -663 0
77942 664 0
74498 -664 0
71468 34 0
74498 -34 0
75914 665 0
74498 -665 0
71978 666 0
74498 -666 0
73646 35 0
74498 -35 0
76682 667 0
74498 -667 0
71390 36 0
74498 -36 0
