c
c Generated WCNF file
c
p wcnf 1177 5737 97624
97624 49 0
97624 -50 1 0
97624 -50 2 0
97624 50 -1 -2 0
97624 -51 1 0
97624 -51 3 0
97624 51 -1 -3 0
97624 -52 1 0
97624 -52 4 0
97624 52 -1 -4 0
97624 -53 1 0
97624 -53 5 0
97624 53 -1 -5 0
97624 -54 1 0
97624 -54 6 0
97624 54 -1 -6 0
97624 -55 1 0
97624 -55 7 0
97624 55 -1 -7 0
97624 -56 1 0
97624 -56 8 0
97624 56 -1 -8 0
97624 -57 1 0
97624 -57 9 0
97624 57 -1 -9 0
97624 -58 1 0
97624 -58 10 0
97624 58 -1 -10 0
97624 -59 1 0
97624 -59 11 0
97624 59 -1 -11 0
97624 -60 1 0
97624 -60 12 0
97624 60 -1 -12 0
97624 -61 1 0
97624 -61 13 0
97624 61 -1 -13 0
97624 -62 1 0
97624 -62 14 0
97624 62 -1 -14 0
97624 -63 1 0
97624 -63 15 0
97624 63 -1 -15 0
97624 -64 1 0
97624 -64 16 0
97624 64 -1 -16 0
97624 -65 1 0
97624 -65 17 0
97624 65 -1 -17 0
97624 -66 1 0
97624 -66 18 0
97624 66 -1 -18 0
97624 -67 1 0
97624 -67 19 0
97624 67 -1 -19 0
97624 -68 1 0
97624 -68 20 0
97624 68 -1 -20 0
97624 -69 1 0
97624 -69 21 0
97624 69 -1 -21 0
97624 -70 1 0
97624 -70 22 0
97624 70 -1 -22 0
97624 -71 1 0
97624 -71 23 0
97624 71 -1 -23 0
97624 -72 1 0
97624 -72 24 0
97624 72 -1 -24 0
97624 -73 1 0
97624 -73 25 0
97624 73 -1 -25 0
97624 -74 1 0
97624 -74 26 0
97624 74 -1 -26 0
97624 -75 1 0
97624 -75 27 0
97624 75 -1 -27 0
97624 -76 1 0
97624 -76 28 0
97624 76 -1 -28 0
97624 -77 1 0
97624 -77 29 0
97624 77 -1 -29 0
97624 -78 1 0
97624 -78 30 0
97624 78 -1 -30 0
97624 -79 1 0
97624 -79 31 0
97624 79 -1 -31 0
97624 -80 1 0
97624 -80 32 0
97624 80 -1 -32 0
97624 -81 1 0
97624 -81 33 0
97624 81 -1 -33 0
97624 -82 1 0
97624 -82 34 0
97624 82 -1 -34 0
97624 -83 1 0
97624 -83 35 0
97624 83 -1 -35 0
97624 -84 1 0
97624 -84 36 0
97624 84 -1 -36 0
97624 -85 1 0
97624 -85 37 0
97624 85 -1 -37 0
97624 -86 1 0
97624 -86 38 0
97624 86 -1 -38 0
97624 -87 1 0
97624 -87 39 0
97624 87 -1 -39 0
97624 -88 1 0
97624 -88 40 0
97624 88 -1 -40 0
97624 -89 1 0
97624 -89 41 0
97624 89 -1 -41 0
97624 -90 1 0
97624 -90 42 0
97624 90 -1 -42 0
97624 -91 1 0
97624 -91 43 0
97624 91 -1 -43 0
97624 -92 1 0
97624 -92 44 0
97624 92 -1 -44 0
97624 -93 1 0
97624 -93 45 0
97624 93 -1 -45 0
97624 -94 1 0
97624 -94 46 0
97624 94 -1 -46 0
97624 -95 1 0
97624 -95 47 0
97624 95 -1 -47 0
97624 -96 1 0
97624 -96 48 0
97624 96 -1 -48 0
97624 -97 2 0
97624 -97 3 0
97624 97 -2 -3 0
97624 -98 2 0
97624 -98 4 0
97624 98 -2 -4 0
97624 -99 2 0
97624 -99 5 0
97624 99 -2 -5 0
97624 -100 2 0
97624 -100 6 0
97624 100 -2 -6 0
97624 -101 2 0
97624 -101 7 0
97624 101 -2 -7 0
97624 -102 2 0
97624 -102 8 0
97624 102 -2 -8 0
97624 -103 2 0
97624 -103 9 0
97624 103 -2 -9 0
97624 -104 2 0
97624 -104 10 0
97624 104 -2 -10 0
97624 -105 2 0
97624 -105 11 0
97624 105 -2 -11 0
97624 -106 2 0
97624 -106 12 0
97624 106 -2 -12 0
97624 -107 2 0
97624 -107 13 0
97624 107 -2 -13 0
97624 -108 2 0
97624 -108 14 0
97624 108 -2 -14 0
97624 -109 2 0
97624 -109 15 0
97624 109 -2 -15 0
97624 -110 2 0
97624 -110 16 0
97624 110 -2 -16 0
97624 -111 2 0
97624 -111 17 0
97624 111 -2 -17 0
97624 -112 2 0
97624 -112 18 0
97624 112 -2 -18 0
97624 -113 2 0
97624 -113 19 0
97624 113 -2 -19 0
97624 -114 2 0
97624 -114 20 0
97624 114 -2 -20 0
97624 -115 2 0
97624 -115 21 0
97624 115 -2 -21 0
97624 -116 2 0
97624 -116 22 0
97624 116 -2 -22 0
97624 -117 2 0
97624 -117 23 0
97624 117 -2 -23 0
97624 -118 2 0
97624 -118 24 0
97624 118 -2 -24 0
97624 -119 2 0
97624 -119 25 0
97624 119 -2 -25 0
97624 -120 2 0
97624 -120 26 0
97624 120 -2 -26 0
97624 -121 2 0
97624 -121 27 0
97624 121 -2 -27 0
97624 -122 2 0
97624 -122 28 0
97624 122 -2 -28 0
97624 -123 2 0
97624 -123 29 0
97624 123 -2 -29 0
97624 -124 2 0
97624 -124 30 0
97624 124 -2 -30 0
97624 -125 2 0
97624 -125 31 0
97624 125 -2 -31 0
97624 -126 2 0
97624 -126 32 0
97624 126 -2 -32 0
97624 -127 2 0
97624 -127 33 0
97624 127 -2 -33 0
97624 -128 2 0
97624 -128 34 0
97624 128 -2 -34 0
97624 -129 2 0
97624 -129 35 0
97624 129 -2 -35 0
97624 -130 2 0
97624 -130 36 0
97624 130 -2 -36 0
97624 -131 2 0
97624 -131 37 0
97624 131 -2 -37 0
97624 -132 2 0
97624 -132 38 0
97624 132 -2 -38 0
97624 -133 2 0
97624 -133 39 0
97624 133 -2 -39 0
97624 -134 2 0
97624 -134 40 0
97624 134 -2 -40 0
97624 -135 2 0
97624 -135 41 0
97624 135 -2 -41 0
97624 -136 2 0
97624 -136 42 0
97624 136 -2 -42 0
97624 -137 2 0
97624 -137 43 0
97624 137 -2 -43 0
97624 -138 2 0
97624 -138 44 0
97624 138 -2 -44 0
97624 -139 2 0
97624 -139 45 0
97624 139 -2 -45 0
97624 -140 2 0
97624 -140 46 0
97624 140 -2 -46 0
97624 -141 2 0
97624 -141 47 0
97624 141 -2 -47 0
97624 -142 2 0
97624 -142 48 0
97624 142 -2 -48 0
97624 -143 3 0
97624 -143 4 0
97624 143 -3 -4 0
97624 -144 3 0
97624 -144 5 0
97624 144 -3 -5 0
97624 -145 3 0
97624 -145 6 0
97624 145 -3 -6 0
97624 -146 3 0
97624 -146 7 0
97624 146 -3 -7 0
97624 -147 3 0
97624 -147 8 0
97624 147 -3 -8 0
97624 -148 3 0
97624 -148 9 0
97624 148 -3 -9 0
97624 -149 3 0
97624 -149 10 0
97624 149 -3 -10 0
97624 -150 3 0
97624 -150 11 0
97624 150 -3 -11 0
97624 -151 3 0
97624 -151 12 0
97624 151 -3 -12 0
97624 -152 3 0
97624 -152 13 0
97624 152 -3 -13 0
97624 -153 3 0
97624 -153 14 0
97624 153 -3 -14 0
97624 -154 3 0
97624 -154 15 0
97624 154 -3 -15 0
97624 -155 3 0
97624 -155 16 0
97624 155 -3 -16 0
97624 -156 3 0
97624 -156 17 0
97624 156 -3 -17 0
97624 -157 3 0
97624 -157 18 0
97624 157 -3 -18 0
97624 -158 3 0
97624 -158 19 0
97624 158 -3 -19 0
97624 -159 3 0
97624 -159 20 0
97624 159 -3 -20 0
97624 -160 3 0
97624 -160 21 0
97624 160 -3 -21 0
97624 -161 3 0
97624 -161 22 0
97624 161 -3 -22 0
97624 -162 3 0
97624 -162 23 0
97624 162 -3 -23 0
97624 -163 3 0
97624 -163 24 0
97624 163 -3 -24 0
97624 -164 3 0
97624 -164 25 0
97624 164 -3 -25 0
97624 -165 3 0
97624 -165 26 0
97624 165 -3 -26 0
97624 -166 3 0
97624 -166 27 0
97624 166 -3 -27 0
97624 -167 3 0
97624 -167 28 0
97624 167 -3 -28 0
97624 -168 3 0
97624 -168 29 0
97624 168 -3 -29 0
97624 -169 3 0
97624 -169 30 0
97624 169 -3 -30 0
97624 -170 3 0
97624 -170 31 0
97624 170 -3 -31 0
97624 -171 3 0
97624 -171 32 0
97624 171 -3 -32 0
97624 -172 3 0
97624 -172 33 0
97624 172 -3 -33 0
97624 -173 3 0
97624 -173 34 0
97624 173 -3 -34 0
97624 -174 3 0
97624 -174 35 0
97624 174 -3 -35 0
97624 -175 3 0
97624 -175 36 0
97624 175 -3 -36 0
97624 -176 3 0
97624 -176 37 0
97624 176 -3 -37 0
97624 -177 3 0
97624 -177 38 0
97624 177 -3 -38 0
97624 -178 3 0
97624 -178 39 0
97624 178 -3 -39 0
97624 -179 3 0
97624 -179 40 0
97624 179 -3 -40 0
97624 -180 3 0
97624 -180 41 0
97624 180 -3 -41 0
97624 -181 3 0
97624 -181 42 0
97624 181 -3 -42 0
97624 -182 3 0
97624 -182 43 0
97624 182 -3 -43 0
97624 -183 3 0
97624 -183 44 0
97624 183 -3 -44 0
97624 -184 3 0
97624 -184 45 0
97624 184 -3 -45 0
97624 -185 3 0
97624 -185 46 0
97624 185 -3 -46 0
97624 -186 3 0
97624 -186 47 0
97624 186 -3 -47 0
97624 -187 3 0
97624 -187 48 0
97624 187 -3 -48 0
97624 -188 4 0
97624 -188 5 0
97624 188 -4 -5 0
97624 -189 4 0
97624 -189 6 0
97624 189 -4 -6 0
97624 -190 4 0
97624 -190 7 0
97624 190 -4 -7 0
97624 -191 4 0
97624 -191 8 0
97624 191 -4 -8 0
97624 -192 4 0
97624 -192 9 0
97624 192 -4 -9 0
97624 -193 4 0
97624 -193 10 0
97624 193 -4 -10 0
97624 -194 4 0
97624 -194 11 0
97624 194 -4 -11 0
97624 -195 4 0
97624 -195 12 0
97624 195 -4 -12 0
97624 -196 4 0
97624 -196 13 0
97624 196 -4 -13 0
97624 -197 4 0
97624 -197 14 0
97624 197 -4 -14 0
97624 -198 4 0
97624 -198 15 0
97624 198 -4 -15 0
97624 -199 4 0
97624 -199 16 0
97624 199 -4 -16 0
97624 -200 4 0
97624 -200 17 0
97624 200 -4 -17 0
97624 -201 4 0
97624 -201 18 0
97624 201 -4 -18 0
97624 -202 4 0
97624 -202 19 0
97624 202 -4 -19 0
97624 -203 4 0
97624 -203 20 0
97624 203 -4 -20 0
97624 -204 4 0
97624 -204 21 0
97624 204 -4 -21 0
97624 -205 4 0
97624 -205 22 0
97624 205 -4 -22 0
97624 -206 4 0
97624 -206 23 0
97624 206 -4 -23 0
97624 -207 4 0
97624 -207 24 0
97624 207 -4 -24 0
97624 -208 4 0
97624 -208 25 0
97624 208 -4 -25 0
97624 -209 4 0
97624 -209 26 0
97624 209 -4 -26 0
97624 -210 4 0
97624 -210 27 0
97624 210 -4 -27 0
97624 -211 4 0
97624 -211 28 0
97624 211 -4 -28 0
97624 -212 4 0
97624 -212 29 0
97624 212 -4 -29 0
97624 -213 4 0
97624 -213 30 0
97624 213 -4 -30 0
97624 -214 4 0
97624 -214 31 0
97624 214 -4 -31 0
97624 -215 4 0
97624 -215 32 0
97624 215 -4 -32 0
97624 -216 4 0
97624 -216 33 0
97624 216 -4 -33 0
97624 -217 4 0
97624 -217 34 0
97624 217 -4 -34 0
97624 -218 4 0
97624 -218 35 0
97624 218 -4 -35 0
97624 -219 4 0
97624 -219 36 0
97624 219 -4 -36 0
97624 -220 4 0
97624 -220 37 0
97624 220 -4 -37 0
97624 -221 4 0
97624 -221 38 0
97624 221 -4 -38 0
97624 -222 4 0
97624 -222 39 0
97624 222 -4 -39 0
97624 -223 4 0
97624 -223 40 0
97624 223 -4 -40 0
97624 -224 4 0
97624 -224 41 0
97624 224 -4 -41 0
97624 -225 4 0
97624 -225 42 0
97624 225 -4 -42 0
97624 -226 4 0
97624 -226 43 0
97624 226 -4 -43 0
97624 -227 4 0
97624 -227 44 0
97624 227 -4 -44 0
97624 -228 4 0
97624 -228 45 0
97624 228 -4 -45 0
97624 -229 4 0
97624 -229 46 0
97624 229 -4 -46 0
97624 -230 4 0
97624 -230 47 0
97624 230 -4 -47 0
97624 -231 4 0
97624 -231 48 0
97624 231 -4 -48 0
97624 -232 5 0
97624 -232 6 0
97624 232 -5 -6 0
97624 -233 5 0
97624 -233 7 0
97624 233 -5 -7 0
97624 -234 5 0
97624 -234 8 0
97624 234 -5 -8 0
97624 -235 5 0
97624 -235 9 0
97624 235 -5 -9 0
97624 -236 5 0
97624 -236 10 0
97624 236 -5 -10 0
97624 -237 5 0
97624 -237 11 0
97624 237 -5 -11 0
97624 -238 5 0
97624 -238 12 0
97624 238 -5 -12 0
97624 -239 5 0
97624 -239 13 0
97624 239 -5 -13 0
97624 -240 5 0
97624 -240 14 0
97624 240 -5 -14 0
97624 -241 5 0
97624 -241 15 0
97624 241 -5 -15 0
97624 -242 5 0
97624 -242 16 0
97624 242 -5 -16 0
97624 -243 5 0
97624 -243 17 0
97624 243 -5 -17 0
97624 -244 5 0
97624 -244 18 0
97624 244 -5 -18 0
97624 -245 5 0
97624 -245 19 0
97624 245 -5 -19 0
97624 -246 5 0
97624 -246 20 0
97624 246 -5 -20 0
97624 -247 5 0
97624 -247 21 0
97624 247 -5 -21 0
97624 -248 5 0
97624 -248 22 0
97624 248 -5 -22 0
97624 -249 5 0
97624 -249 23 0
97624 249 -5 -23 0
97624 -250 5 0
97624 -250 24 0
97624 250 -5 -24 0
97624 -251 5 0
97624 -251 25 0
97624 251 -5 -25 0
97624 -252 5 0
97624 -252 26 0
97624 252 -5 -26 0
97624 -253 5 0
97624 -253 27 0
97624 253 -5 -27 0
97624 -254 5 0
97624 -254 28 0
97624 254 -5 -28 0
97624 -255 5 0
97624 -255 29 0
97624 255 -5 -29 0
97624 -256 5 0
97624 -256 30 0
97624 256 -5 -30 0
97624 -257 5 0
97624 -257 31 0
97624 257 -5 -31 0
97624 -258 5 0
97624 -258 32 0
97624 258 -5 -32 0
97624 -259 5 0
97624 -259 33 0
97624 259 -5 -33 0
97624 -260 5 0
97624 -260 34 0
97624 260 -5 -34 0
97624 -261 5 0
97624 -261 35 0
97624 261 -5 -35 0
97624 -262 5 0
97624 -262 36 0
97624 262 -5 -36 0
97624 -263 5 0
97624 -263 37 0
97624 263 -5 -37 0
97624 -264 5 0
97624 -264 38 0
97624 264 -5 -38 0
97624 -265 5 0
97624 -265 39 0
97624 265 -5 -39 0
97624 -266 5 0
97624 -266 40 0
97624 266 -5 -40 0
97624 -267 5 0
97624 -267 41 0
97624 267 -5 -41 0
97624 -268 5 0
97624 -268 42 0
97624 268 -5 -42 0
97624 -269 5 0
97624 -269 43 0
97624 269 -5 -43 0
97624 -270 5 0
97624 -270 44 0
97624 270 -5 -44 0
97624 -271 5 0
97624 -271 45 0
97624 271 -5 -45 0
97624 -272 5 0
97624 -272 46 0
97624 272 -5 -46 0
97624 -273 5 0
97624 -273 47 0
97624 273 -5 -47 0
97624 -274 5 0
97624 -274 48 0
97624 274 -5 -48 0
97624 -275 6 0
97624 -275 7 0
97624 275 -6 -7 0
97624 -276 6 0
97624 -276 8 0
97624 276 -6 -8 0
97624 -277 6 0
97624 -277 9 0
97624 277 -6 -9 0
97624 -278 6 0
97624 -278 10 0
97624 278 -6 -10 0
97624 -279 6 0
97624 -279 11 0
97624 279 -6 -11 0
97624 -280 6 0
97624 -280 12 0
97624 280 -6 -12 0
97624 -281 6 0
97624 -281 13 0
97624 281 -6 -13 0
97624 -282 6 0
97624 -282 14 0
97624 282 -6 -14 0
97624 -283 6 0
97624 -283 15 0
97624 283 -6 -15 0
97624 -284 6 0
97624 -284 16 0
97624 284 -6 -16 0
97624 -285 6 0
97624 -285 17 0
97624 285 -6 -17 0
97624 -286 6 0
97624 -286 18 0
97624 286 -6 -18 0
97624 -287 6 0
97624 -287 19 0
97624 287 -6 -19 0
97624 -288 6 0
97624 -288 20 0
97624 288 -6 -20 0
97624 -289 6 0
97624 -289 21 0
97624 289 -6 -21 0
97624 -290 6 0
97624 -290 22 0
97624 290 -6 -22 0
97624 -291 6 0
97624 -291 23 0
97624 291 -6 -23 0
97624 -292 6 0
97624 -292 24 0
97624 292 -6 -24 0
97624 -293 6 0
97624 -293 25 0
97624 293 -6 -25 0
97624 -294 6 0
97624 -294 26 0
97624 294 -6 -26 0
97624 -295 6 0
97624 -295 27 0
97624 295 -6 -27 0
97624 -296 6 0
97624 -296 28 0
97624 296 -6 -28 0
97624 -297 6 0
97624 -297 29 0
97624 297 -6 -29 0
97624 -298 6 0
97624 -298 30 0
97624 298 -6 -30 0
97624 -299 6 0
97624 -299 31 0
97624 299 -6 -31 0
97624 -300 6 0
97624 -300 32 0
97624 300 -6 -32 0
97624 -301 6 0
97624 -301 33 0
97624 301 -6 -33 0
97624 -302 6 0
97624 -302 34 0
97624 302 -6 -34 0
97624 -303 6 0
97624 -303 35 0
97624 303 -6 -35 0
97624 -304 6 0
97624 -304 36 0
97624 304 -6 -36 0
97624 -305 6 0
97624 -305 37 0
97624 305 -6 -37 0
97624 -306 6 0
97624 -306 38 0
97624 306 -6 -38 0
97624 -307 6 0
97624 -307 39 0
97624 307 -6 -39 0
97624 -308 6 0
97624 -308 40 0
97624 308 -6 -40 0
97624 -309 6 0
97624 -309 41 0
97624 309 -6 -41 0
97624 -310 6 0
97624 -310 42 0
97624 310 -6 -42 0
97624 -311 6 0
97624 -311 43 0
97624 311 -6 -43 0
97624 -312 6 0
97624 -312 44 0
97624 312 -6 -44 0
97624 -313 6 0
97624 -313 45 0
97624 313 -6 -45 0
97624 -314 6 0
97624 -314 46 0
97624 314 -6 -46 0
97624 -315 6 0
97624 -315 47 0
97624 315 -6 -47 0
97624 -316 6 0
97624 -316 48 0
97624 316 -6 -48 0
97624 -317 7 0
97624 -317 8 0
97624 317 -7 -8 0
97624 -318 7 0
97624 -318 9 0
97624 318 -7 -9 0
97624 -319 7 0
97624 -319 10 0
97624 319 -7 -10 0
97624 -320 7 0
97624 -320 11 0
97624 320 -7 -11 0
97624 -321 7 0
97624 -321 12 0
97624 321 -7 -12 0
97624 -322 7 0
97624 -322 13 0
97624 322 -7 -13 0
97624 -323 7 0
97624 -323 14 0
97624 323 -7 -14 0
97624 -324 7 0
97624 -324 15 0
97624 324 -7 -15 0
97624 -325 7 0
97624 -325 16 0
97624 325 -7 -16 0
97624 -326 7 0
97624 -326 17 0
97624 326 -7 -17 0
97624 -327 7 0
97624 -327 18 0
97624 327 -7 -18 0
97624 -328 7 0
97624 -328 19 0
97624 328 -7 -19 0
97624 -329 7 0
97624 -329 20 0
97624 329 -7 -20 0
97624 -330 7 0
97624 -330 21 0
97624 330 -7 -21 0
97624 -331 7 0
97624 -331 22 0
97624 331 -7 -22 0
97624 -332 7 0
97624 -332 23 0
97624 332 -7 -23 0
97624 -333 7 0
97624 -333 24 0
97624 333 -7 -24 0
97624 -334 7 0
97624 -334 25 0
97624 334 -7 -25 0
97624 -335 7 0
97624 -335 26 0
97624 335 -7 -26 0
97624 -336 7 0
97624 -336 27 0
97624 336 -7 -27 0
97624 -337 7 0
97624 -337 28 0
97624 337 -7 -28 0
97624 -338 7 0
97624 -338 29 0
97624 338 -7 -29 0
97624 -339 7 0
97624 -339 30 0
97624 339 -7 -30 0
97624 -340 7 0
97624 -340 31 0
97624 340 -7 -31 0
97624 -341 7 0
97624 -341 32 0
97624 341 -7 -32 0
97624 -342 7 0
97624 -342 33 0
97624 342 -7 -33 0
97624 -343 7 0
97624 -343 34 0
97624 343 -7 -34 0
97624 -344 7 0
97624 -344 35 0
97624 344 -7 -35 0
97624 -345 7 0
97624 -345 36 0
97624 345 -7 -36 0
97624 -346 7 0
97624 -346 37 0
97624 346 -7 -37 0
97624 -347 7 0
97624 -347 38 0
97624 347 -7 -38 0
97624 -348 7 0
97624 -348 39 0
97624 348 -7 -39 0
97624 -349 7 0
97624 -349 40 0
97624 349 -7 -40 0
97624 -350 7 0
97624 -350 41 0
97624 350 -7 -41 0
97624 -351 7 0
97624 -351 42 0
97624 351 -7 -42 0
97624 -352 7 0
97624 -352 43 0
97624 352 -7 -43 0
97624 -353 7 0
97624 -353 44 0
97624 353 -7 -44 0
97624 -354 7 0
97624 -354 45 0
97624 354 -7 -45 0
97624 -355 7 0
97624 -355 46 0
97624 355 -7 -46 0
97624 -356 7 0
97624 -356 47 0
97624 356 -7 -47 0
97624 -357 7 0
97624 -357 48 0
97624 357 -7 -48 0
97624 -358 8 0
97624 -358 9 0
97624 358 -8 -9 0
97624 -359 8 0
97624 -359 10 0
97624 359 -8 -10 0
97624 -360 8 0
97624 -360 11 0
97624 360 -8 -11 0
97624 -361 8 0
97624 -361 12 0
97624 361 -8 -12 0
97624 -362 8 0
97624 -362 13 0
97624 362 -8 -13 0
97624 -363 8 0
97624 -363 14 0
97624 363 -8 -14 0
97624 -364 8 0
97624 -364 15 0
97624 364 -8 -15 0
97624 -365 8 0
97624 -365 16 0
97624 365 -8 -16 0
97624 -366 8 0
97624 -366 17 0
97624 366 -8 -17 0
97624 -367 8 0
97624 -367 18 0
97624 367 -8 -18 0
97624 -368 8 0
97624 -368 19 0
97624 368 -8 -19 0
97624 -369 8 0
97624 -369 20 0
97624 369 -8 -20 0
97624 -370 8 0
97624 -370 21 0
97624 370 -8 -21 0
97624 -371 8 0
97624 -371 22 0
97624 371 -8 -22 0
97624 -372 8 0
97624 -372 23 0
97624 372 -8 -23 0
97624 -373 8 0
97624 -373 24 0
97624 373 -8 -24 0
97624 -374 8 0
97624 -374 25 0
97624 374 -8 -25 0
97624 -375 8 0
97624 -375 26 0
97624 375 -8 -26 0
97624 -376 8 0
97624 -376 27 0
97624 376 -8 -27 0
97624 -377 8 0
97624 -377 28 0
97624 377 -8 -28 0
97624 -378 8 0
97624 -378 29 0
97624 378 -8 -29 0
97624 -379 8 0
97624 -379 30 0
97624 379 -8 -30 0
97624 -380 8 0
97624 -380 31 0
97624 380 -8 -31 0
97624 -381 8 0
97624 -381 32 0
97624 381 -8 -32 0
97624 -382 8 0
97624 -382 33 0
97624 382 -8 -33 0
97624 -383 8 0
97624 -383 34 0
97624 383 -8 -34 0
97624 -384 8 0
97624 -384 35 0
97624 384 -8 -35 0
97624 -385 8 0
97624 -385 36 0
97624 385 -8 -36 0
97624 -386 8 0
97624 -386 37 0
97624 386 -8 -37 0
97624 -387 8 0
97624 -387 38 0
97624 387 -8 -38 0
97624 -388 8 0
97624 -388 39 0
97624 388 -8 -39 0
97624 -389 8 0
97624 -389 40 0
97624 389 -8 -40 0
97624 -390 8 0
97624 -390 41 0
97624 390 -8 -41 0
97624 -391 8 0
97624 -391 42 0
97624 391 -8 -42 0
97624 -392 8 0
97624 -392 43 0
97624 392 -8 -43 0
97624 -393 8 0
97624 -393 44 0
97624 393 -8 -44 0
97624 -394 8 0
97624 -394 45 0
97624 394 -8 -45 0
97624 -395 8 0
97624 -395 46 0
97624 395 -8 -46 0
97624 -396 8 0
97624 -396 47 0
97624 396 -8 -47 0
97624 -397 8 0
97624 -397 48 0
97624 397 -8 -48 0
97624 -398 9 0
97624 -398 10 0
97624 398 -9 -10 0
97624 -399 9 0
97624 -399 11 0
97624 399 -9 -11 0
97624 -400 9 0
97624 -400 12 0
97624 400 -9 -12 0
97624 -401 9 0
97624 -401 13 0
97624 401 -9 -13 0
97624 -402 9 0
97624 -402 14 0
97624 402 -9 -14 0
97624 -403 9 0
97624 -403 15 0
97624 403 -9 -15 0
97624 -404 9 0
97624 -404 16 0
97624 404 -9 -16 0
97624 -405 9 0
97624 -405 17 0
97624 405 -9 -17 0
97624 -406 9 0
97624 -406 18 0
97624 406 -9 -18 0
97624 -407 9 0
97624 -407 19 0
97624 407 -9 -19 0
97624 -408 9 0
97624 -408 20 0
97624 408 -9 -20 0
97624 -409 9 0
97624 -409 21 0
97624 409 -9 -21 0
97624 -410 9 0
97624 -410 22 0
97624 410 -9 -22 0
97624 -411 9 0
97624 -411 23 0
97624 411 -9 -23 0
97624 -412 9 0
97624 -412 24 0
97624 412 -9 -24 0
97624 -413 9 0
97624 -413 25 0
97624 413 -9 -25 0
97624 -414 9 0
97624 -414 26 0
97624 414 -9 -26 0
97624 -415 9 0
97624 -415 27 0
97624 415 -9 -27 0
97624 -416 9 0
97624 -416 28 0
97624 416 -9 -28 0
97624 -417 9 0
97624 -417 29 0
97624 417 -9 -29 0
97624 -418 9 0
97624 -418 30 0
97624 418 -9 -30 0
97624 -419 9 0
97624 -419 31 0
97624 419 -9 -31 0
97624 -420 9 0
97624 -420 32 0
97624 420 -9 -32 0
97624 -421 9 0
97624 -421 33 0
97624 421 -9 -33 0
97624 -422 9 0
97624 -422 34 0
97624 422 -9 -34 0
97624 -423 9 0
97624 -423 35 0
97624 423 -9 -35 0
97624 -424 9 0
97624 -424 36 0
97624 424 -9 -36 0
97624 -425 9 0
97624 -425 37 0
97624 425 -9 -37 0
97624 -426 9 0
97624 -426 38 0
97624 426 -9 -38 0
97624 -427 9 0
97624 -427 39 0
97624 427 -9 -39 0
97624 -428 9 0
97624 -428 40 0
97624 428 -9 -40 0
97624 -429 9 0
97624 -429 41 0
97624 429 -9 -41 0
97624 -430 9 0
97624 -430 42 0
97624 430 -9 -42 0
97624 -431 9 0
97624 -431 43 0
97624 431 -9 -43 0
97624 -432 9 0
97624 -432 44 0
97624 432 -9 -44 0
97624 -433 9 0
97624 -433 45 0
97624 433 -9 -45 0
97624 -434 9 0
97624 -434 46 0
97624 434 -9 -46 0
97624 -435 9 0
97624 -435 47 0
97624 435 -9 -47 0
97624 -436 9 0
97624 -436 48 0
97624 436 -9 -48 0
97624 -437 10 0
97624 -437 11 0
97624 437 -10 -11 0
97624 -438 10 0
97624 -438 12 0
97624 438 -10 -12 0
97624 -439 10 0
97624 -439 13 0
97624 439 -10 -13 0
97624 -440 10 0
97624 -440 14 0
97624 440 -10 -14 0
97624 -441 10 0
97624 -441 15 0
97624 441 -10 -15 0
97624 -442 10 0
97624 -442 16 0
97624 442 -10 -16 0
97624 -443 10 0
97624 -443 17 0
97624 443 -10 -17 0
97624 -444 10 0
97624 -444 18 0
97624 444 -10 -18 0
97624 -445 10 0
97624 -445 19 0
97624 445 -10 -19 0
97624 -446 10 0
97624 -446 20 0
97624 446 -10 -20 0
97624 -447 10 0
97624 -447 21 0
97624 447 -10 -21 0
97624 -448 10 0
97624 -448 22 0
97624 448 -10 -22 0
97624 -449 10 0
97624 -449 23 0
97624 449 -10 -23 0
97624 -450 10 0
97624 -450 24 0
97624 450 -10 -24 0
97624 -451 10 0
97624 -451 25 0
97624 451 -10 -25 0
97624 -452 10 0
97624 -452 26 0
97624 452 -10 -26 0
97624 -453 10 0
97624 -453 27 0
97624 453 -10 -27 0
97624 -454 10 0
97624 -454 28 0
97624 454 -10 -28 0
97624 -455 10 0
97624 -455 29 0
97624 455 -10 -29 0
97624 -456 10 0
97624 -456 30 0
97624 456 -10 -30 0
97624 -457 10 0
97624 -457 31 0
97624 457 -10 -31 0
97624 -458 10 0
97624 -458 32 0
97624 458 -10 -32 0
97624 -459 10 0
97624 -459 33 0
97624 459 -10 -33 0
97624 -460 10 0
97624 -460 34 0
97624 460 -10 -34 0
97624 -461 10 0
97624 -461 35 0
97624 461 -10 -35 0
97624 -462 10 0
97624 -462 36 0
97624 462 -10 -36 0
97624 -463 10 0
97624 -463 37 0
97624 463 -10 -37 0
97624 -464 10 0
97624 -464 38 0
97624 464 -10 -38 0
97624 -465 10 0
97624 -465 39 0
97624 465 -10 -39 0
97624 -466 10 0
97624 -466 40 0
97624 466 -10 -40 0
97624 -467 10 0
97624 -467 41 0
97624 467 -10 -41 0
97624 -468 10 0
97624 -468 42 0
97624 468 -10 -42 0
97624 -469 10 0
97624 -469 43 0
97624 469 -10 -43 0
97624 -470 10 0
97624 -470 44 0
97624 470 -10 -44 0
97624 -471 10 0
97624 -471 45 0
97624 471 -10 -45 0
97624 -472 10 0
97624 -472 46 0
97624 472 -10 -46 0
97624 -473 10 0
97624 -473 47 0
97624 473 -10 -47 0
97624 -474 10 0
97624 -474 48 0
97624 474 -10 -48 0
97624 -475 11 0
97624 -475 12 0
97624 475 -11 -12 0
97624 -476 11 0
97624 -476 13 0
97624 476 -11 -13 0
97624 -477 11 0
97624 -477 14 0
97624 477 -11 -14 0
97624 -478 11 0
97624 -478 15 0
97624 478 -11 -15 0
97624 -479 11 0
97624 -479 16 0
97624 479 -11 -16 0
97624 -480 11 0
97624 -480 17 0
97624 480 -11 -17 0
97624 -481 11 0
97624 -481 18 0
97624 481 -11 -18 0
97624 -482 11 0
97624 -482 19 0
97624 482 -11 -19 0
97624 -483 11 0
97624 -483 20 0
97624 483 -11 -20 0
97624 -484 11 0
97624 -484 21 0
97624 484 -11 -21 0
97624 -485 11 0
97624 -485 22 0
97624 485 -11 -22 0
97624 -486 11 0
97624 -486 23 0
97624 486 -11 -23 0
97624 -487 11 0
97624 -487 24 0
97624 487 -11 -24 0
97624 -488 11 0
97624 -488 25 0
97624 488 -11 -25 0
97624 -489 11 0
97624 -489 26 0
97624 489 -11 -26 0
97624 -490 11 0
97624 -490 27 0
97624 490 -11 -27 0
97624 -491 11 0
97624 -491 28 0
97624 491 -11 -28 0
97624 -492 11 0
97624 -492 29 0
97624 492 -11 -29 0
97624 -493 11 0
97624 -493 30 0
97624 493 -11 -30 0
97624 -494 11 0
97624 -494 31 0
97624 494 -11 -31 0
97624 -495 11 0
97624 -495 32 0
97624 495 -11 -32 0
97624 -496 11 0
97624 -496 33 0
97624 496 -11 -33 0
97624 -497 11 0
97624 -497 34 0
97624 497 -11 -34 0
97624 -498 11 0
97624 -498 35 0
97624 498 -11 -35 0
97624 -499 11 0
97624 -499 36 0
97624 499 -11 -36 0
97624 -500 11 0
97624 -500 37 0
97624 500 -11 -37 0
97624 -501 11 0
97624 -501 38 0
97624 501 -11 -38 0
97624 -502 11 0
97624 -502 39 0
97624 502 -11 -39 0
97624 -503 11 0
97624 -503 40 0
97624 503 -11 -40 0
97624 -504 11 0
97624 -504 41 0
97624 504 -11 -41 0
97624 -505 11 0
97624 -505 42 0
97624 505 -11 -42 0
97624 -506 11 0
97624 -506 43 0
97624 506 -11 -43 0
97624 -507 11 0
97624 -507 44 0
97624 507 -11 -44 0
97624 -508 11 0
97624 -508 45 0
97624 508 -11 -45 0
97624 -509 11 0
97624 -509 46 0
97624 509 -11 -46 0
97624 -510 11 0
97624 -510 47 0
97624 510 -11 -47 0
97624 -511 11 0
97624 -511 48 0
97624 511 -11 -48 0
97624 -512 12 0
97624 -512 13 0
97624 512 -12 -13 0
97624 -513 12 0
97624 -513 14 0
97624 513 -12 -14 0
97624 -514 12 0
97624 -514 15 0
97624 514 -12 -15 0
97624 -515 12 0
97624 -515 16 0
97624 515 -12 -16 0
97624 -516 12 0
97624 -516 17 0
97624 516 -12 -17 0
97624 -517 12 0
97624 -517 18 0
97624 517 -12 -18 0
97624 -518 12 0
97624 -518 19 0
97624 518 -12 -19 0
97624 -519 12 0
97624 -519 20 0
97624 519 -12 -20 0
97624 -520 12 0
97624 -520 21 0
97624 520 -12 -21 0
97624 -521 12 0
97624 -521 22 0
97624 521 -12 -22 0
97624 -522 12 0
97624 -522 23 0
97624 522 -12 -23 0
97624 -523 12 0
97624 -523 24 0
97624 523 -12 -24 0
97624 -524 12 0
97624 -524 25 0
97624 524 -12 -25 0
97624 -525 12 0
97624 -525 26 0
97624 525 -12 -26 0
97624 -526 12 0
97624 -526 27 0
97624 526 -12 -27 0
97624 -527 12 0
97624 -527 28 0
97624 527 -12 -28 0
97624 -528 12 0
97624 -528 29 0
97624 528 -12 -29 0
97624 -529 12 0
97624 -529 30 0
97624 529 -12 -30 0
97624 -530 12 0
97624 -530 31 0
97624 530 -12 -31 0
97624 -531 12 0
97624 -531 32 0
97624 531 -12 -32 0
97624 -532 12 0
97624 -532 33 0
97624 532 -12 -33 0
97624 -533 12 0
97624 -533 34 0
97624 533 -12 -34 0
97624 -534 12 0
97624 -534 35 0
97624 534 -12 -35 0
97624 -535 12 0
97624 -535 36 0
97624 535 -12 -36 0
97624 -536 12 0
97624 -536 37 0
97624 536 -12 -37 0
97624 -537 12 0
97624 -537 38 0
97624 537 -12 -38 0
97624 -538 12 0
97624 -538 39 0
97624 538 -12 -39 0
97624 -539 12 0
97624 -539 40 0
97624 539 -12 -40 0
97624 -540 12 0
97624 -540 41 0
97624 540 -12 -41 0
97624 -541 12 0
97624 -541 42 0
97624 541 -12 -42 0
97624 -542 12 0
97624 -542 43 0
97624 542 -12 -43 0
97624 -543 12 0
97624 -543 44 0
97624 543 -12 -44 0
97624 -544 12 0
97624 -544 45 0
97624 544 -12 -45 0
97624 -545 12 0
97624 -545 46 0
97624 545 -12 -46 0
97624 -546 12 0
97624 -546 47 0
97624 546 -12 -47 0
97624 -547 12 0
97624 -547 48 0
97624 547 -12 -48 0
97624 -548 13 0
97624 -548 14 0
97624 548 -13 -14 0
97624 -549 13 0
97624 -549 15 0
97624 549 -13 -15 0
97624 -550 13 0
97624 -550 16 0
97624 550 -13 -16 0
97624 -551 13 0
97624 -551 17 0
97624 551 -13 -17 0
97624 -552 13 0
97624 -552 18 0
97624 552 -13 -18 0
97624 -553 13 0
97624 -553 19 0
97624 553 -13 -19 0
97624 -554 13 0
97624 -554 20 0
97624 554 -13 -20 0
97624 -555 13 0
97624 -555 21 0
97624 555 -13 -21 0
97624 -556 13 0
97624 -556 22 0
97624 556 -13 -22 0
97624 -557 13 0
97624 -557 23 0
97624 557 -13 -23 0
97624 -558 13 0
97624 -558 24 0
97624 558 -13 -24 0
97624 -559 13 0
97624 -559 25 0
97624 559 -13 -25 0
97624 -560 13 0
97624 -560 26 0
97624 560 -13 -26 0
97624 -561 13 0
97624 -561 27 0
97624 561 -13 -27 0
97624 -562 13 0
97624 -562 28 0
97624 562 -13 -28 0
97624 -563 13 0
97624 -563 29 0
97624 563 -13 -29 0
97624 -564 13 0
97624 -564 30 0
97624 564 -13 -30 0
97624 -565 13 0
97624 -565 31 0
97624 565 -13 -31 0
97624 -566 13 0
97624 -566 32 0
97624 566 -13 -32 0
97624 -567 13 0
97624 -567 33 0
97624 567 -13 -33 0
97624 -568 13 0
97624 -568 34 0
97624 568 -13 -34 0
97624 -569 13 0
97624 -569 35 0
97624 569 -13 -35 0
97624 -570 13 0
97624 -570 36 0
97624 570 -13 -36 0
97624 -571 13 0
97624 -571 37 0
97624 571 -13 -37 0
97624 -572 13 0
97624 -572 38 0
97624 572 -13 -38 0
97624 -573 13 0
97624 -573 39 0
97624 573 -13 -39 0
97624 -574 13 0
97624 -574 40 0
97624 574 -13 -40 0
97624 -575 13 0
97624 -575 41 0
97624 575 -13 -41 0
97624 -576 13 0
97624 -576 42 0
97624 576 -13 -42 0
97624 -577 13 0
97624 -577 43 0
97624 577 -13 -43 0
97624 -578 13 0
97624 -578 44 0
97624 578 -13 -44 0
97624 -579 13 0
97624 -579 45 0
97624 579 -13 -45 0
97624 -580 13 0
97624 -580 46 0
97624 580 -13 -46 0
97624 -581 13 0
97624 -581 47 0
97624 581 -13 -47 0
97624 -582 13 0
97624 -582 48 0
97624 582 -13 -48 0
97624 -583 14 0
97624 -583 15 0
97624 583 -14 -15 0
97624 -584 14 0
97624 -584 16 0
97624 584 -14 -16 0
97624 -585 14 0
97624 -585 17 0
97624 585 -14 -17 0
97624 -586 14 0
97624 -586 18 0
97624 586 -14 -18 0
97624 -587 14 0
97624 -587 19 0
97624 587 -14 -19 0
97624 -588 14 0
97624 -588 20 0
97624 588 -14 -20 0
97624 -589 14 0
97624 -589 21 0
97624 589 -14 -21 0
97624 -590 14 0
97624 -590 22 0
97624 590 -14 -22 0
97624 -591 14 0
97624 -591 23 0
97624 591 -14 -23 0
97624 -592 14 0
97624 -592 24 0
97624 592 -14 -24 0
97624 -593 14 0
97624 -593 25 0
97624 593 -14 -25 0
97624 -594 14 0
97624 -594 26 0
97624 594 -14 -26 0
97624 -595 14 0
97624 -595 27 0
97624 595 -14 -27 0
97624 -596 14 0
97624 -596 28 0
97624 596 -14 -28 0
97624 -597 14 0
97624 -597 29 0
97624 597 -14 -29 0
97624 -598 14 0
97624 -598 30 0
97624 598 -14 -30 0
97624 -599 14 0
97624 -599 31 0
97624 599 -14 -31 0
97624 -600 14 0
97624 -600 32 0
97624 600 -14 -32 0
97624 -601 14 0
97624 -601 33 0
97624 601 -14 -33 0
97624 -602 14 0
97624 -602 34 0
97624 602 -14 -34 0
97624 -603 14 0
97624 -603 35 0
97624 603 -14 -35 0
97624 -604 14 0
97624 -604 36 0
97624 604 -14 -36 0
97624 -605 14 0
97624 -605 37 0
97624 605 -14 -37 0
97624 -606 14 0
97624 -606 38 0
97624 606 -14 -38 0
97624 -607 14 0
97624 -607 39 0
97624 607 -14 -39 0
97624 -608 14 0
97624 -608 40 0
97624 608 -14 -40 0
97624 -609 14 0
97624 -609 41 0
97624 609 -14 -41 0
97624 -610 14 0
97624 -610 42 0
97624 610 -14 -42 0
97624 -611 14 0
97624 -611 43 0
97624 611 -14 -43 0
97624 -612 14 0
97624 -612 44 0
97624 612 -14 -44 0
97624 -613 14 0
97624 -613 45 0
97624 613 -14 -45 0
97624 -614 14 0
97624 -614 46 0
97624 614 -14 -46 0
97624 -615 14 0
97624 -615 47 0
97624 615 -14 -47 0
97624 -616 14 0
97624 -616 48 0
97624 616 -14 -48 0
97624 -617 15 0
97624 -617 16 0
97624 617 -15 -16 0
97624 -618 15 0
97624 -618 17 0
97624 618 -15 -17 0
97624 -619 15 0
97624 -619 18 0
97624 619 -15 -18 0
97624 -620 15 0
97624 -620 19 0
97624 620 -15 -19 0
97624 -621 15 0
97624 -621 20 0
97624 621 -15 -20 0
97624 -622 15 0
97624 -622 21 0
97624 622 -15 -21 0
97624 -623 15 0
97624 -623 22 0
97624 623 -15 -22 0
97624 -624 15 0
97624 -624 23 0
97624 624 -15 -23 0
97624 -625 15 0
97624 -625 24 0
97624 625 -15 -24 0
97624 -626 15 0
97624 -626 25 0
97624 626 -15 -25 0
97624 -627 15 0
97624 -627 26 0
97624 627 -15 -26 0
97624 -628 15 0
97624 -628 27 0
97624 628 -15 -27 0
97624 -629 15 0
97624 -629 28 0
97624 629 -15 -28 0
97624 -630 15 0
97624 -630 29 0
97624 630 -15 -29 0
97624 -631 15 0
97624 -631 30 0
97624 631 -15 -30 0
97624 -632 15 0
97624 -632 31 0
97624 632 -15 -31 0
97624 -633 15 0
97624 -633 32 0
97624 633 -15 -32 0
97624 -634 15 0
97624 -634 33 0
97624 634 -15 -33 0
97624 -635 15 0
97624 -635 34 0
97624 635 -15 -34 0
97624 -636 15 0
97624 -636 35 0
97624 636 -15 -35 0
97624 -637 15 0
97624 -637 36 0
97624 637 -15 -36 0
97624 -638 15 0
97624 -638 37 0
97624 638 -15 -37 0
97624 -639 15 0
97624 -639 38 0
97624 639 -15 -38 0
97624 -640 15 0
97624 -640 39 0
97624 640 -15 -39 0
97624 -641 15 0
97624 -641 40 0
97624 641 -15 -40 0
97624 -642 15 0
97624 -642 41 0
97624 642 -15 -41 0
97624 -643 15 0
97624 -643 42 0
97624 643 -15 -42 0
97624 -644 15 0
97624 -644 43 0
97624 644 -15 -43 0
97624 -645 15 0
97624 -645 44 0
97624 645 -15 -44 0
97624 -646 15 0
97624 -646 45 0
97624 646 -15 -45 0
97624 -647 15 0
97624 -647 46 0
97624 647 -15 -46 0
97624 -648 15 0
97624 -648 47 0
97624 648 -15 -47 0
97624 -649 15 0
97624 -649 48 0
97624 649 -15 -48 0
97624 -650 16 0
97624 -650 17 0
97624 650 -16 -17 0
97624 -651 16 0
97624 -651 18 0
97624 651 -16 -18 0
97624 -652 16 0
97624 -652 19 0
97624 652 -16 -19 0
97624 -653 16 0
97624 -653 20 0
97624 653 -16 -20 0
97624 -654 16 0
97624 -654 21 0
97624 654 -16 -21 0
97624 -655 16 0
97624 -655 22 0
97624 655 -16 -22 0
97624 -656 16 0
97624 -656 23 0
97624 656 -16 -23 0
97624 -657 16 0
97624 -657 24 0
97624 657 -16 -24 0
97624 -658 16 0
97624 -658 25 0
97624 658 -16 -25 0
97624 -659 16 0
97624 -659 26 0
97624 659 -16 -26 0
97624 -660 16 0
97624 -660 27 0
97624 660 -16 -27 0
97624 -661 16 0
97624 -661 28 0
97624 661 -16 -28 0
97624 -662 16 0
97624 -662 29 0
97624 662 -16 -29 0
97624 -663 16 0
97624 -663 30 0
97624 663 -16 -30 0
97624 -664 16 0
97624 -664 31 0
97624 664 -16 -31 0
97624 -665 16 0
97624 -665 32 0
97624 665 -16 -32 0
97624 -666 16 0
97624 -666 33 0
97624 666 -16 -33 0
97624 -667 16 0
97624 -667 34 0
97624 667 -16 -34 0
97624 -668 16 0
97624 -668 35 0
97624 668 -16 -35 0
97624 -669 16 0
97624 -669 36 0
97624 669 -16 -36 0
97624 -670 16 0
97624 -670 37 0
97624 670 -16 -37 0
97624 -671 16 0
97624 -671 38 0
97624 671 -16 -38 0
97624 -672 16 0
97624 -672 39 0
97624 672 -16 -39 0
97624 -673 16 0
97624 -673 40 0
97624 673 -16 -40 0
97624 -674 16 0
97624 -674 41 0
97624 674 -16 -41 0
97624 -675 16 0
97624 -675 42 0
97624 675 -16 -42 0
97624 -676 16 0
97624 -676 43 0
97624 676 -16 -43 0
97624 -677 16 0
97624 -677 44 0
97624 677 -16 -44 0
97624 -678 16 0
97624 -678 45 0
97624 678 -16 -45 0
97624 -679 16 0
97624 -679 46 0
97624 679 -16 -46 0
97624 -680 16 0
97624 -680 47 0
97624 680 -16 -47 0
97624 -681 16 0
97624 -681 48 0
97624 681 -16 -48 0
97624 -682 17 0
97624 -682 18 0
97624 682 -17 -18 0
97624 -683 17 0
97624 -683 19 0
97624 683 -17 -19 0
97624 -684 17 0
97624 -684 20 0
97624 684 -17 -20 0
97624 -685 17 0
97624 -685 21 0
97624 685 -17 -21 0
97624 -686 17 0
97624 -686 22 0
97624 686 -17 -22 0
97624 -687 17 0
97624 -687 23 0
97624 687 -17 -23 0
97624 -688 17 0
97624 -688 24 0
97624 688 -17 -24 0
97624 -689 17 0
97624 -689 25 0
97624 689 -17 -25 0
97624 -690 17 0
97624 -690 26 0
97624 690 -17 -26 0
97624 -691 17 0
97624 -691 27 0
97624 691 -17 -27 0
97624 -692 17 0
97624 -692 28 0
97624 692 -17 -28 0
97624 -693 17 0
97624 -693 29 0
97624 693 -17 -29 0
97624 -694 17 0
97624 -694 30 0
97624 694 -17 -30 0
97624 -695 17 0
97624 -695 31 0
97624 695 -17 -31 0
97624 -696 17 0
97624 -696 32 0
97624 696 -17 -32 0
97624 -697 17 0
97624 -697 33 0
97624 697 -17 -33 0
97624 -698 17 0
97624 -698 34 0
97624 698 -17 -34 0
97624 -699 17 0
97624 -699 35 0
97624 699 -17 -35 0
97624 -700 17 0
97624 -700 36 0
97624 700 -17 -36 0
97624 -701 17 0
97624 -701 37 0
97624 701 -17 -37 0
97624 -702 17 0
97624 -702 38 0
97624 702 -17 -38 0
97624 -703 17 0
97624 -703 39 0
97624 703 -17 -39 0
97624 -704 17 0
97624 -704 40 0
97624 704 -17 -40 0
97624 -705 17 0
97624 -705 41 0
97624 705 -17 -41 0
97624 -706 17 0
97624 -706 42 0
97624 706 -17 -42 0
97624 -707 17 0
97624 -707 43 0
97624 707 -17 -43 0
97624 -708 17 0
97624 -708 44 0
97624 708 -17 -44 0
97624 -709 17 0
97624 -709 45 0
97624 709 -17 -45 0
97624 -710 17 0
97624 -710 46 0
97624 710 -17 -46 0
97624 -711 17 0
97624 -711 47 0
97624 711 -17 -47 0
97624 -712 17 0
97624 -712 48 0
97624 712 -17 -48 0
97624 -713 18 0
97624 -713 19 0
97624 713 -18 -19 0
97624 -714 18 0
97624 -714 20 0
97624 714 -18 -20 0
97624 -715 18 0
97624 -715 21 0
97624 715 -18 -21 0
97624 -716 18 0
97624 -716 22 0
97624 716 -18 -22 0
97624 -717 18 0
97624 -717 23 0
97624 717 -18 -23 0
97624 -718 18 0
97624 -718 24 0
97624 718 -18 -24 0
97624 -719 18 0
97624 -719 25 0
97624 719 -18 -25 0
97624 -720 18 0
97624 -720 26 0
97624 720 -18 -26 0
97624 -721 18 0
97624 -721 27 0
97624 721 -18 -27 0
97624 -722 18 0
97624 -722 28 0
97624 722 -18 -28 0
97624 -723 18 0
97624 -723 29 0
97624 723 -18 -29 0
97624 -724 18 0
97624 -724 30 0
97624 724 -18 -30 0
97624 -725 18 0
97624 -725 31 0
97624 725 -18 -31 0
97624 -726 18 0
97624 -726 32 0
97624 726 -18 -32 0
97624 -727 18 0
97624 -727 33 0
97624 727 -18 -33 0
97624 -728 18 0
97624 -728 34 0
97624 728 -18 -34 0
97624 -729 18 0
97624 -729 35 0
97624 729 -18 -35 0
97624 -730 18 0
97624 -730 36 0
97624 730 -18 -36 0
97624 -731 18 0
97624 -731 37 0
97624 731 -18 -37 0
97624 -732 18 0
97624 -732 38 0
97624 732 -18 -38 0
97624 -733 18 0
97624 -733 39 0
97624 733 -18 -39 0
97624 -734 18 0
97624 -734 40 0
97624 734 -18 -40 0
97624 -735 18 0
97624 -735 41 0
97624 735 -18 -41 0
97624 -736 18 0
97624 -736 42 0
97624 736 -18 -42 0
97624 -737 18 0
97624 -737 43 0
97624 737 -18 -43 0
97624 -738 18 0
97624 -738 44 0
97624 738 -18 -44 0
97624 -739 18 0
97624 -739 45 0
97624 739 -18 -45 0
97624 -740 18 0
97624 -740 46 0
97624 740 -18 -46 0
97624 -741 18 0
97624 -741 47 0
97624 741 -18 -47 0
97624 -742 18 0
97624 -742 48 0
97624 742 -18 -48 0
97624 -743 19 0
97624 -743 20 0
97624 743 -19 -20 0
97624 -744 19 0
97624 -744 21 0
97624 744 -19 -21 0
97624 -745 19 0
97624 -745 22 0
97624 745 -19 -22 0
97624 -746 19 0
97624 -746 23 0
97624 746 -19 -23 0
97624 -747 19 0
97624 -747 24 0
97624 747 -19 -24 0
97624 -748 19 0
97624 -748 25 0
97624 748 -19 -25 0
97624 -749 19 0
97624 -749 26 0
97624 749 -19 -26 0
97624 -750 19 0
97624 -750 27 0
97624 750 -19 -27 0
97624 -751 19 0
97624 -751 28 0
97624 751 -19 -28 0
97624 -752 19 0
97624 -752 29 0
97624 752 -19 -29 0
97624 -753 19 0
97624 -753 30 0
97624 753 -19 -30 0
97624 -754 19 0
97624 -754 31 0
97624 754 -19 -31 0
97624 -755 19 0
97624 -755 32 0
97624 755 -19 -32 0
97624 -756 19 0
97624 -756 33 0
97624 756 -19 -33 0
97624 -757 19 0
97624 -757 34 0
97624 757 -19 -34 0
97624 -758 19 0
97624 -758 35 0
97624 758 -19 -35 0
97624 -759 19 0
97624 -759 36 0
97624 759 -19 -36 0
97624 -760 19 0
97624 -760 37 0
97624 760 -19 -37 0
97624 -761 19 0
97624 -761 38 0
97624 761 -19 -38 0
97624 -762 19 0
97624 -762 39 0
97624 762 -19 -39 0
97624 -763 19 0
97624 -763 40 0
97624 763 -19 -40 0
97624 -764 19 0
97624 -764 41 0
97624 764 -19 -41 0
97624 -765 19 0
97624 -765 42 0
97624 765 -19 -42 0
97624 -766 19 0
97624 -766 43 0
97624 766 -19 -43 0
97624 -767 19 0
97624 -767 44 0
97624 767 -19 -44 0
97624 -768 19 0
97624 -768 45 0
97624 768 -19 -45 0
97624 -769 19 0
97624 -769 46 0
97624 769 -19 -46 0
97624 -770 19 0
97624 -770 47 0
97624 770 -19 -47 0
97624 -771 19 0
97624 -771 48 0
97624 771 -19 -48 0
97624 -772 20 0
97624 -772 21 0
97624 772 -20 -21 0
97624 -773 20 0
97624 -773 22 0
97624 773 -20 -22 0
97624 -774 20 0
97624 -774 23 0
97624 774 -20 -23 0
97624 -775 20 0
97624 -775 24 0
97624 775 -20 -24 0
97624 -776 20 0
97624 -776 25 0
97624 776 -20 -25 0
97624 -777 20 0
97624 -777 26 0
97624 777 -20 -26 0
97624 -778 20 0
97624 -778 27 0
97624 778 -20 -27 0
97624 -779 20 0
97624 -779 28 0
97624 779 -20 -28 0
97624 -780 20 0
97624 -780 29 0
97624 780 -20 -29 0
97624 -781 20 0
97624 -781 30 0
97624 781 -20 -30 0
97624 -782 20 0
97624 -782 31 0
97624 782 -20 -31 0
97624 -783 20 0
97624 -783 32 0
97624 783 -20 -32 0
97624 -784 20 0
97624 -784 33 0
97624 784 -20 -33 0
97624 -785 20 0
97624 -785 34 0
97624 785 -20 -34 0
97624 -786 20 0
97624 -786 35 0
97624 786 -20 -35 0
97624 -787 20 0
97624 -787 36 0
97624 787 -20 -36 0
97624 -788 20 0
97624 -788 37 0
97624 788 -20 -37 0
97624 -789 20 0
97624 -789 38 0
97624 789 -20 -38 0
97624 -790 20 0
97624 -790 39 0
97624 790 -20 -39 0
97624 -791 20 0
97624 -791 40 0
97624 791 -20 -40 0
97624 -792 20 0
97624 -792 41 0
97624 792 -20 -41 0
97624 -793 20 0
97624 -793 42 0
97624 793 -20 -42 0
97624 -794 20 0
97624 -794 43 0
97624 794 -20 -43 0
97624 -795 20 0
97624 -795 44 0
97624 795 -20 -44 0
97624 -796 20 0
97624 -796 45 0
97624 796 -20 -45 0
97624 -797 20 0
97624 -797 46 0
97624 797 -20 -46 0
97624 -798 20 0
97624 -798 47 0
97624 798 -20 -47 0
97624 -799 20 0
97624 -799 48 0
97624 799 -20 -48 0
97624 -800 21 0
97624 -800 22 0
97624 800 -21 -22 0
97624 -801 21 0
97624 -801 23 0
97624 801 -21 -23 0
97624 -802 21 0
97624 -802 24 0
97624 802 -21 -24 0
97624 -803 21 0
97624 -803 25 0
97624 803 -21 -25 0
97624 -804 21 0
97624 -804 26 0
97624 804 -21 -26 0
97624 -805 21 0
97624 -805 27 0
97624 805 -21 -27 0
97624 -806 21 0
97624 -806 28 0
97624 806 -21 -28 0
97624 -807 21 0
97624 -807 29 0
97624 807 -21 -29 0
97624 -808 21 0
97624 -808 30 0
97624 808 -21 -30 0
97624 -809 21 0
97624 -809 31 0
97624 809 -21 -31 0
97624 -810 21 0
97624 -810 32 0
97624 810 -21 -32 0
97624 -811 21 0
97624 -811 33 0
97624 811 -21 -33 0
97624 -812 21 0
97624 -812 34 0
97624 812 -21 -34 0
97624 -813 21 0
97624 -813 35 0
97624 813 -21 -35 0
97624 -814 21 0
97624 -814 36 0
97624 814 -21 -36 0
97624 -815 21 0
97624 -815 37 0
97624 815 -21 -37 0
97624 -816 21 0
97624 -816 38 0
97624 816 -21 -38 0
97624 -817 21 0
97624 -817 39 0
97624 817 -21 -39 0
97624 -818 21 0
97624 -818 40 0
97624 818 -21 -40 0
97624 -819 21 0
97624 -819 41 0
97624 819 -21 -41 0
97624 -820 21 0
97624 -820 42 0
97624 820 -21 -42 0
97624 -821 21 0
97624 -821 43 0
97624 821 -21 -43 0
97624 -822 21 0
97624 -822 44 0
97624 822 -21 -44 0
97624 -823 21 0
97624 -823 45 0
97624 823 -21 -45 0
97624 -824 21 0
97624 -824 46 0
97624 824 -21 -46 0
97624 -825 21 0
97624 -825 47 0
97624 825 -21 -47 0
97624 -826 21 0
97624 -826 48 0
97624 826 -21 -48 0
97624 -827 22 0
97624 -827 23 0
97624 827 -22 -23 0
97624 -828 22 0
97624 -828 24 0
97624 828 -22 -24 0
97624 -829 22 0
97624 -829 25 0
97624 829 -22 -25 0
97624 -830 22 0
97624 -830 26 0
97624 830 -22 -26 0
97624 -831 22 0
97624 -831 27 0
97624 831 -22 -27 0
97624 -832 22 0
97624 -832 28 0
97624 832 -22 -28 0
97624 -833 22 0
97624 -833 29 0
97624 833 -22 -29 0
97624 -834 22 0
97624 -834 30 0
97624 834 -22 -30 0
97624 -835 22 0
97624 -835 31 0
97624 835 -22 -31 0
97624 -836 22 0
97624 -836 32 0
97624 836 -22 -32 0
97624 -837 22 0
97624 -837 33 0
97624 837 -22 -33 0
97624 -838 22 0
97624 -838 34 0
97624 838 -22 -34 0
97624 -839 22 0
97624 -839 35 0
97624 839 -22 -35 0
97624 -840 22 0
97624 -840 36 0
97624 840 -22 -36 0
97624 -841 22 0
97624 -841 37 0
97624 841 -22 -37 0
97624 -842 22 0
97624 -842 38 0
97624 842 -22 -38 0
97624 -843 22 0
97624 -843 39 0
97624 843 -22 -39 0
97624 -844 22 0
97624 -844 40 0
97624 844 -22 -40 0
97624 -845 22 0
97624 -845 41 0
97624 845 -22 -41 0
97624 -846 22 0
97624 -846 42 0
97624 846 -22 -42 0
97624 -847 22 0
97624 -847 43 0
97624 847 -22 -43 0
97624 -848 22 0
97624 -848 44 0
97624 848 -22 -44 0
97624 -849 22 0
97624 -849 45 0
97624 849 -22 -45 0
97624 -850 22 0
97624 -850 46 0
97624 850 -22 -46 0
97624 -851 22 0
97624 -851 47 0
97624 851 -22 -47 0
97624 -852 22 0
97624 -852 48 0
97624 852 -22 -48 0
97624 -853 23 0
97624 -853 24 0
97624 853 -23 -24 0
97624 -854 23 0
97624 -854 25 0
97624 854 -23 -25 0
97624 -855 23 0
97624 -855 26 0
97624 855 -23 -26 0
97624 -856 23 0
97624 -856 27 0
97624 856 -23 -27 0
97624 -857 23 0
97624 -857 28 0
97624 857 -23 -28 0
97624 -858 23 0
97624 -858 29 0
97624 858 -23 -29 0
97624 -859 23 0
97624 -859 30 0
97624 859 -23 -30 0
97624 -860 23 0
97624 -860 31 0
97624 860 -23 -31 0
97624 -861 23 0
97624 -861 32 0
97624 861 -23 -32 0
97624 -862 23 0
97624 -862 33 0
97624 862 -23 -33 0
97624 -863 23 0
97624 -863 34 0
97624 863 -23 -34 0
97624 -864 23 0
97624 -864 35 0
97624 864 -23 -35 0
97624 -865 23 0
97624 -865 36 0
97624 865 -23 -36 0
97624 -866 23 0
97624 -866 37 0
97624 866 -23 -37 0
97624 -867 23 0
97624 -867 38 0
97624 867 -23 -38 0
97624 -868 23 0
97624 -868 39 0
97624 868 -23 -39 0
97624 -869 23 0
97624 -869 40 0
97624 869 -23 -40 0
97624 -870 23 0
97624 -870 41 0
97624 870 -23 -41 0
97624 -871 23 0
97624 -871 42 0
97624 871 -23 -42 0
97624 -872 23 0
97624 -872 43 0
97624 872 -23 -43 0
97624 -873 23 0
97624 -873 44 0
97624 873 -23 -44 0
97624 -874 23 0
97624 -874 45 0
97624 874 -23 -45 0
97624 -875 23 0
97624 -875 46 0
97624 875 -23 -46 0
97624 -876 23 0
97624 -876 47 0
97624 876 -23 -47 0
97624 -877 23 0
97624 -877 48 0
97624 877 -23 -48 0
97624 -878 24 0
97624 -878 25 0
97624 878 -24 -25 0
97624 -879 24 0
97624 -879 26 0
97624 879 -24 -26 0
97624 -880 24 0
97624 -880 27 0
97624 880 -24 -27 0
97624 -881 24 0
97624 -881 28 0
97624 881 -24 -28 0
97624 -882 24 0
97624 -882 29 0
97624 882 -24 -29 0
97624 -883 24 0
97624 -883 30 0
97624 883 -24 -30 0
97624 -884 24 0
97624 -884 31 0
97624 884 -24 -31 0
97624 -885 24 0
97624 -885 32 0
97624 885 -24 -32 0
97624 -886 24 0
97624 -886 33 0
97624 886 -24 -33 0
97624 -887 24 0
97624 -887 34 0
97624 887 -24 -34 0
97624 -888 24 0
97624 -888 35 0
97624 888 -24 -35 0
97624 -889 24 0
97624 -889 36 0
97624 889 -24 -36 0
97624 -890 24 0
97624 -890 37 0
97624 890 -24 -37 0
97624 -891 24 0
97624 -891 38 0
97624 891 -24 -38 0
97624 -892 24 0
97624 -892 39 0
97624 892 -24 -39 0
97624 -893 24 0
97624 -893 40 0
97624 893 -24 -40 0
97624 -894 24 0
97624 -894 41 0
97624 894 -24 -41 0
97624 -895 24 0
97624 -895 42 0
97624 895 -24 -42 0
97624 -896 24 0
97624 -896 43 0
97624 896 -24 -43 0
97624 -897 24 0
97624 -897 44 0
97624 897 -24 -44 0
97624 -898 24 0
97624 -898 45 0
97624 898 -24 -45 0
97624 -899 24 0
97624 -899 46 0
97624 899 -24 -46 0
97624 -900 24 0
97624 -900 47 0
97624 900 -24 -47 0
97624 -901 24 0
97624 -901 48 0
97624 901 -24 -48 0
97624 -902 25 0
97624 -902 26 0
97624 902 -25 -26 0
97624 -903 25 0
97624 -903 27 0
97624 903 -25 -27 0
97624 -904 25 0
97624 -904 28 0
97624 904 -25 -28 0
97624 -905 25 0
97624 -905 29 0
97624 905 -25 -29 0
97624 -906 25 0
97624 -906 30 0
97624 906 -25 -30 0
97624 -907 25 0
97624 -907 31 0
97624 907 -25 -31 0
97624 -908 25 0
97624 -908 32 0
97624 908 -25 -32 0
97624 -909 25 0
97624 -909 33 0
97624 909 -25 -33 0
97624 -910 25 0
97624 -910 34 0
97624 910 -25 -34 0
97624 -911 25 0
97624 -911 35 0
97624 911 -25 -35 0
97624 -912 25 0
97624 -912 36 0
97624 912 -25 -36 0
97624 -913 25 0
97624 -913 37 0
97624 913 -25 -37 0
97624 -914 25 0
97624 -914 38 0
97624 914 -25 -38 0
97624 -915 25 0
97624 -915 39 0
97624 915 -25 -39 0
97624 -916 25 0
97624 -916 40 0
97624 916 -25 -40 0
97624 -917 25 0
97624 -917 41 0
97624 917 -25 -41 0
97624 -918 25 0
97624 -918 42 0
97624 918 -25 -42 0
97624 -919 25 0
97624 -919 43 0
97624 919 -25 -43 0
97624 -920 25 0
97624 -920 44 0
97624 920 -25 -44 0
97624 -921 25 0
97624 -921 45 0
97624 921 -25 -45 0
97624 -922 25 0
97624 -922 46 0
97624 922 -25 -46 0
97624 -923 25 0
97624 -923 47 0
97624 923 -25 -47 0
97624 -924 25 0
97624 -924 48 0
97624 924 -25 -48 0
97624 -925 26 0
97624 -925 27 0
97624 925 -26 -27 0
97624 -926 26 0
97624 -926 28 0
97624 926 -26 -28 0
97624 -927 26 0
97624 -927 29 0
97624 927 -26 -29 0
97624 -928 26 0
97624 -928 30 0
97624 928 -26 -30 0
97624 -929 26 0
97624 -929 31 0
97624 929 -26 -31 0
97624 -930 26 0
97624 -930 32 0
97624 930 -26 -32 0
97624 -931 26 0
97624 -931 33 0
97624 931 -26 -33 0
97624 -932 26 0
97624 -932 34 0
97624 932 -26 -34 0
97624 -933 26 0
97624 -933 35 0
97624 933 -26 -35 0
97624 -934 26 0
97624 -934 36 0
97624 934 -26 -36 0
97624 -935 26 0
97624 -935 37 0
97624 935 -26 -37 0
97624 -936 26 0
97624 -936 38 0
97624 936 -26 -38 0
97624 -937 26 0
97624 -937 39 0
97624 937 -26 -39 0
97624 -938 26 0
97624 -938 40 0
97624 938 -26 -40 0
97624 -939 26 0
97624 -939 41 0
97624 939 -26 -41 0
97624 -940 26 0
97624 -940 42 0
97624 940 -26 -42 0
97624 -941 26 0
97624 -941 43 0
97624 941 -26 -43 0
97624 -942 26 0
97624 -942 44 0
97624 942 -26 -44 0
97624 -943 26 0
97624 -943 45 0
97624 943 -26 -45 0
97624 -944 26 0
97624 -944 46 0
97624 944 -26 -46 0
97624 -945 26 0
97624 -945 47 0
97624 945 -26 -47 0
97624 -946 26 0
97624 -946 48 0
97624 946 -26 -48 0
97624 -947 27 0
97624 -947 28 0
97624 947 -27 -28 0
97624 -948 27 0
97624 -948 29 0
97624 948 -27 -29 0
97624 -949 27 0
97624 -949 30 0
97624 949 -27 -30 0
97624 -950 27 0
97624 -950 31 0
97624 950 -27 -31 0
97624 -951 27 0
97624 -951 32 0
97624 951 -27 -32 0
97624 -952 27 0
97624 -952 33 0
97624 952 -27 -33 0
97624 -953 27 0
97624 -953 34 0
97624 953 -27 -34 0
97624 -954 27 0
97624 -954 35 0
97624 954 -27 -35 0
97624 -955 27 0
97624 -955 36 0
97624 955 -27 -36 0
97624 -956 27 0
97624 -956 37 0
97624 956 -27 -37 0
97624 -957 27 0
97624 -957 38 0
97624 957 -27 -38 0
97624 -958 27 0
97624 -958 39 0
97624 958 -27 -39 0
97624 -959 27 0
97624 -959 40 0
97624 959 -27 -40 0
97624 -960 27 0
97624 -960 41 0
97624 960 -27 -41 0
97624 -961 27 0
97624 -961 42 0
97624 961 -27 -42 0
97624 -962 27 0
97624 -962 43 0
97624 962 -27 -43 0
97624 -963 27 0
97624 -963 44 0
97624 963 -27 -44 0
97624 -964 27 0
97624 -964 45 0
97624 964 -27 -45 0
97624 -965 27 0
97624 -965 46 0
97624 965 -27 -46 0
97624 -966 27 0
97624 -966 47 0
97624 966 -27 -47 0
97624 -967 27 0
97624 -967 48 0
97624 967 -27 -48 0
97624 -968 28 0
97624 -968 29 0
97624 968 -28 -29 0
97624 -969 28 0
97624 -969 30 0
97624 969 -28 -30 0
97624 -970 28 0
97624 -970 31 0
97624 970 -28 -31 0
97624 -971 28 0
97624 -971 32 0
97624 971 -28 -32 0
97624 -972 28 0
97624 -972 33 0
97624 972 -28 -33 0
97624 -973 28 0
97624 -973 34 0
97624 973 -28 -34 0
97624 -974 28 0
97624 -974 35 0
97624 974 -28 -35 0
97624 -975 28 0
97624 -975 36 0
97624 975 -28 -36 0
97624 -976 28 0
97624 -976 37 0
97624 976 -28 -37 0
97624 -977 28 0
97624 -977 38 0
97624 977 -28 -38 0
97624 -978 28 0
97624 -978 39 0
97624 978 -28 -39 0
97624 -979 28 0
97624 -979 40 0
97624 979 -28 -40 0
97624 -980 28 0
97624 -980 41 0
97624 980 -28 -41 0
97624 -981 28 0
97624 -981 42 0
97624 981 -28 -42 0
97624 -982 28 0
97624 -982 43 0
97624 982 -28 -43 0
97624 -983 28 0
97624 -983 44 0
97624 983 -28 -44 0
97624 -984 28 0
97624 -984 45 0
97624 984 -28 -45 0
97624 -985 28 0
97624 -985 46 0
97624 985 -28 -46 0
97624 -986 28 0
97624 -986 47 0
97624 986 -28 -47 0
97624 -987 28 0
97624 -987 48 0
97624 987 -28 -48 0
97624 -988 29 0
97624 -988 30 0
97624 988 -29 -30 0
97624 -989 29 0
97624 -989 31 0
97624 989 -29 -31 0
97624 -990 29 0
97624 -990 32 0
97624 990 -29 -32 0
97624 -991 29 0
97624 -991 33 0
97624 991 -29 -33 0
97624 -992 29 0
97624 -992 34 0
97624 992 -29 -34 0
97624 -993 29 0
97624 -993 35 0
97624 993 -29 -35 0
97624 -994 29 0
97624 -994 36 0
97624 994 -29 -36 0
97624 -995 29 0
97624 -995 37 0
97624 995 -29 -37 0
97624 -996 29 0
97624 -996 38 0
97624 996 -29 -38 0
97624 -997 29 0
97624 -997 39 0
97624 997 -29 -39 0
97624 -998 29 0
97624 -998 40 0
97624 998 -29 -40 0
97624 -999 29 0
97624 -999 41 0
97624 999 -29 -41 0
97624 -1000 29 0
97624 -1000 42 0
97624 1000 -29 -42 0
97624 -1001 29 0
97624 -1001 43 0
97624 1001 -29 -43 0
97624 -1002 29 0
97624 -1002 44 0
97624 1002 -29 -44 0
97624 -1003 29 0
97624 -1003 45 0
97624 1003 -29 -45 0
97624 -1004 29 0
97624 -1004 46 0
97624 1004 -29 -46 0
97624 -1005 29 0
97624 -1005 47 0
97624 1005 -29 -47 0
97624 -1006 29 0
97624 -1006 48 0
97624 1006 -29 -48 0
97624 -1007 30 0
97624 -1007 31 0
97624 1007 -30 -31 0
97624 -1008 30 0
97624 -1008 32 0
97624 1008 -30 -32 0
97624 -1009 30 0
97624 -1009 33 0
97624 1009 -30 -33 0
97624 -1010 30 0
97624 -1010 34 0
97624 1010 -30 -34 0
97624 -1011 30 0
97624 -1011 35 0
97624 1011 -30 -35 0
97624 -1012 30 0
97624 -1012 36 0
97624 1012 -30 -36 0
97624 -1013 30 0
97624 -1013 37 0
97624 1013 -30 -37 0
97624 -1014 30 0
97624 -1014 38 0
97624 1014 -30 -38 0
97624 -1015 30 0
97624 -1015 39 0
97624 1015 -30 -39 0
97624 -1016 30 0
97624 -1016 40 0
97624 1016 -30 -40 0
97624 -1017 30 0
97624 -1017 41 0
97624 1017 -30 -41 0
97624 -1018 30 0
97624 -1018 42 0
97624 1018 -30 -42 0
97624 -1019 30 0
97624 -1019 43 0
97624 1019 -30 -43 0
97624 -1020 30 0
97624 -1020 44 0
97624 1020 -30 -44 0
97624 -1021 30 0
97624 -1021 45 0
97624 1021 -30 -45 0
97624 -1022 30 0
97624 -1022 46 0
97624 1022 -30 -46 0
97624 -1023 30 0
97624 -1023 47 0
97624 1023 -30 -47 0
97624 -1024 30 0
97624 -1024 48 0
97624 1024 -30 -48 0
97624 -1025 31 0
97624 -1025 32 0
97624 1025 -31 -32 0
97624 -1026 31 0
97624 -1026 33 0
97624 1026 -31 -33 0
97624 -1027 31 0
97624 -1027 34 0
97624 1027 -31 -34 0
97624 -1028 31 0
97624 -1028 35 0
97624 1028 -31 -35 0
97624 -1029 31 0
97624 -1029 36 0
97624 1029 -31 -36 0
97624 -1030 31 0
97624 -1030 37 0
97624 1030 -31 -37 0
97624 -1031 31 0
97624 -1031 38 0
97624 1031 -31 -38 0
97624 -1032 31 0
97624 -1032 39 0
97624 1032 -31 -39 0
97624 -1033 31 0
97624 -1033 40 0
97624 1033 -31 -40 0
97624 -1034 31 0
97624 -1034 41 0
97624 1034 -31 -41 0
97624 -1035 31 0
97624 -1035 42 0
97624 1035 -31 -42 0
97624 -1036 31 0
97624 -1036 43 0
97624 1036 -31 -43 0
97624 -1037 31 0
97624 -1037 44 0
97624 1037 -31 -44 0
97624 -1038 31 0
97624 -1038 45 0
97624 1038 -31 -45 0
97624 -1039 31 0
97624 -1039 46 0
97624 1039 -31 -46 0
97624 -1040 31 0
97624 -1040 47 0
97624 1040 -31 -47 0
97624 -1041 31 0
97624 -1041 48 0
97624 1041 -31 -48 0
97624 -1042 32 0
97624 -1042 33 0
97624 1042 -32 -33 0
97624 -1043 32 0
97624 -1043 34 0
97624 1043 -32 -34 0
97624 -1044 32 0
97624 -1044 35 0
97624 1044 -32 -35 0
97624 -1045 32 0
97624 -1045 36 0
97624 1045 -32 -36 0
97624 -1046 32 0
97624 -1046 37 0
97624 1046 -32 -37 0
97624 -1047 32 0
97624 -1047 38 0
97624 1047 -32 -38 0
97624 -1048 32 0
97624 -1048 39 0
97624 1048 -32 -39 0
97624 -1049 32 0
97624 -1049 40 0
97624 1049 -32 -40 0
97624 -1050 32 0
97624 -1050 41 0
97624 1050 -32 -41 0
97624 -1051 32 0
97624 -1051 42 0
97624 1051 -32 -42 0
97624 -1052 32 0
97624 -1052 43 0
97624 1052 -32 -43 0
97624 -1053 32 0
97624 -1053 44 0
97624 1053 -32 -44 0
97624 -1054 32 0
97624 -1054 45 0
97624 1054 -32 -45 0
97624 -1055 32 0
97624 -1055 46 0
97624 1055 -32 -46 0
97624 -1056 32 0
97624 -1056 47 0
97624 1056 -32 -47 0
97624 -1057 32 0
97624 -1057 48 0
97624 1057 -32 -48 0
97624 -1058 33 0
97624 -1058 34 0
97624 1058 -33 -34 0
97624 -1059 33 0
97624 -1059 35 0
97624 1059 -33 -35 0
97624 -1060 33 0
97624 -1060 36 0
97624 1060 -33 -36 0
97624 -1061 33 0
97624 -1061 37 0
97624 1061 -33 -37 0
97624 -1062 33 0
97624 -1062 38 0
97624 1062 -33 -38 0
97624 -1063 33 0
97624 -1063 39 0
97624 1063 -33 -39 0
97624 -1064 33 0
97624 -1064 40 0
97624 1064 -33 -40 0
97624 -1065 33 0
97624 -1065 41 0
97624 1065 -33 -41 0
97624 -1066 33 0
97624 -1066 42 0
97624 1066 -33 -42 0
97624 -1067 33 0
97624 -1067 43 0
97624 1067 -33 -43 0
97624 -1068 33 0
97624 -1068 44 0
97624 1068 -33 -44 0
97624 -1069 33 0
97624 -1069 45 0
97624 1069 -33 -45 0
97624 -1070 33 0
97624 -1070 46 0
97624 1070 -33 -46 0
97624 -1071 33 0
97624 -1071 47 0
97624 1071 -33 -47 0
97624 -1072 33 0
97624 -1072 48 0
97624 1072 -33 -48 0
97624 -1073 34 0
97624 -1073 35 0
97624 1073 -34 -35 0
97624 -1074 34 0
97624 -1074 36 0
97624 1074 -34 -36 0
97624 -1075 34 0
97624 -1075 37 0
97624 1075 -34 -37 0
97624 -1076 34 0
97624 -1076 38 0
97624 1076 -34 -38 0
97624 -1077 34 0
97624 -1077 39 0
97624 1077 -34 -39 0
97624 -1078 34 0
97624 -1078 40 0
97624 1078 -34 -40 0
97624 -1079 34 0
97624 -1079 41 0
97624 1079 -34 -41 0
97624 -1080 34 0
97624 -1080 42 0
97624 1080 -34 -42 0
97624 -1081 34 0
97624 -1081 43 0
97624 1081 -34 -43 0
97624 -1082 34 0
97624 -1082 44 0
97624 1082 -34 -44 0
97624 -1083 34 0
97624 -1083 45 0
97624 1083 -34 -45 0
97624 -1084 34 0
97624 -1084 46 0
97624 1084 -34 -46 0
97624 -1085 34 0
97624 -1085 47 0
97624 1085 -34 -47 0
97624 -1086 34 0
97624 -1086 48 0
97624 1086 -34 -48 0
97624 -1087 35 0
97624 -1087 36 0
97624 1087 -35 -36 0
97624 -1088 35 0
97624 -1088 37 0
97624 1088 -35 -37 0
97624 -1089 35 0
97624 -1089 38 0
97624 1089 -35 -38 0
97624 -1090 35 0
97624 -1090 39 0
97624 1090 -35 -39 0
97624 -1091 35 0
97624 -1091 40 0
97624 1091 -35 -40 0
97624 -1092 35 0
97624 -1092 41 0
97624 1092 -35 -41 0
97624 -1093 35 0
97624 -1093 42 0
97624 1093 -35 -42 0
97624 -1094 35 0
97624 -1094 43 0
97624 1094 -35 -43 0
97624 -1095 35 0
97624 -1095 44 0
97624 1095 -35 -44 0
97624 -1096 35 0
97624 -1096 45 0
97624 1096 -35 -45 0
97624 -1097 35 0
97624 -1097 46 0
97624 1097 -35 -46 0
97624 -1098 35 0
97624 -1098 47 0
97624 1098 -35 -47 0
97624 -1099 35 0
97624 -1099 48 0
97624 1099 -35 -48 0
97624 -1100 36 0
97624 -1100 37 0
97624 1100 -36 -37 0
97624 -1101 36 0
97624 -1101 38 0
97624 1101 -36 -38 0
97624 -1102 36 0
97624 -1102 39 0
97624 1102 -36 -39 0
97624 -1103 36 0
97624 -1103 40 0
97624 1103 -36 -40 0
97624 -1104 36 0
97624 -1104 41 0
97624 1104 -36 -41 0
97624 -1105 36 0
97624 -1105 42 0
97624 1105 -36 -42 0
97624 -1106 36 0
97624 -1106 43 0
97624 1106 -36 -43 0
97624 -1107 36 0
97624 -1107 44 0
97624 1107 -36 -44 0
97624 -1108 36 0
97624 -1108 45 0
97624 1108 -36 -45 0
97624 -1109 36 0
97624 -1109 46 0
97624 1109 -36 -46 0
97624 -1110 36 0
97624 -1110 47 0
97624 1110 -36 -47 0
97624 -1111 36 0
97624 -1111 48 0
97624 1111 -36 -48 0
97624 -1112 37 0
97624 -1112 38 0
97624 1112 -37 -38 0
97624 -1113 37 0
97624 -1113 39 0
97624 1113 -37 -39 0
97624 -1114 37 0
97624 -1114 40 0
97624 1114 -37 -40 0
97624 -1115 37 0
97624 -1115 41 0
97624 1115 -37 -41 0
97624 -1116 37 0
97624 -1116 42 0
97624 1116 -37 -42 0
97624 -1117 37 0
97624 -1117 43 0
97624 1117 -37 -43 0
97624 -1118 37 0
97624 -1118 44 0
97624 1118 -37 -44 0
97624 -1119 37 0
97624 -1119 45 0
97624 1119 -37 -45 0
97624 -1120 37 0
97624 -1120 46 0
97624 1120 -37 -46 0
97624 -1121 37 0
97624 -1121 47 0
97624 1121 -37 -47 0
97624 -1122 37 0
97624 -1122 48 0
97624 1122 -37 -48 0
97624 -1123 38 0
97624 -1123 39 0
97624 1123 -38 -39 0
97624 -1124 38 0
97624 -1124 40 0
97624 1124 -38 -40 0
97624 -1125 38 0
97624 -1125 41 0
97624 1125 -38 -41 0
97624 -1126 38 0
97624 -1126 42 0
97624 1126 -38 -42 0
97624 -1127 38 0
97624 -1127 43 0
97624 1127 -38 -43 0
97624 -1128 38 0
97624 -1128 44 0
97624 1128 -38 -44 0
97624 -1129 38 0
97624 -1129 45 0
97624 1129 -38 -45 0
97624 -1130 38 0
97624 -1130 46 0
97624 1130 -38 -46 0
97624 -1131 38 0
97624 -1131 47 0
97624 1131 -38 -47 0
97624 -1132 38 0
97624 -1132 48 0
97624 1132 -38 -48 0
97624 -1133 39 0
97624 -1133 40 0
97624 1133 -39 -40 0
97624 -1134 39 0
97624 -1134 41 0
97624 1134 -39 -41 0
97624 -1135 39 0
97624 -1135 42 0
97624 1135 -39 -42 0
97624 -1136 39 0
97624 -1136 43 0
97624 1136 -39 -43 0
97624 -1137 39 0
97624 -1137 44 0
97624 1137 -39 -44 0
97624 -1138 39 0
97624 -1138 45 0
97624 1138 -39 -45 0
97624 -1139 39 0
97624 -1139 46 0
97624 1139 -39 -46 0
97624 -1140 39 0
97624 -1140 47 0
97624 1140 -39 -47 0
97624 -1141 39 0
97624 -1141 48 0
97624 1141 -39 -48 0
97624 -1142 40 0
97624 -1142 41 0
97624 1142 -40 -41 0
97624 -1143 40 0
97624 -1143 42 0
97624 1143 -40 -42 0
97624 -1144 40 0
97624 -1144 43 0
97624 1144 -40 -43 0
97624 -1145 40 0
97624 -1145 44 0
97624 1145 -40 -44 0
97624 -1146 40 0
97624 -1146 45 0
97624 1146 -40 -45 0
97624 -1147 40 0
97624 -1147 46 0
97624 1147 -40 -46 0
97624 -1148 40 0
97624 -1148 47 0
97624 1148 -40 -47 0
97624 -1149 40 0
97624 -1149 48 0
97624 1149 -40 -48 0
97624 -1150 41 0
97624 -1150 42 0
97624 1150 -41 -42 0
97624 -1151 41 0
97624 -1151 43 0
97624 1151 -41 -43 0
97624 -1152 41 0
97624 -1152 44 0
97624 1152 -41 -44 0
97624 -1153 41 0
97624 -1153 45 0
97624 1153 -41 -45 0
97624 -1154 41 0
97624 -1154 46 0
97624 1154 -41 -46 0
97624 -1155 41 0
97624 -1155 47 0
97624 1155 -41 -47 0
97624 -1156 41 0
97624 -1156 48 0
97624 1156 -41 -48 0
97624 -1157 42 0
97624 -1157 43 0
97624 1157 -42 -43 0
97624 -1158 42 0
97624 -1158 44 0
97624 1158 -42 -44 0
97624 -1159 42 0
97624 -1159 45 0
97624 1159 -42 -45 0
97624 -1160 42 0
97624 -1160 46 0
97624 1160 -42 -46 0
97624 -1161 42 0
97624 -1161 47 0
97624 1161 -42 -47 0
97624 -1162 42 0
97624 -1162 48 0
97624 1162 -42 -48 0
97624 -1163 43 0
97624 -1163 44 0
97624 1163 -43 -44 0
97624 -1164 43 0
97624 -1164 45 0
97624 1164 -43 -45 0
97624 -1165 43 0
97624 -1165 46 0
97624 1165 -43 -46 0
97624 -1166 43 0
97624 -1166 47 0
97624 1166 -43 -47 0
97624 -1167 43 0
97624 -1167 48 0
97624 1167 -43 -48 0
97624 -1168 44 0
97624 -1168 45 0
97624 1168 -44 -45 0
97624 -1169 44 0
97624 -1169 46 0
97624 1169 -44 -46 0
97624 -1170 44 0
97624 -1170 47 0
97624 1170 -44 -47 0
97624 -1171 44 0
97624 -1171 48 0
97624 1171 -44 -48 0
97624 -1172 45 0
97624 -1172 46 0
97624 1172 -45 -46 0
97624 -1173 45 0
97624 -1173 47 0
97624 1173 -45 -47 0
97624 -1174 45 0
97624 -1174 48 0
97624 1174 -45 -48 0
97624 -1175 46 0
97624 -1175 47 0
97624 1175 -46 -47 0
97624 -1176 46 0
97624 -1176 48 0
97624 1176 -46 -48 0
97624 -1177 47 0
97624 -1177 48 0
97624 1177 -47 -48 0
54448 1 0
97614 -1 0
95276 50 0
97614 -50 0
79672 51 0
97614 -51 0
120596 52 0
97614 -52 0
112812 53 0
97614 -53 0
109956 54 0
97614 -54 0
90486 55 0
97614 -55 0
112744 56 0
97614 -56 0
98024 57 0
97614 -57 0
102902 58 0
97614 -58 0
101040 59 0
97614 -59 0
91562 60 0
97614 -60 0
95096 61 0
97614 -61 0
89414 62 0
97614 -62 0
111866 63 0
97614 -63 0
117390 64 0
97614 -64 0
97064 65 0
97614 -65 0
102448 66 0
97614 -66 0
90500 67 0
97614 -67 0
93978 68 0
97614 -68 0
84550 69 0
97614 -69 0
104726 70 0
97614 -70 0
105474 71 0
97614 -71 0
115002 72 0
97614 -72 0
101868 73 0
97614 -73 0
98124 74 0
97614 -74 0
90136 75 0
97614 -75 0
90436 76 0
97614 -76 0
99684 77 0
97614 -77 0
93056 78 0
97614 -78 0
99822 79 0
97614 -79 0
94172 80 0
97614 -80 0
103610 81 0
97614 -81 0
107714 82 0
97614 -82 0
89180 83 0
97614 -83 0
106894 84 0
97614 -84 0
88488 85 0
97614 -85 0
90982 86 0
97614 -86 0
104896 87 0
97614 -87 0
93650 88 0
97614 -88 0
95202 89 0
97614 -89 0
95130 90 0
97614 -90 0
103446 91 0
97614 -91 0
98566 92 0
97614 -92 0
100718 93 0
97614 -93 0
95908 94 0
97614 -94 0
97960 95 0
97614 -95 0
97848 96 0
97614 -96 0
59178 2 0
97614 -2 0
83194 97 0
97614 -97 0
111214 98 0
97614 -98 0
82846 99 0
97614 -99 0
93150 100 0
97614 -100 0
98608 101 0
97614 -101 0
100732 102 0
97614 -102 0
86086 103 0
97614 -103 0
81314 104 0
97614 -104 0
100464 105 0
97614 -105 0
100350 106 0
97614 -106 0
84916 107 0
97614 -107 0
107634 108 0
97614 -108 0
87048 109 0
97614 -109 0
87782 110 0
97614 -110 0
77172 111 0
97614 -111 0
93116 112 0
97614 -112 0
98330 113 0
97614 -113 0
100180 114 0
97614 -114 0
109838 115 0
97614 -115 0
86126 116 0
97614 -116 0
100106 117 0
97614 -117 0
100366 118 0
97614 -118 0
91268 119 0
97614 -119 0
98846 120 0
97614 -120 0
91966 121 0
97614 -121 0
98358 122 0
97614 -122 0
102956 123 0
97614 -123 0
92364 124 0
97614 -124 0
98090 125 0
97614 -125 0
104534 126 0
97614 -126 0
101472 127 0
97614 -127 0
89468 128 0
97614 -128 0
101062 129 0
97614 -129 0
91758 130 0
97614 -130 0
103516 131 0
97614 -131 0
96826 132 0
97614 -132 0
89650 133 0
97614 -133 0
96606 134 0
97614 -134 0
97314 135 0
97614 -135 0
95628 136 0
97614 -136 0
85360 137 0
97614 -137 0
98130 138 0
97614 -138 0
94690 139 0
97614 -139 0
102008 140 0
97614 -140 0
97392 141 0
97614 -141 0
97428 142 0
97614 -142 0
80664 3 0
97614 -3 0
91986 143 0
97614 -143 0
96154 144 0
97614 -144 0
102538 145 0
97614 -145 0
89652 146 0
97614 -146 0
105232 147 0
97614 -147 0
80604 148 0
97614 -148 0
90018 149 0
97614 -149 0
94110 150 0
97614 -150 0
98926 151 0
97614 -151 0
108516 152 0
97614 -152 0
81568 153 0
97614 -153 0
87816 154 0
97614 -154 0
89858 155 0
97614 -155 0
75286 156 0
97614 -156 0
98794 157 0
97614 -157 0
103080 158 0
97614 -158 0
79052 159 0
97614 -159 0
96160 160 0
97614 -160 0
81038 161 0
97614 -161 0
94528 162 0
97614 -162 0
86930 163 0
97614 -163 0
101570 164 0
97614 -164 0
98726 165 0
97614 -165 0
94024 166 0
97614 -166 0
98356 167 0
97614 -167 0
97258 168 0
97614 -168 0
86738 169 0
97614 -169 0
105092 170 0
97614 -170 0
104242 171 0
97614 -171 0
100864 172 0
97614 -172 0
96150 173 0
97614 -173 0
102118 174 0
97614 -174 0
93854 175 0
97614 -175 0
96144 176 0
97614 -176 0
106372 177 0
97614 -177 0
96320 178 0
97614 -178 0
93902 179 0
97614 -179 0
95484 180 0
97614 -180 0
95934 181 0
97614 -181 0
97220 182 0
97614 -182 0
97840 183 0
97614 -183 0
97340 184 0
97614 -184 0
96860 185 0
97614 -185 0
97098 186 0
97614 -186 0
97608 187 0
97614 -187 0
61510 4 0
97614 -4 0
92294 188 0
97614 -188 0
91522 189 0
97614 -189 0
101026 190 0
97614 -190 0
87148 191 0
97614 -191 0
91302 192 0
97614 -192 0
95300 193 0
97614 -193 0
84036 194 0
97614 -194 0
123724 195 0
97614 -195 0
93490 196 0
97614 -196 0
92156 197 0
97614 -197 0
74616 198 0
97614 -198 0
95098 199 0
97614 -199 0
88812 200 0
97614 -200 0
85884 201 0
97614 -201 0
86064 202 0
97614 -202 0
82896 203 0
97614 -203 0
97670 204 0
97614 -204 0
91220 205 0
97614 -205 0
98074 206 0
97614 -206 0
93940 207 0
97614 -207 0
91614 208 0
97614 -208 0
83832 209 0
97614 -209 0
111428 210 0
97614 -210 0
82888 211 0
97614 -211 0
90992 212 0
97614 -212 0
95278 213 0
97614 -213 0
102390 214 0
97614 -214 0
93674 215 0
97614 -215 0
88996 216 0
97614 -216 0
90786 217 0
97614 -217 0
102340 218 0
97614 -218 0
95220 219 0
97614 -219 0
87314 220 0
97614 -220 0
109092 221 0
97614 -221 0
95694 222 0
97614 -222 0
99710 223 0
97614 -223 0
103354 224 0
97614 -224 0
88942 225 0
97614 -225 0
93556 226 0
97614 -226 0
98098 227 0
97614 -227 0
96730 228 0
97614 -228 0
102032 229 0
97614 -229 0
97870 230 0
97614 -230 0
97332 231 0
97614 -231 0
52373 5 0
97614 -5 0
98200 232 0
97614 -232 0
104992 233 0
97614 -233 0
102280 234 0
97614 -234 0
83540 235 0
97614 -235 0
85374 236 0
97614 -236 0
105150 237 0
97614 -237 0
97384 238 0
97614 -238 0
101862 239 0
97614 -239 0
105280 240 0
97614 -240 0
88982 241 0
97614 -241 0
101382 242 0
97614 -242 0
112768 243 0
97614 -243 0
93322 244 0
97614 -244 0
96262 245 0
97614 -245 0
94430 246 0
97614 -246 0
109430 247 0
97614 -247 0
90438 248 0
97614 -248 0
100126 249 0
97614 -249 0
73636 250 0
97614 -250 0
94908 251 0
97614 -251 0
102568 252 0
97614 -252 0
90980 253 0
97614 -253 0
98716 254 0
97614 -254 0
97886 255 0
97614 -255 0
94218 256 0
97614 -256 0
91706 257 0
97614 -257 0
91170 258 0
97614 -258 0
111906 259 0
97614 -259 0
90248 260 0
97614 -260 0
109518 261 0
97614 -261 0
96800 262 0
97614 -262 0
101132 263 0
97614 -263 0
100274 264 0
97614 -264 0
100034 265 0
97614 -265 0
103756 266 0
97614 -266 0
98082 267 0
97614 -267 0
93038 268 0
97614 -268 0
91922 269 0
97614 -269 0
99600 270 0
97614 -270 0
97254 271 0
97614 -271 0
101204 272 0
97614 -272 0
98192 273 0
97614 -273 0
97512 274 0
97614 -274 0
68420 6 0
97614 -6 0
90140 275 0
97614 -275 0
91420 276 0
97614 -276 0
98582 277 0
97614 -277 0
104214 278 0
97614 -278 0
74898 279 0
97614 -279 0
109066 280 0
97614 -280 0
99524 281 0
97614 -281 0
96988 282 0
97614 -282 0
95916 283 0
97614 -283 0
98770 284 0
97614 -284 0
90348 285 0
97614 -285 0
91556 286 0
97614 -286 0
101040 287 0
97614 -287 0
105332 288 0
97614 -288 0
82124 289 0
97614 -289 0
104358 290 0
97614 -290 0
91422 291 0
97614 -291 0
114080 292 0
97614 -292 0
109158 293 0
97614 -293 0
93406 294 0
97614 -294 0
111330 295 0
97614 -295 0
90982 296 0
97614 -296 0
89870 297 0
97614 -297 0
110660 298 0
97614 -298 0
94812 299 0
97614 -299 0
87032 300 0
97614 -300 0
78652 301 0
97614 -301 0
102864 302 0
97614 -302 0
85530 303 0
97614 -303 0
96872 304 0
97614 -304 0
92202 305 0
97614 -305 0
99946 306 0
97614 -306 0
98498 307 0
97614 -307 0
100252 308 0
97614 -308 0
101306 309 0
97614 -309 0
98106 310 0
97614 -310 0
96304 311 0
97614 -311 0
96850 312 0
97614 -312 0
94444 313 0
97614 -313 0
98670 314 0
97614 -314 0
96988 315 0
97614 -315 0
97542 316 0
97614 -316 0
71629 7 0
97614 -7 0
106868 317 0
97614 -317 0
112780 318 0
97614 -318 0
106082 319 0
97614 -319 0
97848 320 0
97614 -320 0
87860 321 0
97614 -321 0
105916 322 0
97614 -322 0
86324 323 0
97614 -323 0
100734 324 0
97614 -324 0
83790 325 0
97614 -325 0
74470 326 0
97614 -326 0
92870 327 0
97614 -327 0
99186 328 0
97614 -328 0
91982 329 0
97614 -329 0
95648 330 0
97614 -330 0
94350 331 0
97614 -331 0
94728 332 0
97614 -332 0
107660 333 0
97614 -333 0
86632 334 0
97614 -334 0
106762 335 0
97614 -335 0
95670 336 0
97614 -336 0
104938 337 0
97614 -337 0
97022 338 0
97614 -338 0
103470 339 0
97614 -339 0
96094 340 0
97614 -340 0
105234 341 0
97614 -341 0
89994 342 0
97614 -342 0
95954 343 0
97614 -343 0
98710 344 0
97614 -344 0
89854 345 0
97614 -345 0
106710 346 0
97614 -346 0
94302 347 0
97614 -347 0
96140 348 0
97614 -348 0
94244 349 0
97614 -349 0
96112 350 0
97614 -350 0
101114 351 0
97614 -351 0
100978 352 0
97614 -352 0
98484 353 0
97614 -353 0
95806 354 0
97614 -354 0
96876 355 0
97614 -355 0
97188 356 0
97614 -356 0
97728 357 0
97614 -357 0
75748 8 0
97614 -8 0
99870 358 0
97614 -358 0
114726 359 0
97614 -359 0
115148 360 0
97614 -360 0
97764 361 0
97614 -361 0
116314 362 0
97614 -362 0
95784 363 0
97614 -363 0
104896 364 0
97614 -364 0
97790 365 0
97614 -365 0
88086 366 0
97614 -366 0
69406 367 0
97614 -367 0
100374 368 0
97614 -368 0
104506 369 0
97614 -369 0
81946 370 0
97614 -370 0
95296 371 0
97614 -371 0
93682 372 0
97614 -372 0
101890 373 0
97614 -373 0
109476 374 0
97614 -374 0
100714 375 0
97614 -375 0
90568 376 0
97614 -376 0
92312 377 0
97614 -377 0
88032 378 0
97614 -378 0
107552 379 0
97614 -379 0
102234 380 0
97614 -380 0
82146 381 0
97614 -381 0
97332 382 0
97614 -382 0
92320 383 0
97614 -383 0
91450 384 0
97614 -384 0
101524 385 0
97614 -385 0
96792 386 0
97614 -386 0
98286 387 0
97614 -387 0
94458 388 0
97614 -388 0
98404 389 0
97614 -389 0
100794 390 0
97614 -390 0
94460 391 0
97614 -391 0
99438 392 0
97614 -392 0
99756 393 0
97614 -393 0
97832 394 0
97614 -394 0
101990 395 0
97614 -395 0
98848 396 0
97614 -396 0
97470 397 0
97614 -397 0
72613 9 0
97614 -9 0
90216 398 0
97614 -398 0
90912 399 0
97614 -399 0
100354 400 0
97614 -400 0
85232 401 0
97614 -401 0
93260 402 0
97614 -402 0
88516 403 0
97614 -403 0
105460 404 0
97614 -404 0
90062 405 0
97614 -405 0
103724 406 0
97614 -406 0
104490 407 0
97614 -407 0
105874 408 0
97614 -408 0
99148 409 0
97614 -409 0
84320 410 0
97614 -410 0
104344 411 0
97614 -411 0
94020 412 0
97614 -412 0
98708 413 0
97614 -413 0
95002 414 0
97614 -414 0
100666 415 0
97614 -415 0
97086 416 0
97614 -416 0
95904 417 0
97614 -417 0
90814 418 0
97614 -418 0
110228 419 0
97614 -419 0
107610 420 0
97614 -420 0
94862 421 0
97614 -421 0
98738 422 0
97614 -422 0
99768 423 0
97614 -423 0
96974 424 0
97614 -424 0
92612 425 0
97614 -425 0
100846 426 0
97614 -426 0
89096 427 0
97614 -427 0
101368 428 0
97614 -428 0
105122 429 0
97614 -429 0
102166 430 0
97614 -430 0
87670 431 0
97614 -431 0
95380 432 0
97614 -432 0
93752 433 0
97614 -433 0
101508 434 0
97614 -434 0
97336 435 0
97614 -435 0
97368 436 0
97614 -436 0
79190 10 0
97614 -10 0
89470 437 0
97614 -437 0
85002 438 0
97614 -438 0
81660 439 0
97614 -439 0
105988 440 0
97614 -440 0
83478 441 0
97614 -441 0
92434 442 0
97614 -442 0
100762 443 0
97614 -443 0
98156 444 0
97614 -444 0
97220 445 0
97614 -445 0
92886 446 0
97614 -446 0
97658 447 0
97614 -447 0
86490 448 0
97614 -448 0
95090 449 0
97614 -449 0
91710 450 0
97614 -450 0
94124 451 0
97614 -451 0
105692 452 0
97614 -452 0
98624 453 0
97614 -453 0
107094 454 0
97614 -454 0
95492 455 0
97614 -455 0
104304 456 0
97614 -456 0
102928 457 0
97614 -457 0
98532 458 0
97614 -458 0
96610 459 0
97614 -459 0
98028 460 0
97614 -460 0
92182 461 0
97614 -461 0
91516 462 0
97614 -462 0
101746 463 0
97614 -463 0
97698 464 0
97614 -464 0
91276 465 0
97614 -465 0
96716 466 0
97614 -466 0
97282 467 0
97614 -467 0
98650 468 0
97614 -468 0
86276 469 0
97614 -469 0
98074 470 0
97614 -470 0
93564 471 0
97614 -471 0
101470 472 0
97614 -472 0
97084 473 0
97614 -473 0
97494 474 0
97614 -474 0
65253 11 0
97614 -11 0
103970 475 0
97614 -475 0
96148 476 0
97614 -476 0
103622 477 0
97614 -477 0
89704 478 0
97614 -478 0
82298 479 0
97614 -479 0
89446 480 0
97614 -480 0
113226 481 0
97614 -481 0
94602 482 0
97614 -482 0
104344 483 0
97614 -483 0
92104 484 0
97614 -484 0
100876 485 0
97614 -485 0
105946 486 0
97614 -486 0
114842 487 0
97614 -487 0
94836 488 0
97614 -488 0
94644 489 0
97614 -489 0
107228 490 0
97614 -490 0
90060 491 0
97614 -491 0
91692 492 0
97614 -492 0
109548 493 0
97614 -493 0
100256 494 0
97614 -494 0
92918 495 0
97614 -495 0
82762 496 0
97614 -496 0
97556 497 0
97614 -497 0
91300 498 0
97614 -498 0
87866 499 0
97614 -499 0
97486 500 0
97614 -500 0
101828 501 0
97614 -501 0
89310 502 0
97614 -502 0
96464 503 0
97614 -503 0
103440 504 0
97614 -504 0
103544 505 0
97614 -505 0
94516 506 0
97614 -506 0
97612 507 0
97614 -507 0
93346 508 0
97614 -508 0
98946 509 0
97614 -509 0
96718 510 0
97614 -510 0
97578 511 0
97614 -511 0
55680 12 0
97614 -12 0
110294 512 0
97614 -512 0
115808 513 0
97614 -513 0
119354 514 0
97614 -514 0
102664 515 0
97614 -515 0
101028 516 0
97614 -516 0
95966 517 0
97614 -517 0
103084 518 0
97614 -518 0
100142 519 0
97614 -519 0
101042 520 0
97614 -520 0
101946 521 0
97614 -521 0
102376 522 0
97614 -522 0
89520 523 0
97614 -523 0
103922 524 0
97614 -524 0
115990 525 0
97614 -525 0
92586 526 0
97614 -526 0
115988 527 0
97614 -527 0
97458 528 0
97614 -528 0
93172 529 0
97614 -529 0
109372 530 0
97614 -530 0
107282 531 0
97614 -531 0
96908 532 0
97614 -532 0
104538 533 0
97614 -533 0
89026 534 0
97614 -534 0
90822 535 0
97614 -535 0
105340 536 0
97614 -536 0
92490 537 0
97614 -537 0
98764 538 0
97614 -538 0
96536 539 0
97614 -539 0
89220 540 0
97614 -540 0
97922 541 0
97614 -541 0
101930 542 0
97614 -542 0
103620 543 0
97614 -543 0
97386 544 0
97614 -544 0
97430 545 0
97614 -545 0
97938 546 0
97614 -546 0
97782 547 0
97614 -547 0
77085 13 0
97614 -13 0
105152 548 0
97614 -548 0
102380 549 0
97614 -549 0
113628 550 0
97614 -550 0
102482 551 0
97614 -551 0
107116 552 0
97614 -552 0
89160 553 0
97614 -553 0
111868 554 0
97614 -554 0
92952 555 0
97614 -555 0
90874 556 0
97614 -556 0
103260 557 0
97614 -557 0
109406 558 0
97614 -558 0
86228 559 0
97614 -559 0
90554 560 0
97614 -560 0
96194 561 0
97614 -561 0
96072 562 0
97614 -562 0
106564 563 0
97614 -563 0
99568 564 0
97614 -564 0
93340 565 0
97614 -565 0
93150 566 0
97614 -566 0
97998 567 0
97614 -567 0
101702 568 0
97614 -568 0
98196 569 0
97614 -569 0
100102 570 0
97614 -570 0
88706 571 0
97614 -571 0
94016 572 0
97614 -572 0
95148 573 0
97614 -573 0
98874 574 0
97614 -574 0
105152 575 0
97614 -575 0
94358 576 0
97614 -576 0
91442 577 0
97614 -577 0
94878 578 0
97614 -578 0
98116 579 0
97614 -579 0
101214 580 0
97614 -580 0
98130 581 0
97614 -581 0
97422 582 0
97614 -582 0
81601 14 0
97614 -14 0
94362 583 0
97614 -583 0
94296 584 0
97614 -584 0
83744 585 0
97614 -585 0
93912 586 0
97614 -586 0
99000 587 0
97614 -587 0
88116 588 0
97614 -588 0
95832 589 0
97614 -589 0
85724 590 0
97614 -590 0
108324 591 0
97614 -591 0
100768 592 0
97614 -592 0
102576 593 0
97614 -593 0
88216 594 0
97614 -594 0
103300 595 0
97614 -595 0
88610 596 0
97614 -596 0
103716 597 0
97614 -597 0
103164 598 0
97614 -598 0
101644 599 0
97614 -599 0
107996 600 0
97614 -600 0
98612 601 0
97614 -601 0
94846 602 0
97614 -602 0
118608 603 0
97614 -603 0
101028 604 0
97614 -604 0
85130 605 0
97614 -605 0
105990 606 0
97614 -606 0
90092 607 0
97614 -607 0
104048 608 0
97614 -608 0
112590 609 0
97614 -609 0
102432 610 0
97614 -610 0
89186 611 0
97614 -611 0
91072 612 0
97614 -612 0
96838 613 0
97614 -613 0
98850 614 0
97614 -614 0
97304 615 0
97614 -615 0
97362 616 0
97614 -616 0
71760 15 0
97614 -15 0
80040 617 0
97614 -617 0
82292 618 0
97614 -618 0
92028 619 0
97614 -619 0
92368 620 0
97614 -620 0
94352 621 0
97614 -621 0
101276 622 0
97614 -622 0
94090 623 0
97614 -623 0
97324 624 0
97614 -624 0
94016 625 0
97614 -625 0
87120 626 0
97614 -626 0
81792 627 0
97614 -627 0
107948 628 0
97614 -628 0
83320 629 0
97614 -629 0
96998 630 0
97614 -630 0
96806 631 0
97614 -631 0
101078 632 0
97614 -632 0
94564 633 0
97614 -633 0
96918 634 0
97614 -634 0
88462 635 0
97614 -635 0
103312 636 0
97614 -636 0
89882 637 0
97614 -637 0
95388 638 0
97614 -638 0
104596 639 0
97614 -639 0
88252 640 0
97614 -640 0
96108 641 0
97614 -641 0
102852 642 0
97614 -642 0
97548 643 0
97614 -643 0
89668 644 0
97614 -644 0
97442 645 0
97614 -645 0
95798 646 0
97614 -646 0
100450 647 0
97614 -647 0
97262 648 0
97614 -648 0
97482 649 0
97614 -649 0
74036 16 0
97614 -16 0
71828 650 0
97614 -650 0
97524 651 0
97614 -651 0
99990 652 0
97614 -652 0
96198 653 0
97614 -653 0
102332 654 0
97614 -654 0
92584 655 0
97614 -655 0
96650 656 0
97614 -656 0
93508 657 0
97614 -657 0
84988 658 0
97614 -658 0
92014 659 0
97614 -659 0
97198 660 0
97614 -660 0
95132 661 0
97614 -661 0
89562 662 0
97614 -662 0
95206 663 0
97614 -663 0
106826 664 0
97614 -664 0
101494 665 0
97614 -665 0
98744 666 0
97614 -666 0
87336 667 0
97614 -667 0
101700 668 0
97614 -668 0
84074 669 0
97614 -669 0
107490 670 0
97614 -670 0
98598 671 0
97614 -671 0
88732 672 0
97614 -672 0
95414 673 0
97614 -673 0
98740 674 0
97614 -674 0
108026 675 0
97614 -675 0
90622 676 0
97614 -676 0
97792 677 0
97614 -677 0
93276 678 0
97614 -678 0
97446 679 0
97614 -679 0
96362 680 0
97614 -680 0
97734 681 0
97614 -681 0
87614 17 0
97614 -17 0
83540 682 0
97614 -682 0
107934 683 0
97614 -683 0
97496 684 0
97614 -684 0
91294 685 0
97614 -685 0
80856 686 0
97614 -686 0
88452 687 0
97614 -687 0
110232 688 0
97614 -688 0
85420 689 0
97614 -689 0
90460 690 0
97614 -690 0
100762 691 0
97614 -691 0
85868 692 0
97614 -692 0
95430 693 0
97614 -693 0
92802 694 0
97614 -694 0
106198 695 0
97614 -695 0
104282 696 0
97614 -696 0
93374 697 0
97614 -697 0
86298 698 0
97614 -698 0
98872 699 0
97614 -699 0
95354 700 0
97614 -700 0
92626 701 0
97614 -701 0
105510 702 0
97614 -702 0
89846 703 0
97614 -703 0
90242 704 0
97614 -704 0
100706 705 0
97614 -705 0
99060 706 0
97614 -706 0
92274 707 0
97614 -707 0
97040 708 0
97614 -708 0
94568 709 0
97614 -709 0
99118 710 0
97614 -710 0
96584 711 0
97614 -711 0
97590 712 0
97614 -712 0
81425 18 0
97614 -18 0
110072 713 0
97614 -713 0
92758 714 0
97614 -714 0
91734 715 0
97614 -715 0
98310 716 0
97614 -716 0
89982 717 0
97614 -717 0
93750 718 0
97614 -718 0
106110 719 0
97614 -719 0
98280 720 0
97614 -720 0
110674 721 0
97614 -721 0
90604 722 0
97614 -722 0
99256 723 0
97614 -723 0
96042 724 0
97614 -724 0
94390 725 0
97614 -725 0
96498 726 0
97614 -726 0
96708 727 0
97614 -727 0
86938 728 0
97614 -728 0
98904 729 0
97614 -729 0
104888 730 0
97614 -730 0
93032 731 0
97614 -731 0
107394 732 0
97614 -732 0
96576 733 0
97614 -733 0
97230 734 0
97614 -734 0
97018 735 0
97614 -735 0
86880 736 0
97614 -736 0
98810 737 0
97614 -737 0
100190 738 0
97614 -738 0
98628 739 0
97614 -739 0
101162 740 0
97614 -740 0
98540 741 0
97614 -741 0
97338 742 0
97614 -742 0
66664 19 0
97614 -19 0
101302 743 0
97614 -743 0
100584 744 0
97614 -744 0
102148 745 0
97614 -745 0
111974 746 0
97614 -746 0
107616 747 0
97614 -747 0
83366 748 0
97614 -748 0
91690 749 0
97614 -749 0
84708 750 0
97614 -750 0
92590 751 0
97614 -751 0
102726 752 0
97614 -752 0
105388 753 0
97614 -753 0
105442 754 0
97614 -754 0
96142 755 0
97614 -755 0
99354 756 0
97614 -756 0
108810 757 0
97614 -757 0
99326 758 0
97614 -758 0
90274 759 0
97614 -759 0
96176 760 0
97614 -760 0
86748 761 0
97614 -761 0
92164 762 0
97614 -762 0
100478 763 0
97614 -763 0
101738 764 0
97614 -764 0
96362 765 0
97614 -765 0
93572 766 0
97614 -766 0
98612 767 0
97614 -767 0
99478 768 0
97614 -768 0
100328 769 0
97614 -769 0
98574 770 0
97614 -770 0
97596 771 0
97614 -771 0
81737 20 0
97614 -20 0
101460 772 0
97614 -772 0
86894 773 0
97614 -773 0
78278 774 0
97614 -774 0
87548 775 0
97614 -775 0
94152 776 0
97614 -776 0
101810 777 0
97614 -777 0
100608 778 0
97614 -778 0
108248 779 0
97614 -779 0
94308 780 0
97614 -780 0
90390 781 0
97614 -781 0
102572 782 0
97614 -782 0
106474 783 0
97614 -783 0
106220 784 0
97614 -784 0
92964 785 0
97614 -785 0
106444 786 0
97614 -786 0
92728 787 0
97614 -787 0
98362 788 0
97614 -788 0
105536 789 0
97614 -789 0
100192 790 0
97614 -790 0
93764 791 0
97614 -791 0
92468 792 0
97614 -792 0
97044 793 0
97614 -793 0
96894 794 0
97614 -794 0
97038 795 0
97614 -795 0
98796 796 0
97614 -796 0
94034 797 0
97614 -797 0
96756 798 0
97614 -798 0
97746 799 0
97614 -799 0
120509 21 0
97614 -21 0
96084 800 0
97614 -800 0
95056 801 0
97614 -801 0
118198 802 0
97614 -802 0
106142 803 0
97614 -803 0
93870 804 0
97614 -804 0
92122 805 0
97614 -805 0
89248 806 0
97614 -806 0
92840 807 0
97614 -807 0
99502 808 0
97614 -808 0
102528 809 0
97614 -809 0
84868 810 0
97614 -810 0
94700 811 0
97614 -811 0
103612 812 0
97614 -812 0
92528 813 0
97614 -813 0
95370 814 0
97614 -814 0
87974 815 0
97614 -815 0
97694 816 0
97614 -816 0
94714 817 0
97614 -817 0
95792 818 0
97614 -818 0
103494 819 0
97614 -819 0
95418 820 0
97614 -820 0
100974 821 0
97614 -821 0
96756 822 0
97614 -822 0
100220 823 0
97614 -823 0
98852 824 0
97614 -824 0
98448 825 0
97614 -825 0
97560 826 0
97614 -826 0
122767 22 0
97614 -22 0
96766 827 0
97614 -827 0
93562 828 0
97614 -828 0
87610 829 0
97614 -829 0
94534 830 0
97614 -830 0
87598 831 0
97614 -831 0
95220 832 0
97614 -832 0
91000 833 0
97614 -833 0
109164 834 0
97614 -834 0
101836 835 0
97614 -835 0
98754 836 0
97614 -836 0
102434 837 0
97614 -837 0
90862 838 0
97614 -838 0
111882 839 0
97614 -839 0
94516 840 0
97614 -840 0
102538 841 0
97614 -841 0
103304 842 0
97614 -842 0
91810 843 0
97614 -843 0
99524 844 0
97614 -844 0
102352 845 0
97614 -845 0
97786 846 0
97614 -846 0
84414 847 0
97614 -847 0
93480 848 0
97614 -848 0
93588 849 0
97614 -849 0
101700 850 0
97614 -850 0
96932 851 0
97614 -851 0
97416 852 0
97614 -852 0
72867 23 0
97614 -23 0
89452 853 0
97614 -853 0
96172 854 0
97614 -854 0
111048 855 0
97614 -855 0
99682 856 0
97614 -856 0
108198 857 0
97614 -857 0
97422 858 0
97614 -858 0
90930 859 0
97614 -859 0
89090 860 0
97614 -860 0
102246 861 0
97614 -861 0
97240 862 0
97614 -862 0
91412 863 0
97614 -863 0
90180 864 0
97614 -864 0
105396 865 0
97614 -865 0
95854 866 0
97614 -866 0
102022 867 0
97614 -867 0
104032 868 0
97614 -868 0
86228 869 0
97614 -869 0
88814 870 0
97614 -870 0
98052 871 0
97614 -871 0
102890 872 0
97614 -872 0
94818 873 0
97614 -873 0
99192 874 0
97614 -874 0
90942 875 0
97614 -875 0
96280 876 0
97614 -876 0
97830 877 0
97614 -877 0
55752 24 0
97614 -24 0
89224 878 0
97614 -878 0
99336 879 0
97614 -879 0
105222 880 0
97614 -880 0
101908 881 0
97614 -881 0
99856 882 0
97614 -882 0
79034 883 0
97614 -883 0
94318 884 0
97614 -884 0
104680 885 0
97614 -885 0
106994 886 0
97614 -886 0
92624 887 0
97614 -887 0
103674 888 0
97614 -888 0
103776 889 0
97614 -889 0
102742 890 0
97614 -890 0
101350 891 0
97614 -891 0
109274 892 0
97614 -892 0
96116 893 0
97614 -893 0
86128 894 0
97614 -894 0
97472 895 0
97614 -895 0
100922 896 0
97614 -896 0
97966 897 0
97614 -897 0
98378 898 0
97614 -898 0
91892 899 0
97614 -899 0
96622 900 0
97614 -900 0
97824 901 0
97614 -901 0
81157 25 0
97614 -25 0
95148 902 0
97614 -902 0
95338 903 0
97614 -903 0
93536 904 0
97614 -904 0
101558 905 0
97614 -905 0
91518 906 0
97614 -906 0
98950 907 0
97614 -907 0
102380 908 0
97614 -908 0
107410 909 0
97614 -909 0
93314 910 0
97614 -910 0
102328 911 0
97614 -911 0
91494 912 0
97614 -912 0
103166 913 0
97614 -913 0
90442 914 0
97614 -914 0
95820 915 0
97614 -915 0
94172 916 0
97614 -916 0
95912 917 0
97614 -917 0
100858 918 0
97614 -918 0
93052 919 0
97614 -919 0
98244 920 0
97614 -920 0
97100 921 0
97614 -921 0
97294 922 0
97614 -922 0
97168 923 0
97614 -923 0
97782 924 0
97614 -924 0
88892 26 0
97614 -26 0
104110 925 0
97614 -925 0
74686 926 0
97614 -926 0
94006 927 0
97614 -927 0
99680 928 0
97614 -928 0
103506 929 0
97614 -929 0
93372 930 0
97614 -930 0
92062 931 0
97614 -931 0
96318 932 0
97614 -932 0
101992 933 0
97614 -933 0
101508 934 0
97614 -934 0
85538 935 0
97614 -935 0
101006 936 0
97614 -936 0
96784 937 0
97614 -937 0
101018 938 0
97614 -938 0
103738 939 0
97614 -939 0
95050 940 0
97614 -940 0
90538 941 0
97614 -941 0
93592 942 0
97614 -942 0
98052 943 0
97614 -943 0
98694 944 0
97614 -944 0
97466 945 0
97614 -945 0
97446 946 0
97614 -946 0
98836 27 0
97614 -27 0
104248 947 0
97614 -947 0
96634 948 0
97614 -948 0
103506 949 0
97614 -949 0
101378 950 0
97614 -950 0
91930 951 0
97614 -951 0
105816 952 0
97614 -952 0
103758 953 0
97614 -953 0
97600 954 0
97614 -954 0
90672 955 0
97614 -955 0
106410 956 0
97614 -956 0
86594 957 0
97614 -957 0
94600 958 0
97614 -958 0
96166 959 0
97614 -959 0
96632 960 0
97614 -960 0
99488 961 0
97614 -961 0
97016 962 0
97614 -962 0
98360 963 0
97614 -963 0
98778 964 0
97614 -964 0
98678 965 0
97614 -965 0
98254 966 0
97614 -966 0
97734 967 0
97614 -967 0
91656 28 0
97614 -28 0
98546 968 0
97614 -968 0
99210 969 0
97614 -969 0
95518 970 0
97614 -970 0
90982 971 0
97614 -971 0
98320 972 0
97614 -972 0
91236 973 0
97614 -973 0
95294 974 0
97614 -974 0
103632 975 0
97614 -975 0
87262 976 0
97614 -976 0
99080 977 0
97614 -977 0
96972 978 0
97614 -978 0
100796 979 0
97614 -979 0
103192 980 0
97614 -980 0
90580 981 0
97614 -981 0
93722 982 0
97614 -982 0
97834 983 0
97614 -983 0
97840 984 0
97614 -984 0
101746 985 0
97614 -985 0
98264 986 0
97614 -986 0
97410 987 0
97614 -987 0
98783 29 0
97614 -29 0
104352 988 0
97614 -988 0
111240 989 0
97614 -989 0
92720 990 0
97614 -990 0
87628 991 0
97614 -991 0
96886 992 0
97614 -992 0
91482 993 0
97614 -993 0
95534 994 0
97614 -994 0
100150 995 0
97614 -995 0
96954 996 0
97614 -996 0
98218 997 0
97614 -997 0
97156 998 0
97614 -998 0
98016 999 0
97614 -999 0
106424 1000 0
97614 -1000 0
94112 1001 0
97614 -1001 0
95722 1002 0
97614 -1002 0
93380 1003 0
97614 -1003 0
96818 1004 0
97614 -1004 0
96378 1005 0
97614 -1005 0
97770 1006 0
97614 -1006 0
65795 30 0
97614 -30 0
101570 1007 0
97614 -1007 0
106376 1008 0
97614 -1008 0
111278 1009 0
97614 -1009 0
95530 1010 0
97614 -1010 0
99968 1011 0
97614 -1011 0
95552 1012 0
97614 -1012 0
93828 1013 0
97614 -1013 0
98474 1014 0
97614 -1014 0
102292 1015 0
97614 -1015 0
94232 1016 0
97614 -1016 0
92644 1017 0
97614 -1017 0
98618 1018 0
97614 -1018 0
103638 1019 0
97614 -1019 0
100360 1020 0
97614 -1020 0
100546 1021 0
97614 -1021 0
93322 1022 0
97614 -1022 0
97466 1023 0
97614 -1023 0
97842 1024 0
97614 -1024 0
72047 31 0
97614 -31 0
89076 1025 0
97614 -1025 0
103276 1026 0
97614 -1026 0
92556 1027 0
97614 -1027 0
97612 1028 0
97614 -1028 0
106644 1029 0
97614 -1029 0
101376 1030 0
97614 -1030 0
101546 1031 0
97614 -1031 0
106342 1032 0
97614 -1032 0
98526 1033 0
97614 -1033 0
92404 1034 0
97614 -1034 0
83376 1035 0
97614 -1035 0
105962 1036 0
97614 -1036 0
99578 1037 0
97614 -1037 0
100678 1038 0
97614 -1038 0
98352 1039 0
97614 -1039 0
98734 1040 0
97614 -1040 0
97428 1041 0
97614 -1041 0
95589 32 0
97614 -32 0
99792 1042 0
97614 -1042 0
100152 1043 0
97614 -1043 0
89458 1044 0
97614 -1044 0
97212 1045 0
97614 -1045 0
100144 1046 0
97614 -1046 0
93906 1047 0
97614 -1047 0
100616 1048 0
97614 -1048 0
98544 1049 0
97614 -1049 0
98310 1050 0
97614 -1050 0
92178 1051 0
97614 -1051 0
100404 1052 0
97614 -1052 0
100334 1053 0
97614 -1053 0
97984 1054 0
97614 -1054 0
101004 1055 0
97614 -1055 0
98550 1056 0
97614 -1056 0
97608 1057 0
97614 -1057 0
80615 33 0
97614 -33 0
102108 1058 0
97614 -1058 0
91260 1059 0
97614 -1059 0
99916 1060 0
97614 -1060 0
96314 1061 0
97614 -1061 0
97872 1062 0
97614 -1062 0
97176 1063 0
97614 -1063 0
94952 1064 0
97614 -1064 0
97628 1065 0
97614 -1065 0
101180 1066 0
97614 -1066 0
98772 1067 0
97614 -1067 0
93478 1068 0
97614 -1068 0
95482 1069 0
97614 -1069 0
95376 1070 0
97614 -1070 0
96616 1071 0
97614 -1071 0
97596 1072 0
97614 -1072 0
90994 34 0
97614 -34 0
102146 1073 0
97614 -1073 0
99538 1074 0
97614 -1074 0
97238 1075 0
97614 -1075 0
105732 1076 0
97614 -1076 0
95372 1077 0
97614 -1077 0
98118 1078 0
97614 -1078 0
99880 1079 0
97614 -1079 0
95518 1080 0
97614 -1080 0
93392 1081 0
97614 -1081 0
97436 1082 0
97614 -1082 0
95786 1083 0
97614 -1083 0
100052 1084 0
97614 -1084 0
97478 1085 0
97614 -1085 0
97440 1086 0
97614 -1086 0
73003 35 0
97614 -35 0
98670 1087 0
97614 -1087 0
102968 1088 0
97614 -1088 0
87482 1089 0
97614 -1089 0
102796 1090 0
97614 -1090 0
93596 1091 0
97614 -1091 0
88650 1092 0
97614 -1092 0
96756 1093 0
97614 -1093 0
103556 1094 0
97614 -1094 0
102866 1095 0
97614 -1095 0
96114 1096 0
97614 -1096 0
97830 1097 0
97614 -1097 0
97718 1098 0
97614 -1098 0
97782 1099 0
97614 -1099 0
92017 36 0
97614 -36 0
109260 1100 0
97614 -1100 0
90794 1101 0
97614 -1101 0
88588 1102 0
97614 -1102 0
98410 1103 0
97614 -1103 0
99694 1104 0
97614 -1104 0
103072 1105 0
97614 -1105 0
95730 1106 0
97614 -1106 0
101440 1107 0
97614 -1107 0
95914 1108 0
97614 -1108 0
99970 1109 0
97614 -1109 0
97908 1110 0
97614 -1110 0
97698 1111 0
97614 -1111 0
90249 37 0
97614 -37 0
109176 1112 0
97614 -1112 0
97690 1113 0
97614 -1113 0
100458 1114 0
97614 -1114 0
108240 1115 0
97614 -1115 0
96172 1116 0
97614 -1116 0
93546 1117 0
97614 -1117 0
92678 1118 0
97614 -1118 0
99094 1119 0
97614 -1119 0
97746 1120 0
97614 -1120 0
97472 1121 0
97614 -1121 0
97410 1122 0
97614 -1122 0
81936 38 0
97614 -38 0
97720 1123 0
97614 -1123 0
95768 1124 0
97614 -1124 0
92938 1125 0
97614 -1125 0
101960 1126 0
97614 -1126 0
99920 1127 0
97614 -1127 0
100506 1128 0
97614 -1128 0
97836 1129 0
97614 -1129 0
97292 1130 0
97614 -1130 0
98000 1131 0
97614 -1131 0
97872 1132 0
97614 -1132 0
99362 39 0
97614 -39 0
99964 1133 0
97614 -1133 0
107166 1134 0
97614 -1134 0
101732 1135 0
97614 -1135 0
87770 1136 0
97614 -1136 0
96808 1137 0
97614 -1137 0
95080 1138 0
97614 -1138 0
102602 1139 0
97614 -1139 0
97872 1140 0
97614 -1140 0
97386 1141 0
97614 -1141 0
93315 40 0
97614 -40 0
90622 1142 0
97614 -1142 0
98822 1143 0
97614 -1143 0
102658 1144 0
97614 -1144 0
97658 1145 0
97614 -1145 0
98960 1146 0
97614 -1146 0
93518 1147 0
97614 -1147 0
97002 1148 0
97614 -1148 0
97854 1149 0
97614 -1149 0
78906 41 0
97614 -41 0
92990 1150 0
97614 -1150 0
107512 1151 0
97614 -1151 0
101058 1152 0
97614 -1152 0
100154 1153 0
97614 -1153 0
92652 1154 0
97614 -1154 0
97446 1155 0
97614 -1155 0
97896 1156 0
97614 -1156 0
90838 42 0
97614 -42 0
101700 1157 0
97614 -1157 0
100902 1158 0
97614 -1158 0
101442 1159 0
97614 -1159 0
100832 1160 0
97614 -1160 0
99234 1161 0
97614 -1161 0
97332 1162 0
97614 -1162 0
99134 43 0
97614 -43 0
94076 1163 0
97614 -1163 0
93112 1164 0
97614 -1164 0
102954 1165 0
97614 -1165 0
97132 1166 0
97614 -1166 0
97338 1167 0
97614 -1167 0
100472 44 0
97614 -44 0
97114 1168 0
97614 -1168 0
96266 1169 0
97614 -1169 0
96960 1170 0
97614 -1170 0
97578 1171 0
97614 -1171 0
97484 45 0
97614 -45 0
99156 1172 0
97614 -1172 0
97146 1173 0
97614 -1173 0
97584 1174 0
97614 -1174 0
89611 46 0
97614 -46 0
96882 1175 0
97614 -1175 0
97848 1176 0
97614 -1176 0
97315 47 0
97614 -47 0
97650 1177 0
97614 -1177 0
97863 48 0
97614 -48 0
