c
c Generated WCNF file
c
p wcnf 1129 5500 94582
94582 48 0
94582 -49 1 0
94582 -49 2 0
94582 49 -1 -2 0
94582 -50 1 0
94582 -50 3 0
94582 50 -1 -3 0
94582 -51 1 0
94582 -51 4 0
94582 51 -1 -4 0
94582 -52 1 0
94582 -52 5 0
94582 52 -1 -5 0
94582 -53 1 0
94582 -53 6 0
94582 53 -1 -6 0
94582 -54 1 0
94582 -54 7 0
94582 54 -1 -7 0
94582 -55 1 0
94582 -55 8 0
94582 55 -1 -8 0
94582 -56 1 0
94582 -56 9 0
94582 56 -1 -9 0
94582 -57 1 0
94582 -57 10 0
94582 57 -1 -10 0
94582 -58 1 0
94582 -58 11 0
94582 58 -1 -11 0
94582 -59 1 0
94582 -59 12 0
94582 59 -1 -12 0
94582 -60 1 0
94582 -60 13 0
94582 60 -1 -13 0
94582 -61 1 0
94582 -61 14 0
94582 61 -1 -14 0
94582 -62 1 0
94582 -62 15 0
94582 62 -1 -15 0
94582 -63 1 0
94582 -63 16 0
94582 63 -1 -16 0
94582 -64 1 0
94582 -64 17 0
94582 64 -1 -17 0
94582 -65 1 0
94582 -65 18 0
94582 65 -1 -18 0
94582 -66 1 0
94582 -66 19 0
94582 66 -1 -19 0
94582 -67 1 0
94582 -67 20 0
94582 67 -1 -20 0
94582 -68 1 0
94582 -68 21 0
94582 68 -1 -21 0
94582 -69 1 0
94582 -69 22 0
94582 69 -1 -22 0
94582 -70 1 0
94582 -70 23 0
94582 70 -1 -23 0
94582 -71 1 0
94582 -71 24 0
94582 71 -1 -24 0
94582 -72 1 0
94582 -72 25 0
94582 72 -1 -25 0
94582 -73 1 0
94582 -73 26 0
94582 73 -1 -26 0
94582 -74 1 0
94582 -74 27 0
94582 74 -1 -27 0
94582 -75 1 0
94582 -75 28 0
94582 75 -1 -28 0
94582 -76 1 0
94582 -76 29 0
94582 76 -1 -29 0
94582 -77 1 0
94582 -77 30 0
94582 77 -1 -30 0
94582 -78 1 0
94582 -78 31 0
94582 78 -1 -31 0
94582 -79 1 0
94582 -79 32 0
94582 79 -1 -32 0
94582 -80 1 0
94582 -80 33 0
94582 80 -1 -33 0
94582 -81 1 0
94582 -81 34 0
94582 81 -1 -34 0
94582 -82 1 0
94582 -82 35 0
94582 82 -1 -35 0
94582 -83 1 0
94582 -83 36 0
94582 83 -1 -36 0
94582 -84 1 0
94582 -84 37 0
94582 84 -1 -37 0
94582 -85 1 0
94582 -85 38 0
94582 85 -1 -38 0
94582 -86 1 0
94582 -86 39 0
94582 86 -1 -39 0
94582 -87 1 0
94582 -87 40 0
94582 87 -1 -40 0
94582 -88 1 0
94582 -88 41 0
94582 88 -1 -41 0
94582 -89 1 0
94582 -89 42 0
94582 89 -1 -42 0
94582 -90 1 0
94582 -90 43 0
94582 90 -1 -43 0
94582 -91 1 0
94582 -91 44 0
94582 91 -1 -44 0
94582 -92 1 0
94582 -92 45 0
94582 92 -1 -45 0
94582 -93 1 0
94582 -93 46 0
94582 93 -1 -46 0
94582 -94 1 0
94582 -94 47 0
94582 94 -1 -47 0
94582 -95 2 0
94582 -95 3 0
94582 95 -2 -3 0
94582 -96 2 0
94582 -96 4 0
94582 96 -2 -4 0
94582 -97 2 0
94582 -97 5 0
94582 97 -2 -5 0
94582 -98 2 0
94582 -98 6 0
94582 98 -2 -6 0
94582 -99 2 0
94582 -99 7 0
94582 99 -2 -7 0
94582 -100 2 0
94582 -100 8 0
94582 100 -2 -8 0
94582 -101 2 0
94582 -101 9 0
94582 101 -2 -9 0
94582 -102 2 0
94582 -102 10 0
94582 102 -2 -10 0
94582 -103 2 0
94582 -103 11 0
94582 103 -2 -11 0
94582 -104 2 0
94582 -104 12 0
94582 104 -2 -12 0
94582 -105 2 0
94582 -105 13 0
94582 105 -2 -13 0
94582 -106 2 0
94582 -106 14 0
94582 106 -2 -14 0
94582 -107 2 0
94582 -107 15 0
94582 107 -2 -15 0
94582 -108 2 0
94582 -108 16 0
94582 108 -2 -16 0
94582 -109 2 0
94582 -109 17 0
94582 109 -2 -17 0
94582 -110 2 0
94582 -110 18 0
94582 110 -2 -18 0
94582 -111 2 0
94582 -111 19 0
94582 111 -2 -19 0
94582 -112 2 0
94582 -112 20 0
94582 112 -2 -20 0
94582 -113 2 0
94582 -113 21 0
94582 113 -2 -21 0
94582 -114 2 0
94582 -114 22 0
94582 114 -2 -22 0
94582 -115 2 0
94582 -115 23 0
94582 115 -2 -23 0
94582 -116 2 0
94582 -116 24 0
94582 116 -2 -24 0
94582 -117 2 0
94582 -117 25 0
94582 117 -2 -25 0
94582 -118 2 0
94582 -118 26 0
94582 118 -2 -26 0
94582 -119 2 0
94582 -119 27 0
94582 119 -2 -27 0
94582 -120 2 0
94582 -120 28 0
94582 120 -2 -28 0
94582 -121 2 0
94582 -121 29 0
94582 121 -2 -29 0
94582 -122 2 0
94582 -122 30 0
94582 122 -2 -30 0
94582 -123 2 0
94582 -123 31 0
94582 123 -2 -31 0
94582 -124 2 0
94582 -124 32 0
94582 124 -2 -32 0
94582 -125 2 0
94582 -125 33 0
94582 125 -2 -33 0
94582 -126 2 0
94582 -126 34 0
94582 126 -2 -34 0
94582 -127 2 0
94582 -127 35 0
94582 127 -2 -35 0
94582 -128 2 0
94582 -128 36 0
94582 128 -2 -36 0
94582 -129 2 0
94582 -129 37 0
94582 129 -2 -37 0
94582 -130 2 0
94582 -130 38 0
94582 130 -2 -38 0
94582 -131 2 0
94582 -131 39 0
94582 131 -2 -39 0
94582 -132 2 0
94582 -132 40 0
94582 132 -2 -40 0
94582 -133 2 0
94582 -133 41 0
94582 133 -2 -41 0
94582 -134 2 0
94582 -134 42 0
94582 134 -2 -42 0
94582 -135 2 0
94582 -135 43 0
94582 135 -2 -43 0
94582 -136 2 0
94582 -136 44 0
94582 136 -2 -44 0
94582 -137 2 0
94582 -137 45 0
94582 137 -2 -45 0
94582 -138 2 0
94582 -138 46 0
94582 138 -2 -46 0
94582 -139 2 0
94582 -139 47 0
94582 139 -2 -47 0
94582 -140 3 0
94582 -140 4 0
94582 140 -3 -4 0
94582 -141 3 0
94582 -141 5 0
94582 141 -3 -5 0
94582 -142 3 0
94582 -142 6 0
94582 142 -3 -6 0
94582 -143 3 0
94582 -143 7 0
94582 143 -3 -7 0
94582 -144 3 0
94582 -144 8 0
94582 144 -3 -8 0
94582 -145 3 0
94582 -145 9 0
94582 145 -3 -9 0
94582 -146 3 0
94582 -146 10 0
94582 146 -3 -10 0
94582 -147 3 0
94582 -147 11 0
94582 147 -3 -11 0
94582 -148 3 0
94582 -148 12 0
94582 148 -3 -12 0
94582 -149 3 0
94582 -149 13 0
94582 149 -3 -13 0
94582 -150 3 0
94582 -150 14 0
94582 150 -3 -14 0
94582 -151 3 0
94582 -151 15 0
94582 151 -3 -15 0
94582 -152 3 0
94582 -152 16 0
94582 152 -3 -16 0
94582 -153 3 0
94582 -153 17 0
94582 153 -3 -17 0
94582 -154 3 0
94582 -154 18 0
94582 154 -3 -18 0
94582 -155 3 0
94582 -155 19 0
94582 155 -3 -19 0
94582 -156 3 0
94582 -156 20 0
94582 156 -3 -20 0
94582 -157 3 0
94582 -157 21 0
94582 157 -3 -21 0
94582 -158 3 0
94582 -158 22 0
94582 158 -3 -22 0
94582 -159 3 0
94582 -159 23 0
94582 159 -3 -23 0
94582 -160 3 0
94582 -160 24 0
94582 160 -3 -24 0
94582 -161 3 0
94582 -161 25 0
94582 161 -3 -25 0
94582 -162 3 0
94582 -162 26 0
94582 162 -3 -26 0
94582 -163 3 0
94582 -163 27 0
94582 163 -3 -27 0
94582 -164 3 0
94582 -164 28 0
94582 164 -3 -28 0
94582 -165 3 0
94582 -165 29 0
94582 165 -3 -29 0
94582 -166 3 0
94582 -166 30 0
94582 166 -3 -30 0
94582 -167 3 0
94582 -167 31 0
94582 167 -3 -31 0
94582 -168 3 0
94582 -168 32 0
94582 168 -3 -32 0
94582 -169 3 0
94582 -169 33 0
94582 169 -3 -33 0
94582 -170 3 0
94582 -170 34 0
94582 170 -3 -34 0
94582 -171 3 0
94582 -171 35 0
94582 171 -3 -35 0
94582 -172 3 0
94582 -172 36 0
94582 172 -3 -36 0
94582 -173 3 0
94582 -173 37 0
94582 173 -3 -37 0
94582 -174 3 0
94582 -174 38 0
94582 174 -3 -38 0
94582 -175 3 0
94582 -175 39 0
94582 175 -3 -39 0
94582 -176 3 0
94582 -176 40 0
94582 176 -3 -40 0
94582 -177 3 0
94582 -177 41 0
94582 177 -3 -41 0
94582 -178 3 0
94582 -178 42 0
94582 178 -3 -42 0
94582 -179 3 0
94582 -179 43 0
94582 179 -3 -43 0
94582 -180 3 0
94582 -180 44 0
94582 180 -3 -44 0
94582 -181 3 0
94582 -181 45 0
94582 181 -3 -45 0
94582 -182 3 0
94582 -182 46 0
94582 182 -3 -46 0
94582 -183 3 0
94582 -183 47 0
94582 183 -3 -47 0
94582 -184 4 0
94582 -184 5 0
94582 184 -4 -5 0
94582 -185 4 0
94582 -185 6 0
94582 185 -4 -6 0
94582 -186 4 0
94582 -186 7 0
94582 186 -4 -7 0
94582 -187 4 0
94582 -187 8 0
94582 187 -4 -8 0
94582 -188 4 0
94582 -188 9 0
94582 188 -4 -9 0
94582 -189 4 0
94582 -189 10 0
94582 189 -4 -10 0
94582 -190 4 0
94582 -190 11 0
94582 190 -4 -11 0
94582 -191 4 0
94582 -191 12 0
94582 191 -4 -12 0
94582 -192 4 0
94582 -192 13 0
94582 192 -4 -13 0
94582 -193 4 0
94582 -193 14 0
94582 193 -4 -14 0
94582 -194 4 0
94582 -194 15 0
94582 194 -4 -15 0
94582 -195 4 0
94582 -195 16 0
94582 195 -4 -16 0
94582 -196 4 0
94582 -196 17 0
94582 196 -4 -17 0
94582 -197 4 0
94582 -197 18 0
94582 197 -4 -18 0
94582 -198 4 0
94582 -198 19 0
94582 198 -4 -19 0
94582 -199 4 0
94582 -199 20 0
94582 199 -4 -20 0
94582 -200 4 0
94582 -200 21 0
94582 200 -4 -21 0
94582 -201 4 0
94582 -201 22 0
94582 201 -4 -22 0
94582 -202 4 0
94582 -202 23 0
94582 202 -4 -23 0
94582 -203 4 0
94582 -203 24 0
94582 203 -4 -24 0
94582 -204 4 0
94582 -204 25 0
94582 204 -4 -25 0
94582 -205 4 0
94582 -205 26 0
94582 205 -4 -26 0
94582 -206 4 0
94582 -206 27 0
94582 206 -4 -27 0
94582 -207 4 0
94582 -207 28 0
94582 207 -4 -28 0
94582 -208 4 0
94582 -208 29 0
94582 208 -4 -29 0
94582 -209 4 0
94582 -209 30 0
94582 209 -4 -30 0
94582 -210 4 0
94582 -210 31 0
94582 210 -4 -31 0
94582 -211 4 0
94582 -211 32 0
94582 211 -4 -32 0
94582 -212 4 0
94582 -212 33 0
94582 212 -4 -33 0
94582 -213 4 0
94582 -213 34 0
94582 213 -4 -34 0
94582 -214 4 0
94582 -214 35 0
94582 214 -4 -35 0
94582 -215 4 0
94582 -215 36 0
94582 215 -4 -36 0
94582 -216 4 0
94582 -216 37 0
94582 216 -4 -37 0
94582 -217 4 0
94582 -217 38 0
94582 217 -4 -38 0
94582 -218 4 0
94582 -218 39 0
94582 218 -4 -39 0
94582 -219 4 0
94582 -219 40 0
94582 219 -4 -40 0
94582 -220 4 0
94582 -220 41 0
94582 220 -4 -41 0
94582 -221 4 0
94582 -221 42 0
94582 221 -4 -42 0
94582 -222 4 0
94582 -222 43 0
94582 222 -4 -43 0
94582 -223 4 0
94582 -223 44 0
94582 223 -4 -44 0
94582 -224 4 0
94582 -224 45 0
94582 224 -4 -45 0
94582 -225 4 0
94582 -225 46 0
94582 225 -4 -46 0
94582 -226 4 0
94582 -226 47 0
94582 226 -4 -47 0
94582 -227 5 0
94582 -227 6 0
94582 227 -5 -6 0
94582 -228 5 0
94582 -228 7 0
94582 228 -5 -7 0
94582 -229 5 0
94582 -229 8 0
94582 229 -5 -8 0
94582 -230 5 0
94582 -230 9 0
94582 230 -5 -9 0
94582 -231 5 0
94582 -231 10 0
94582 231 -5 -10 0
94582 -232 5 0
94582 -232 11 0
94582 232 -5 -11 0
94582 -233 5 0
94582 -233 12 0
94582 233 -5 -12 0
94582 -234 5 0
94582 -234 13 0
94582 234 -5 -13 0
94582 -235 5 0
94582 -235 14 0
94582 235 -5 -14 0
94582 -236 5 0
94582 -236 15 0
94582 236 -5 -15 0
94582 -237 5 0
94582 -237 16 0
94582 237 -5 -16 0
94582 -238 5 0
94582 -238 17 0
94582 238 -5 -17 0
94582 -239 5 0
94582 -239 18 0
94582 239 -5 -18 0
94582 -240 5 0
94582 -240 19 0
94582 240 -5 -19 0
94582 -241 5 0
94582 -241 20 0
94582 241 -5 -20 0
94582 -242 5 0
94582 -242 21 0
94582 242 -5 -21 0
94582 -243 5 0
94582 -243 22 0
94582 243 -5 -22 0
94582 -244 5 0
94582 -244 23 0
94582 244 -5 -23 0
94582 -245 5 0
94582 -245 24 0
94582 245 -5 -24 0
94582 -246 5 0
94582 -246 25 0
94582 246 -5 -25 0
94582 -247 5 0
94582 -247 26 0
94582 247 -5 -26 0
94582 -248 5 0
94582 -248 27 0
94582 248 -5 -27 0
94582 -249 5 0
94582 -249 28 0
94582 249 -5 -28 0
94582 -250 5 0
94582 -250 29 0
94582 250 -5 -29 0
94582 -251 5 0
94582 -251 30 0
94582 251 -5 -30 0
94582 -252 5 0
94582 -252 31 0
94582 252 -5 -31 0
94582 -253 5 0
94582 -253 32 0
94582 253 -5 -32 0
94582 -254 5 0
94582 -254 33 0
94582 254 -5 -33 0
94582 -255 5 0
94582 -255 34 0
94582 255 -5 -34 0
94582 -256 5 0
94582 -256 35 0
94582 256 -5 -35 0
94582 -257 5 0
94582 -257 36 0
94582 257 -5 -36 0
94582 -258 5 0
94582 -258 37 0
94582 258 -5 -37 0
94582 -259 5 0
94582 -259 38 0
94582 259 -5 -38 0
94582 -260 5 0
94582 -260 39 0
94582 260 -5 -39 0
94582 -261 5 0
94582 -261 40 0
94582 261 -5 -40 0
94582 -262 5 0
94582 -262 41 0
94582 262 -5 -41 0
94582 -263 5 0
94582 -263 42 0
94582 263 -5 -42 0
94582 -264 5 0
94582 -264 43 0
94582 264 -5 -43 0
94582 -265 5 0
94582 -265 44 0
94582 265 -5 -44 0
94582 -266 5 0
94582 -266 45 0
94582 266 -5 -45 0
94582 -267 5 0
94582 -267 46 0
94582 267 -5 -46 0
94582 -268 5 0
94582 -268 47 0
94582 268 -5 -47 0
94582 -269 6 0
94582 -269 7 0
94582 269 -6 -7 0
94582 -270 6 0
94582 -270 8 0
94582 270 -6 -8 0
94582 -271 6 0
94582 -271 9 0
94582 271 -6 -9 0
94582 -272 6 0
94582 -272 10 0
94582 272 -6 -10 0
94582 -273 6 0
94582 -273 11 0
94582 273 -6 -11 0
94582 -274 6 0
94582 -274 12 0
94582 274 -6 -12 0
94582 -275 6 0
94582 -275 13 0
94582 275 -6 -13 0
94582 -276 6 0
94582 -276 14 0
94582 276 -6 -14 0
94582 -277 6 0
94582 -277 15 0
94582 277 -6 -15 0
94582 -278 6 0
94582 -278 16 0
94582 278 -6 -16 0
94582 -279 6 0
94582 -279 17 0
94582 279 -6 -17 0
94582 -280 6 0
94582 -280 18 0
94582 280 -6 -18 0
94582 -281 6 0
94582 -281 19 0
94582 281 -6 -19 0
94582 -282 6 0
94582 -282 20 0
94582 282 -6 -20 0
94582 -283 6 0
94582 -283 21 0
94582 283 -6 -21 0
94582 -284 6 0
94582 -284 22 0
94582 284 -6 -22 0
94582 -285 6 0
94582 -285 23 0
94582 285 -6 -23 0
94582 -286 6 0
94582 -286 24 0
94582 286 -6 -24 0
94582 -287 6 0
94582 -287 25 0
94582 287 -6 -25 0
94582 -288 6 0
94582 -288 26 0
94582 288 -6 -26 0
94582 -289 6 0
94582 -289 27 0
94582 289 -6 -27 0
94582 -290 6 0
94582 -290 28 0
94582 290 -6 -28 0
94582 -291 6 0
94582 -291 29 0
94582 291 -6 -29 0
94582 -292 6 0
94582 -292 30 0
94582 292 -6 -30 0
94582 -293 6 0
94582 -293 31 0
94582 293 -6 -31 0
94582 -294 6 0
94582 -294 32 0
94582 294 -6 -32 0
94582 -295 6 0
94582 -295 33 0
94582 295 -6 -33 0
94582 -296 6 0
94582 -296 34 0
94582 296 -6 -34 0
94582 -297 6 0
94582 -297 35 0
94582 297 -6 -35 0
94582 -298 6 0
94582 -298 36 0
94582 298 -6 -36 0
94582 -299 6 0
94582 -299 37 0
94582 299 -6 -37 0
94582 -300 6 0
94582 -300 38 0
94582 300 -6 -38 0
94582 -301 6 0
94582 -301 39 0
94582 301 -6 -39 0
94582 -302 6 0
94582 -302 40 0
94582 302 -6 -40 0
94582 -303 6 0
94582 -303 41 0
94582 303 -6 -41 0
94582 -304 6 0
94582 -304 42 0
94582 304 -6 -42 0
94582 -305 6 0
94582 -305 43 0
94582 305 -6 -43 0
94582 -306 6 0
94582 -306 44 0
94582 306 -6 -44 0
94582 -307 6 0
94582 -307 45 0
94582 307 -6 -45 0
94582 -308 6 0
94582 -308 46 0
94582 308 -6 -46 0
94582 -309 6 0
94582 -309 47 0
94582 309 -6 -47 0
94582 -310 7 0
94582 -310 8 0
94582 310 -7 -8 0
94582 -311 7 0
94582 -311 9 0
94582 311 -7 -9 0
94582 -312 7 0
94582 -312 10 0
94582 312 -7 -10 0
94582 -313 7 0
94582 -313 11 0
94582 313 -7 -11 0
94582 -314 7 0
94582 -314 12 0
94582 314 -7 -12 0
94582 -315 7 0
94582 -315 13 0
94582 315 -7 -13 0
94582 -316 7 0
94582 -316 14 0
94582 316 -7 -14 0
94582 -317 7 0
94582 -317 15 0
94582 317 -7 -15 0
94582 -318 7 0
94582 -318 16 0
94582 318 -7 -16 0
94582 -319 7 0
94582 -319 17 0
94582 319 -7 -17 0
94582 -320 7 0
94582 -320 18 0
94582 320 -7 -18 0
94582 -321 7 0
94582 -321 19 0
94582 321 -7 -19 0
94582 -322 7 0
94582 -322 20 0
94582 322 -7 -20 0
94582 -323 7 0
94582 -323 21 0
94582 323 -7 -21 0
94582 -324 7 0
94582 -324 22 0
94582 324 -7 -22 0
94582 -325 7 0
94582 -325 23 0
94582 325 -7 -23 0
94582 -326 7 0
94582 -326 24 0
94582 326 -7 -24 0
94582 -327 7 0
94582 -327 25 0
94582 327 -7 -25 0
94582 -328 7 0
94582 -328 26 0
94582 328 -7 -26 0
94582 -329 7 0
94582 -329 27 0
94582 329 -7 -27 0
94582 -330 7 0
94582 -330 28 0
94582 330 -7 -28 0
94582 -331 7 0
94582 -331 29 0
94582 331 -7 -29 0
94582 -332 7 0
94582 -332 30 0
94582 332 -7 -30 0
94582 -333 7 0
94582 -333 31 0
94582 333 -7 -31 0
94582 -334 7 0
94582 -334 32 0
94582 334 -7 -32 0
94582 -335 7 0
94582 -335 33 0
94582 335 -7 -33 0
94582 -336 7 0
94582 -336 34 0
94582 336 -7 -34 0
94582 -337 7 0
94582 -337 35 0
94582 337 -7 -35 0
94582 -338 7 0
94582 -338 36 0
94582 338 -7 -36 0
94582 -339 7 0
94582 -339 37 0
94582 339 -7 -37 0
94582 -340 7 0
94582 -340 38 0
94582 340 -7 -38 0
94582 -341 7 0
94582 -341 39 0
94582 341 -7 -39 0
94582 -342 7 0
94582 -342 40 0
94582 342 -7 -40 0
94582 -343 7 0
94582 -343 41 0
94582 343 -7 -41 0
94582 -344 7 0
94582 -344 42 0
94582 344 -7 -42 0
94582 -345 7 0
94582 -345 43 0
94582 345 -7 -43 0
94582 -346 7 0
94582 -346 44 0
94582 346 -7 -44 0
94582 -347 7 0
94582 -347 45 0
94582 347 -7 -45 0
94582 -348 7 0
94582 -348 46 0
94582 348 -7 -46 0
94582 -349 7 0
94582 -349 47 0
94582 349 -7 -47 0
94582 -350 8 0
94582 -350 9 0
94582 350 -8 -9 0
94582 -351 8 0
94582 -351 10 0
94582 351 -8 -10 0
94582 -352 8 0
94582 -352 11 0
94582 352 -8 -11 0
94582 -353 8 0
94582 -353 12 0
94582 353 -8 -12 0
94582 -354 8 0
94582 -354 13 0
94582 354 -8 -13 0
94582 -355 8 0
94582 -355 14 0
94582 355 -8 -14 0
94582 -356 8 0
94582 -356 15 0
94582 356 -8 -15 0
94582 -357 8 0
94582 -357 16 0
94582 357 -8 -16 0
94582 -358 8 0
94582 -358 17 0
94582 358 -8 -17 0
94582 -359 8 0
94582 -359 18 0
94582 359 -8 -18 0
94582 -360 8 0
94582 -360 19 0
94582 360 -8 -19 0
94582 -361 8 0
94582 -361 20 0
94582 361 -8 -20 0
94582 -362 8 0
94582 -362 21 0
94582 362 -8 -21 0
94582 -363 8 0
94582 -363 22 0
94582 363 -8 -22 0
94582 -364 8 0
94582 -364 23 0
94582 364 -8 -23 0
94582 -365 8 0
94582 -365 24 0
94582 365 -8 -24 0
94582 -366 8 0
94582 -366 25 0
94582 366 -8 -25 0
94582 -367 8 0
94582 -367 26 0
94582 367 -8 -26 0
94582 -368 8 0
94582 -368 27 0
94582 368 -8 -27 0
94582 -369 8 0
94582 -369 28 0
94582 369 -8 -28 0
94582 -370 8 0
94582 -370 29 0
94582 370 -8 -29 0
94582 -371 8 0
94582 -371 30 0
94582 371 -8 -30 0
94582 -372 8 0
94582 -372 31 0
94582 372 -8 -31 0
94582 -373 8 0
94582 -373 32 0
94582 373 -8 -32 0
94582 -374 8 0
94582 -374 33 0
94582 374 -8 -33 0
94582 -375 8 0
94582 -375 34 0
94582 375 -8 -34 0
94582 -376 8 0
94582 -376 35 0
94582 376 -8 -35 0
94582 -377 8 0
94582 -377 36 0
94582 377 -8 -36 0
94582 -378 8 0
94582 -378 37 0
94582 378 -8 -37 0
94582 -379 8 0
94582 -379 38 0
94582 379 -8 -38 0
94582 -380 8 0
94582 -380 39 0
94582 380 -8 -39 0
94582 -381 8 0
94582 -381 40 0
94582 381 -8 -40 0
94582 -382 8 0
94582 -382 41 0
94582 382 -8 -41 0
94582 -383 8 0
94582 -383 42 0
94582 383 -8 -42 0
94582 -384 8 0
94582 -384 43 0
94582 384 -8 -43 0
94582 -385 8 0
94582 -385 44 0
94582 385 -8 -44 0
94582 -386 8 0
94582 -386 45 0
94582 386 -8 -45 0
94582 -387 8 0
94582 -387 46 0
94582 387 -8 -46 0
94582 -388 8 0
94582 -388 47 0
94582 388 -8 -47 0
94582 -389 9 0
94582 -389 10 0
94582 389 -9 -10 0
94582 -390 9 0
94582 -390 11 0
94582 390 -9 -11 0
94582 -391 9 0
94582 -391 12 0
94582 391 -9 -12 0
94582 -392 9 0
94582 -392 13 0
94582 392 -9 -13 0
94582 -393 9 0
94582 -393 14 0
94582 393 -9 -14 0
94582 -394 9 0
94582 -394 15 0
94582 394 -9 -15 0
94582 -395 9 0
94582 -395 16 0
94582 395 -9 -16 0
94582 -396 9 0
94582 -396 17 0
94582 396 -9 -17 0
94582 -397 9 0
94582 -397 18 0
94582 397 -9 -18 0
94582 -398 9 0
94582 -398 19 0
94582 398 -9 -19 0
94582 -399 9 0
94582 -399 20 0
94582 399 -9 -20 0
94582 -400 9 0
94582 -400 21 0
94582 400 -9 -21 0
94582 -401 9 0
94582 -401 22 0
94582 401 -9 -22 0
94582 -402 9 0
94582 -402 23 0
94582 402 -9 -23 0
94582 -403 9 0
94582 -403 24 0
94582 403 -9 -24 0
94582 -404 9 0
94582 -404 25 0
94582 404 -9 -25 0
94582 -405 9 0
94582 -405 26 0
94582 405 -9 -26 0
94582 -406 9 0
94582 -406 27 0
94582 406 -9 -27 0
94582 -407 9 0
94582 -407 28 0
94582 407 -9 -28 0
94582 -408 9 0
94582 -408 29 0
94582 408 -9 -29 0
94582 -409 9 0
94582 -409 30 0
94582 409 -9 -30 0
94582 -410 9 0
94582 -410 31 0
94582 410 -9 -31 0
94582 -411 9 0
94582 -411 32 0
94582 411 -9 -32 0
94582 -412 9 0
94582 -412 33 0
94582 412 -9 -33 0
94582 -413 9 0
94582 -413 34 0
94582 413 -9 -34 0
94582 -414 9 0
94582 -414 35 0
94582 414 -9 -35 0
94582 -415 9 0
94582 -415 36 0
94582 415 -9 -36 0
94582 -416 9 0
94582 -416 37 0
94582 416 -9 -37 0
94582 -417 9 0
94582 -417 38 0
94582 417 -9 -38 0
94582 -418 9 0
94582 -418 39 0
94582 418 -9 -39 0
94582 -419 9 0
94582 -419 40 0
94582 419 -9 -40 0
94582 -420 9 0
94582 -420 41 0
94582 420 -9 -41 0
94582 -421 9 0
94582 -421 42 0
94582 421 -9 -42 0
94582 -422 9 0
94582 -422 43 0
94582 422 -9 -43 0
94582 -423 9 0
94582 -423 44 0
94582 423 -9 -44 0
94582 -424 9 0
94582 -424 45 0
94582 424 -9 -45 0
94582 -425 9 0
94582 -425 46 0
94582 425 -9 -46 0
94582 -426 9 0
94582 -426 47 0
94582 426 -9 -47 0
94582 -427 10 0
94582 -427 11 0
94582 427 -10 -11 0
94582 -428 10 0
94582 -428 12 0
94582 428 -10 -12 0
94582 -429 10 0
94582 -429 13 0
94582 429 -10 -13 0
94582 -430 10 0
94582 -430 14 0
94582 430 -10 -14 0
94582 -431 10 0
94582 -431 15 0
94582 431 -10 -15 0
94582 -432 10 0
94582 -432 16 0
94582 432 -10 -16 0
94582 -433 10 0
94582 -433 17 0
94582 433 -10 -17 0
94582 -434 10 0
94582 -434 18 0
94582 434 -10 -18 0
94582 -435 10 0
94582 -435 19 0
94582 435 -10 -19 0
94582 -436 10 0
94582 -436 20 0
94582 436 -10 -20 0
94582 -437 10 0
94582 -437 21 0
94582 437 -10 -21 0
94582 -438 10 0
94582 -438 22 0
94582 438 -10 -22 0
94582 -439 10 0
94582 -439 23 0
94582 439 -10 -23 0
94582 -440 10 0
94582 -440 24 0
94582 440 -10 -24 0
94582 -441 10 0
94582 -441 25 0
94582 441 -10 -25 0
94582 -442 10 0
94582 -442 26 0
94582 442 -10 -26 0
94582 -443 10 0
94582 -443 27 0
94582 443 -10 -27 0
94582 -444 10 0
94582 -444 28 0
94582 444 -10 -28 0
94582 -445 10 0
94582 -445 29 0
94582 445 -10 -29 0
94582 -446 10 0
94582 -446 30 0
94582 446 -10 -30 0
94582 -447 10 0
94582 -447 31 0
94582 447 -10 -31 0
94582 -448 10 0
94582 -448 32 0
94582 448 -10 -32 0
94582 -449 10 0
94582 -449 33 0
94582 449 -10 -33 0
94582 -450 10 0
94582 -450 34 0
94582 450 -10 -34 0
94582 -451 10 0
94582 -451 35 0
94582 451 -10 -35 0
94582 -452 10 0
94582 -452 36 0
94582 452 -10 -36 0
94582 -453 10 0
94582 -453 37 0
94582 453 -10 -37 0
94582 -454 10 0
94582 -454 38 0
94582 454 -10 -38 0
94582 -455 10 0
94582 -455 39 0
94582 455 -10 -39 0
94582 -456 10 0
94582 -456 40 0
94582 456 -10 -40 0
94582 -457 10 0
94582 -457 41 0
94582 457 -10 -41 0
94582 -458 10 0
94582 -458 42 0
94582 458 -10 -42 0
94582 -459 10 0
94582 -459 43 0
94582 459 -10 -43 0
94582 -460 10 0
94582 -460 44 0
94582 460 -10 -44 0
94582 -461 10 0
94582 -461 45 0
94582 461 -10 -45 0
94582 -462 10 0
94582 -462 46 0
94582 462 -10 -46 0
94582 -463 10 0
94582 -463 47 0
94582 463 -10 -47 0
94582 -464 11 0
94582 -464 12 0
94582 464 -11 -12 0
94582 -465 11 0
94582 -465 13 0
94582 465 -11 -13 0
94582 -466 11 0
94582 -466 14 0
94582 466 -11 -14 0
94582 -467 11 0
94582 -467 15 0
94582 467 -11 -15 0
94582 -468 11 0
94582 -468 16 0
94582 468 -11 -16 0
94582 -469 11 0
94582 -469 17 0
94582 469 -11 -17 0
94582 -470 11 0
94582 -470 18 0
94582 470 -11 -18 0
94582 -471 11 0
94582 -471 19 0
94582 471 -11 -19 0
94582 -472 11 0
94582 -472 20 0
94582 472 -11 -20 0
94582 -473 11 0
94582 -473 21 0
94582 473 -11 -21 0
94582 -474 11 0
94582 -474 22 0
94582 474 -11 -22 0
94582 -475 11 0
94582 -475 23 0
94582 475 -11 -23 0
94582 -476 11 0
94582 -476 24 0
94582 476 -11 -24 0
94582 -477 11 0
94582 -477 25 0
94582 477 -11 -25 0
94582 -478 11 0
94582 -478 26 0
94582 478 -11 -26 0
94582 -479 11 0
94582 -479 27 0
94582 479 -11 -27 0
94582 -480 11 0
94582 -480 28 0
94582 480 -11 -28 0
94582 -481 11 0
94582 -481 29 0
94582 481 -11 -29 0
94582 -482 11 0
94582 -482 30 0
94582 482 -11 -30 0
94582 -483 11 0
94582 -483 31 0
94582 483 -11 -31 0
94582 -484 11 0
94582 -484 32 0
94582 484 -11 -32 0
94582 -485 11 0
94582 -485 33 0
94582 485 -11 -33 0
94582 -486 11 0
94582 -486 34 0
94582 486 -11 -34 0
94582 -487 11 0
94582 -487 35 0
94582 487 -11 -35 0
94582 -488 11 0
94582 -488 36 0
94582 488 -11 -36 0
94582 -489 11 0
94582 -489 37 0
94582 489 -11 -37 0
94582 -490 11 0
94582 -490 38 0
94582 490 -11 -38 0
94582 -491 11 0
94582 -491 39 0
94582 491 -11 -39 0
94582 -492 11 0
94582 -492 40 0
94582 492 -11 -40 0
94582 -493 11 0
94582 -493 41 0
94582 493 -11 -41 0
94582 -494 11 0
94582 -494 42 0
94582 494 -11 -42 0
94582 -495 11 0
94582 -495 43 0
94582 495 -11 -43 0
94582 -496 11 0
94582 -496 44 0
94582 496 -11 -44 0
94582 -497 11 0
94582 -497 45 0
94582 497 -11 -45 0
94582 -498 11 0
94582 -498 46 0
94582 498 -11 -46 0
94582 -499 11 0
94582 -499 47 0
94582 499 -11 -47 0
94582 -500 12 0
94582 -500 13 0
94582 500 -12 -13 0
94582 -501 12 0
94582 -501 14 0
94582 501 -12 -14 0
94582 -502 12 0
94582 -502 15 0
94582 502 -12 -15 0
94582 -503 12 0
94582 -503 16 0
94582 503 -12 -16 0
94582 -504 12 0
94582 -504 17 0
94582 504 -12 -17 0
94582 -505 12 0
94582 -505 18 0
94582 505 -12 -18 0
94582 -506 12 0
94582 -506 19 0
94582 506 -12 -19 0
94582 -507 12 0
94582 -507 20 0
94582 507 -12 -20 0
94582 -508 12 0
94582 -508 21 0
94582 508 -12 -21 0
94582 -509 12 0
94582 -509 22 0
94582 509 -12 -22 0
94582 -510 12 0
94582 -510 23 0
94582 510 -12 -23 0
94582 -511 12 0
94582 -511 24 0
94582 511 -12 -24 0
94582 -512 12 0
94582 -512 25 0
94582 512 -12 -25 0
94582 -513 12 0
94582 -513 26 0
94582 513 -12 -26 0
94582 -514 12 0
94582 -514 27 0
94582 514 -12 -27 0
94582 -515 12 0
94582 -515 28 0
94582 515 -12 -28 0
94582 -516 12 0
94582 -516 29 0
94582 516 -12 -29 0
94582 -517 12 0
94582 -517 30 0
94582 517 -12 -30 0
94582 -518 12 0
94582 -518 31 0
94582 518 -12 -31 0
94582 -519 12 0
94582 -519 32 0
94582 519 -12 -32 0
94582 -520 12 0
94582 -520 33 0
94582 520 -12 -33 0
94582 -521 12 0
94582 -521 34 0
94582 521 -12 -34 0
94582 -522 12 0
94582 -522 35 0
94582 522 -12 -35 0
94582 -523 12 0
94582 -523 36 0
94582 523 -12 -36 0
94582 -524 12 0
94582 -524 37 0
94582 524 -12 -37 0
94582 -525 12 0
94582 -525 38 0
94582 525 -12 -38 0
94582 -526 12 0
94582 -526 39 0
94582 526 -12 -39 0
94582 -527 12 0
94582 -527 40 0
94582 527 -12 -40 0
94582 -528 12 0
94582 -528 41 0
94582 528 -12 -41 0
94582 -529 12 0
94582 -529 42 0
94582 529 -12 -42 0
94582 -530 12 0
94582 -530 43 0
94582 530 -12 -43 0
94582 -531 12 0
94582 -531 44 0
94582 531 -12 -44 0
94582 -532 12 0
94582 -532 45 0
94582 532 -12 -45 0
94582 -533 12 0
94582 -533 46 0
94582 533 -12 -46 0
94582 -534 12 0
94582 -534 47 0
94582 534 -12 -47 0
94582 -535 13 0
94582 -535 14 0
94582 535 -13 -14 0
94582 -536 13 0
94582 -536 15 0
94582 536 -13 -15 0
94582 -537 13 0
94582 -537 16 0
94582 537 -13 -16 0
94582 -538 13 0
94582 -538 17 0
94582 538 -13 -17 0
94582 -539 13 0
94582 -539 18 0
94582 539 -13 -18 0
94582 -540 13 0
94582 -540 19 0
94582 540 -13 -19 0
94582 -541 13 0
94582 -541 20 0
94582 541 -13 -20 0
94582 -542 13 0
94582 -542 21 0
94582 542 -13 -21 0
94582 -543 13 0
94582 -543 22 0
94582 543 -13 -22 0
94582 -544 13 0
94582 -544 23 0
94582 544 -13 -23 0
94582 -545 13 0
94582 -545 24 0
94582 545 -13 -24 0
94582 -546 13 0
94582 -546 25 0
94582 546 -13 -25 0
94582 -547 13 0
94582 -547 26 0
94582 547 -13 -26 0
94582 -548 13 0
94582 -548 27 0
94582 548 -13 -27 0
94582 -549 13 0
94582 -549 28 0
94582 549 -13 -28 0
94582 -550 13 0
94582 -550 29 0
94582 550 -13 -29 0
94582 -551 13 0
94582 -551 30 0
94582 551 -13 -30 0
94582 -552 13 0
94582 -552 31 0
94582 552 -13 -31 0
94582 -553 13 0
94582 -553 32 0
94582 553 -13 -32 0
94582 -554 13 0
94582 -554 33 0
94582 554 -13 -33 0
94582 -555 13 0
94582 -555 34 0
94582 555 -13 -34 0
94582 -556 13 0
94582 -556 35 0
94582 556 -13 -35 0
94582 -557 13 0
94582 -557 36 0
94582 557 -13 -36 0
94582 -558 13 0
94582 -558 37 0
94582 558 -13 -37 0
94582 -559 13 0
94582 -559 38 0
94582 559 -13 -38 0
94582 -560 13 0
94582 -560 39 0
94582 560 -13 -39 0
94582 -561 13 0
94582 -561 40 0
94582 561 -13 -40 0
94582 -562 13 0
94582 -562 41 0
94582 562 -13 -41 0
94582 -563 13 0
94582 -563 42 0
94582 563 -13 -42 0
94582 -564 13 0
94582 -564 43 0
94582 564 -13 -43 0
94582 -565 13 0
94582 -565 44 0
94582 565 -13 -44 0
94582 -566 13 0
94582 -566 45 0
94582 566 -13 -45 0
94582 -567 13 0
94582 -567 46 0
94582 567 -13 -46 0
94582 -568 13 0
94582 -568 47 0
94582 568 -13 -47 0
94582 -569 14 0
94582 -569 15 0
94582 569 -14 -15 0
94582 -570 14 0
94582 -570 16 0
94582 570 -14 -16 0
94582 -571 14 0
94582 -571 17 0
94582 571 -14 -17 0
94582 -572 14 0
94582 -572 18 0
94582 572 -14 -18 0
94582 -573 14 0
94582 -573 19 0
94582 573 -14 -19 0
94582 -574 14 0
94582 -574 20 0
94582 574 -14 -20 0
94582 -575 14 0
94582 -575 21 0
94582 575 -14 -21 0
94582 -576 14 0
94582 -576 22 0
94582 576 -14 -22 0
94582 -577 14 0
94582 -577 23 0
94582 577 -14 -23 0
94582 -578 14 0
94582 -578 24 0
94582 578 -14 -24 0
94582 -579 14 0
94582 -579 25 0
94582 579 -14 -25 0
94582 -580 14 0
94582 -580 26 0
94582 580 -14 -26 0
94582 -581 14 0
94582 -581 27 0
94582 581 -14 -27 0
94582 -582 14 0
94582 -582 28 0
94582 582 -14 -28 0
94582 -583 14 0
94582 -583 29 0
94582 583 -14 -29 0
94582 -584 14 0
94582 -584 30 0
94582 584 -14 -30 0
94582 -585 14 0
94582 -585 31 0
94582 585 -14 -31 0
94582 -586 14 0
94582 -586 32 0
94582 586 -14 -32 0
94582 -587 14 0
94582 -587 33 0
94582 587 -14 -33 0
94582 -588 14 0
94582 -588 34 0
94582 588 -14 -34 0
94582 -589 14 0
94582 -589 35 0
94582 589 -14 -35 0
94582 -590 14 0
94582 -590 36 0
94582 590 -14 -36 0
94582 -591 14 0
94582 -591 37 0
94582 591 -14 -37 0
94582 -592 14 0
94582 -592 38 0
94582 592 -14 -38 0
94582 -593 14 0
94582 -593 39 0
94582 593 -14 -39 0
94582 -594 14 0
94582 -594 40 0
94582 594 -14 -40 0
94582 -595 14 0
94582 -595 41 0
94582 595 -14 -41 0
94582 -596 14 0
94582 -596 42 0
94582 596 -14 -42 0
94582 -597 14 0
94582 -597 43 0
94582 597 -14 -43 0
94582 -598 14 0
94582 -598 44 0
94582 598 -14 -44 0
94582 -599 14 0
94582 -599 45 0
94582 599 -14 -45 0
94582 -600 14 0
94582 -600 46 0
94582 600 -14 -46 0
94582 -601 14 0
94582 -601 47 0
94582 601 -14 -47 0
94582 -602 15 0
94582 -602 16 0
94582 602 -15 -16 0
94582 -603 15 0
94582 -603 17 0
94582 603 -15 -17 0
94582 -604 15 0
94582 -604 18 0
94582 604 -15 -18 0
94582 -605 15 0
94582 -605 19 0
94582 605 -15 -19 0
94582 -606 15 0
94582 -606 20 0
94582 606 -15 -20 0
94582 -607 15 0
94582 -607 21 0
94582 607 -15 -21 0
94582 -608 15 0
94582 -608 22 0
94582 608 -15 -22 0
94582 -609 15 0
94582 -609 23 0
94582 609 -15 -23 0
94582 -610 15 0
94582 -610 24 0
94582 610 -15 -24 0
94582 -611 15 0
94582 -611 25 0
94582 611 -15 -25 0
94582 -612 15 0
94582 -612 26 0
94582 612 -15 -26 0
94582 -613 15 0
94582 -613 27 0
94582 613 -15 -27 0
94582 -614 15 0
94582 -614 28 0
94582 614 -15 -28 0
94582 -615 15 0
94582 -615 29 0
94582 615 -15 -29 0
94582 -616 15 0
94582 -616 30 0
94582 616 -15 -30 0
94582 -617 15 0
94582 -617 31 0
94582 617 -15 -31 0
94582 -618 15 0
94582 -618 32 0
94582 618 -15 -32 0
94582 -619 15 0
94582 -619 33 0
94582 619 -15 -33 0
94582 -620 15 0
94582 -620 34 0
94582 620 -15 -34 0
94582 -621 15 0
94582 -621 35 0
94582 621 -15 -35 0
94582 -622 15 0
94582 -622 36 0
94582 622 -15 -36 0
94582 -623 15 0
94582 -623 37 0
94582 623 -15 -37 0
94582 -624 15 0
94582 -624 38 0
94582 624 -15 -38 0
94582 -625 15 0
94582 -625 39 0
94582 625 -15 -39 0
94582 -626 15 0
94582 -626 40 0
94582 626 -15 -40 0
94582 -627 15 0
94582 -627 41 0
94582 627 -15 -41 0
94582 -628 15 0
94582 -628 42 0
94582 628 -15 -42 0
94582 -629 15 0
94582 -629 43 0
94582 629 -15 -43 0
94582 -630 15 0
94582 -630 44 0
94582 630 -15 -44 0
94582 -631 15 0
94582 -631 45 0
94582 631 -15 -45 0
94582 -632 15 0
94582 -632 46 0
94582 632 -15 -46 0
94582 -633 15 0
94582 -633 47 0
94582 633 -15 -47 0
94582 -634 16 0
94582 -634 17 0
94582 634 -16 -17 0
94582 -635 16 0
94582 -635 18 0
94582 635 -16 -18 0
94582 -636 16 0
94582 -636 19 0
94582 636 -16 -19 0
94582 -637 16 0
94582 -637 20 0
94582 637 -16 -20 0
94582 -638 16 0
94582 -638 21 0
94582 638 -16 -21 0
94582 -639 16 0
94582 -639 22 0
94582 639 -16 -22 0
94582 -640 16 0
94582 -640 23 0
94582 640 -16 -23 0
94582 -641 16 0
94582 -641 24 0
94582 641 -16 -24 0
94582 -642 16 0
94582 -642 25 0
94582 642 -16 -25 0
94582 -643 16 0
94582 -643 26 0
94582 643 -16 -26 0
94582 -644 16 0
94582 -644 27 0
94582 644 -16 -27 0
94582 -645 16 0
94582 -645 28 0
94582 645 -16 -28 0
94582 -646 16 0
94582 -646 29 0
94582 646 -16 -29 0
94582 -647 16 0
94582 -647 30 0
94582 647 -16 -30 0
94582 -648 16 0
94582 -648 31 0
94582 648 -16 -31 0
94582 -649 16 0
94582 -649 32 0
94582 649 -16 -32 0
94582 -650 16 0
94582 -650 33 0
94582 650 -16 -33 0
94582 -651 16 0
94582 -651 34 0
94582 651 -16 -34 0
94582 -652 16 0
94582 -652 35 0
94582 652 -16 -35 0
94582 -653 16 0
94582 -653 36 0
94582 653 -16 -36 0
94582 -654 16 0
94582 -654 37 0
94582 654 -16 -37 0
94582 -655 16 0
94582 -655 38 0
94582 655 -16 -38 0
94582 -656 16 0
94582 -656 39 0
94582 656 -16 -39 0
94582 -657 16 0
94582 -657 40 0
94582 657 -16 -40 0
94582 -658 16 0
94582 -658 41 0
94582 658 -16 -41 0
94582 -659 16 0
94582 -659 42 0
94582 659 -16 -42 0
94582 -660 16 0
94582 -660 43 0
94582 660 -16 -43 0
94582 -661 16 0
94582 -661 44 0
94582 661 -16 -44 0
94582 -662 16 0
94582 -662 45 0
94582 662 -16 -45 0
94582 -663 16 0
94582 -663 46 0
94582 663 -16 -46 0
94582 -664 16 0
94582 -664 47 0
94582 664 -16 -47 0
94582 -665 17 0
94582 -665 18 0
94582 665 -17 -18 0
94582 -666 17 0
94582 -666 19 0
94582 666 -17 -19 0
94582 -667 17 0
94582 -667 20 0
94582 667 -17 -20 0
94582 -668 17 0
94582 -668 21 0
94582 668 -17 -21 0
94582 -669 17 0
94582 -669 22 0
94582 669 -17 -22 0
94582 -670 17 0
94582 -670 23 0
94582 670 -17 -23 0
94582 -671 17 0
94582 -671 24 0
94582 671 -17 -24 0
94582 -672 17 0
94582 -672 25 0
94582 672 -17 -25 0
94582 -673 17 0
94582 -673 26 0
94582 673 -17 -26 0
94582 -674 17 0
94582 -674 27 0
94582 674 -17 -27 0
94582 -675 17 0
94582 -675 28 0
94582 675 -17 -28 0
94582 -676 17 0
94582 -676 29 0
94582 676 -17 -29 0
94582 -677 17 0
94582 -677 30 0
94582 677 -17 -30 0
94582 -678 17 0
94582 -678 31 0
94582 678 -17 -31 0
94582 -679 17 0
94582 -679 32 0
94582 679 -17 -32 0
94582 -680 17 0
94582 -680 33 0
94582 680 -17 -33 0
94582 -681 17 0
94582 -681 34 0
94582 681 -17 -34 0
94582 -682 17 0
94582 -682 35 0
94582 682 -17 -35 0
94582 -683 17 0
94582 -683 36 0
94582 683 -17 -36 0
94582 -684 17 0
94582 -684 37 0
94582 684 -17 -37 0
94582 -685 17 0
94582 -685 38 0
94582 685 -17 -38 0
94582 -686 17 0
94582 -686 39 0
94582 686 -17 -39 0
94582 -687 17 0
94582 -687 40 0
94582 687 -17 -40 0
94582 -688 17 0
94582 -688 41 0
94582 688 -17 -41 0
94582 -689 17 0
94582 -689 42 0
94582 689 -17 -42 0
94582 -690 17 0
94582 -690 43 0
94582 690 -17 -43 0
94582 -691 17 0
94582 -691 44 0
94582 691 -17 -44 0
94582 -692 17 0
94582 -692 45 0
94582 692 -17 -45 0
94582 -693 17 0
94582 -693 46 0
94582 693 -17 -46 0
94582 -694 17 0
94582 -694 47 0
94582 694 -17 -47 0
94582 -695 18 0
94582 -695 19 0
94582 695 -18 -19 0
94582 -696 18 0
94582 -696 20 0
94582 696 -18 -20 0
94582 -697 18 0
94582 -697 21 0
94582 697 -18 -21 0
94582 -698 18 0
94582 -698 22 0
94582 698 -18 -22 0
94582 -699 18 0
94582 -699 23 0
94582 699 -18 -23 0
94582 -700 18 0
94582 -700 24 0
94582 700 -18 -24 0
94582 -701 18 0
94582 -701 25 0
94582 701 -18 -25 0
94582 -702 18 0
94582 -702 26 0
94582 702 -18 -26 0
94582 -703 18 0
94582 -703 27 0
94582 703 -18 -27 0
94582 -704 18 0
94582 -704 28 0
94582 704 -18 -28 0
94582 -705 18 0
94582 -705 29 0
94582 705 -18 -29 0
94582 -706 18 0
94582 -706 30 0
94582 706 -18 -30 0
94582 -707 18 0
94582 -707 31 0
94582 707 -18 -31 0
94582 -708 18 0
94582 -708 32 0
94582 708 -18 -32 0
94582 -709 18 0
94582 -709 33 0
94582 709 -18 -33 0
94582 -710 18 0
94582 -710 34 0
94582 710 -18 -34 0
94582 -711 18 0
94582 -711 35 0
94582 711 -18 -35 0
94582 -712 18 0
94582 -712 36 0
94582 712 -18 -36 0
94582 -713 18 0
94582 -713 37 0
94582 713 -18 -37 0
94582 -714 18 0
94582 -714 38 0
94582 714 -18 -38 0
94582 -715 18 0
94582 -715 39 0
94582 715 -18 -39 0
94582 -716 18 0
94582 -716 40 0
94582 716 -18 -40 0
94582 -717 18 0
94582 -717 41 0
94582 717 -18 -41 0
94582 -718 18 0
94582 -718 42 0
94582 718 -18 -42 0
94582 -719 18 0
94582 -719 43 0
94582 719 -18 -43 0
94582 -720 18 0
94582 -720 44 0
94582 720 -18 -44 0
94582 -721 18 0
94582 -721 45 0
94582 721 -18 -45 0
94582 -722 18 0
94582 -722 46 0
94582 722 -18 -46 0
94582 -723 18 0
94582 -723 47 0
94582 723 -18 -47 0
94582 -724 19 0
94582 -724 20 0
94582 724 -19 -20 0
94582 -725 19 0
94582 -725 21 0
94582 725 -19 -21 0
94582 -726 19 0
94582 -726 22 0
94582 726 -19 -22 0
94582 -727 19 0
94582 -727 23 0
94582 727 -19 -23 0
94582 -728 19 0
94582 -728 24 0
94582 728 -19 -24 0
94582 -729 19 0
94582 -729 25 0
94582 729 -19 -25 0
94582 -730 19 0
94582 -730 26 0
94582 730 -19 -26 0
94582 -731 19 0
94582 -731 27 0
94582 731 -19 -27 0
94582 -732 19 0
94582 -732 28 0
94582 732 -19 -28 0
94582 -733 19 0
94582 -733 29 0
94582 733 -19 -29 0
94582 -734 19 0
94582 -734 30 0
94582 734 -19 -30 0
94582 -735 19 0
94582 -735 31 0
94582 735 -19 -31 0
94582 -736 19 0
94582 -736 32 0
94582 736 -19 -32 0
94582 -737 19 0
94582 -737 33 0
94582 737 -19 -33 0
94582 -738 19 0
94582 -738 34 0
94582 738 -19 -34 0
94582 -739 19 0
94582 -739 35 0
94582 739 -19 -35 0
94582 -740 19 0
94582 -740 36 0
94582 740 -19 -36 0
94582 -741 19 0
94582 -741 37 0
94582 741 -19 -37 0
94582 -742 19 0
94582 -742 38 0
94582 742 -19 -38 0
94582 -743 19 0
94582 -743 39 0
94582 743 -19 -39 0
94582 -744 19 0
94582 -744 40 0
94582 744 -19 -40 0
94582 -745 19 0
94582 -745 41 0
94582 745 -19 -41 0
94582 -746 19 0
94582 -746 42 0
94582 746 -19 -42 0
94582 -747 19 0
94582 -747 43 0
94582 747 -19 -43 0
94582 -748 19 0
94582 -748 44 0
94582 748 -19 -44 0
94582 -749 19 0
94582 -749 45 0
94582 749 -19 -45 0
94582 -750 19 0
94582 -750 46 0
94582 750 -19 -46 0
94582 -751 19 0
94582 -751 47 0
94582 751 -19 -47 0
94582 -752 20 0
94582 -752 21 0
94582 752 -20 -21 0
94582 -753 20 0
94582 -753 22 0
94582 753 -20 -22 0
94582 -754 20 0
94582 -754 23 0
94582 754 -20 -23 0
94582 -755 20 0
94582 -755 24 0
94582 755 -20 -24 0
94582 -756 20 0
94582 -756 25 0
94582 756 -20 -25 0
94582 -757 20 0
94582 -757 26 0
94582 757 -20 -26 0
94582 -758 20 0
94582 -758 27 0
94582 758 -20 -27 0
94582 -759 20 0
94582 -759 28 0
94582 759 -20 -28 0
94582 -760 20 0
94582 -760 29 0
94582 760 -20 -29 0
94582 -761 20 0
94582 -761 30 0
94582 761 -20 -30 0
94582 -762 20 0
94582 -762 31 0
94582 762 -20 -31 0
94582 -763 20 0
94582 -763 32 0
94582 763 -20 -32 0
94582 -764 20 0
94582 -764 33 0
94582 764 -20 -33 0
94582 -765 20 0
94582 -765 34 0
94582 765 -20 -34 0
94582 -766 20 0
94582 -766 35 0
94582 766 -20 -35 0
94582 -767 20 0
94582 -767 36 0
94582 767 -20 -36 0
94582 -768 20 0
94582 -768 37 0
94582 768 -20 -37 0
94582 -769 20 0
94582 -769 38 0
94582 769 -20 -38 0
94582 -770 20 0
94582 -770 39 0
94582 770 -20 -39 0
94582 -771 20 0
94582 -771 40 0
94582 771 -20 -40 0
94582 -772 20 0
94582 -772 41 0
94582 772 -20 -41 0
94582 -773 20 0
94582 -773 42 0
94582 773 -20 -42 0
94582 -774 20 0
94582 -774 43 0
94582 774 -20 -43 0
94582 -775 20 0
94582 -775 44 0
94582 775 -20 -44 0
94582 -776 20 0
94582 -776 45 0
94582 776 -20 -45 0
94582 -777 20 0
94582 -777 46 0
94582 777 -20 -46 0
94582 -778 20 0
94582 -778 47 0
94582 778 -20 -47 0
94582 -779 21 0
94582 -779 22 0
94582 779 -21 -22 0
94582 -780 21 0
94582 -780 23 0
94582 780 -21 -23 0
94582 -781 21 0
94582 -781 24 0
94582 781 -21 -24 0
94582 -782 21 0
94582 -782 25 0
94582 782 -21 -25 0
94582 -783 21 0
94582 -783 26 0
94582 783 -21 -26 0
94582 -784 21 0
94582 -784 27 0
94582 784 -21 -27 0
94582 -785 21 0
94582 -785 28 0
94582 785 -21 -28 0
94582 -786 21 0
94582 -786 29 0
94582 786 -21 -29 0
94582 -787 21 0
94582 -787 30 0
94582 787 -21 -30 0
94582 -788 21 0
94582 -788 31 0
94582 788 -21 -31 0
94582 -789 21 0
94582 -789 32 0
94582 789 -21 -32 0
94582 -790 21 0
94582 -790 33 0
94582 790 -21 -33 0
94582 -791 21 0
94582 -791 34 0
94582 791 -21 -34 0
94582 -792 21 0
94582 -792 35 0
94582 792 -21 -35 0
94582 -793 21 0
94582 -793 36 0
94582 793 -21 -36 0
94582 -794 21 0
94582 -794 37 0
94582 794 -21 -37 0
94582 -795 21 0
94582 -795 38 0
94582 795 -21 -38 0
94582 -796 21 0
94582 -796 39 0
94582 796 -21 -39 0
94582 -797 21 0
94582 -797 40 0
94582 797 -21 -40 0
94582 -798 21 0
94582 -798 41 0
94582 798 -21 -41 0
94582 -799 21 0
94582 -799 42 0
94582 799 -21 -42 0
94582 -800 21 0
94582 -800 43 0
94582 800 -21 -43 0
94582 -801 21 0
94582 -801 44 0
94582 801 -21 -44 0
94582 -802 21 0
94582 -802 45 0
94582 802 -21 -45 0
94582 -803 21 0
94582 -803 46 0
94582 803 -21 -46 0
94582 -804 21 0
94582 -804 47 0
94582 804 -21 -47 0
94582 -805 22 0
94582 -805 23 0
94582 805 -22 -23 0
94582 -806 22 0
94582 -806 24 0
94582 806 -22 -24 0
94582 -807 22 0
94582 -807 25 0
94582 807 -22 -25 0
94582 -808 22 0
94582 -808 26 0
94582 808 -22 -26 0
94582 -809 22 0
94582 -809 27 0
94582 809 -22 -27 0
94582 -810 22 0
94582 -810 28 0
94582 810 -22 -28 0
94582 -811 22 0
94582 -811 29 0
94582 811 -22 -29 0
94582 -812 22 0
94582 -812 30 0
94582 812 -22 -30 0
94582 -813 22 0
94582 -813 31 0
94582 813 -22 -31 0
94582 -814 22 0
94582 -814 32 0
94582 814 -22 -32 0
94582 -815 22 0
94582 -815 33 0
94582 815 -22 -33 0
94582 -816 22 0
94582 -816 34 0
94582 816 -22 -34 0
94582 -817 22 0
94582 -817 35 0
94582 817 -22 -35 0
94582 -818 22 0
94582 -818 36 0
94582 818 -22 -36 0
94582 -819 22 0
94582 -819 37 0
94582 819 -22 -37 0
94582 -820 22 0
94582 -820 38 0
94582 820 -22 -38 0
94582 -821 22 0
94582 -821 39 0
94582 821 -22 -39 0
94582 -822 22 0
94582 -822 40 0
94582 822 -22 -40 0
94582 -823 22 0
94582 -823 41 0
94582 823 -22 -41 0
94582 -824 22 0
94582 -824 42 0
94582 824 -22 -42 0
94582 -825 22 0
94582 -825 43 0
94582 825 -22 -43 0
94582 -826 22 0
94582 -826 44 0
94582 826 -22 -44 0
94582 -827 22 0
94582 -827 45 0
94582 827 -22 -45 0
94582 -828 22 0
94582 -828 46 0
94582 828 -22 -46 0
94582 -829 22 0
94582 -829 47 0
94582 829 -22 -47 0
94582 -830 23 0
94582 -830 24 0
94582 830 -23 -24 0
94582 -831 23 0
94582 -831 25 0
94582 831 -23 -25 0
94582 -832 23 0
94582 -832 26 0
94582 832 -23 -26 0
94582 -833 23 0
94582 -833 27 0
94582 833 -23 -27 0
94582 -834 23 0
94582 -834 28 0
94582 834 -23 -28 0
94582 -835 23 0
94582 -835 29 0
94582 835 -23 -29 0
94582 -836 23 0
94582 -836 30 0
94582 836 -23 -30 0
94582 -837 23 0
94582 -837 31 0
94582 837 -23 -31 0
94582 -838 23 0
94582 -838 32 0
94582 838 -23 -32 0
94582 -839 23 0
94582 -839 33 0
94582 839 -23 -33 0
94582 -840 23 0
94582 -840 34 0
94582 840 -23 -34 0
94582 -841 23 0
94582 -841 35 0
94582 841 -23 -35 0
94582 -842 23 0
94582 -842 36 0
94582 842 -23 -36 0
94582 -843 23 0
94582 -843 37 0
94582 843 -23 -37 0
94582 -844 23 0
94582 -844 38 0
94582 844 -23 -38 0
94582 -845 23 0
94582 -845 39 0
94582 845 -23 -39 0
94582 -846 23 0
94582 -846 40 0
94582 846 -23 -40 0
94582 -847 23 0
94582 -847 41 0
94582 847 -23 -41 0
94582 -848 23 0
94582 -848 42 0
94582 848 -23 -42 0
94582 -849 23 0
94582 -849 43 0
94582 849 -23 -43 0
94582 -850 23 0
94582 -850 44 0
94582 850 -23 -44 0
94582 -851 23 0
94582 -851 45 0
94582 851 -23 -45 0
94582 -852 23 0
94582 -852 46 0
94582 852 -23 -46 0
94582 -853 23 0
94582 -853 47 0
94582 853 -23 -47 0
94582 -854 24 0
94582 -854 25 0
94582 854 -24 -25 0
94582 -855 24 0
94582 -855 26 0
94582 855 -24 -26 0
94582 -856 24 0
94582 -856 27 0
94582 856 -24 -27 0
94582 -857 24 0
94582 -857 28 0
94582 857 -24 -28 0
94582 -858 24 0
94582 -858 29 0
94582 858 -24 -29 0
94582 -859 24 0
94582 -859 30 0
94582 859 -24 -30 0
94582 -860 24 0
94582 -860 31 0
94582 860 -24 -31 0
94582 -861 24 0
94582 -861 32 0
94582 861 -24 -32 0
94582 -862 24 0
94582 -862 33 0
94582 862 -24 -33 0
94582 -863 24 0
94582 -863 34 0
94582 863 -24 -34 0
94582 -864 24 0
94582 -864 35 0
94582 864 -24 -35 0
94582 -865 24 0
94582 -865 36 0
94582 865 -24 -36 0
94582 -866 24 0
94582 -866 37 0
94582 866 -24 -37 0
94582 -867 24 0
94582 -867 38 0
94582 867 -24 -38 0
94582 -868 24 0
94582 -868 39 0
94582 868 -24 -39 0
94582 -869 24 0
94582 -869 40 0
94582 869 -24 -40 0
94582 -870 24 0
94582 -870 41 0
94582 870 -24 -41 0
94582 -871 24 0
94582 -871 42 0
94582 871 -24 -42 0
94582 -872 24 0
94582 -872 43 0
94582 872 -24 -43 0
94582 -873 24 0
94582 -873 44 0
94582 873 -24 -44 0
94582 -874 24 0
94582 -874 45 0
94582 874 -24 -45 0
94582 -875 24 0
94582 -875 46 0
94582 875 -24 -46 0
94582 -876 24 0
94582 -876 47 0
94582 876 -24 -47 0
94582 -877 25 0
94582 -877 26 0
94582 877 -25 -26 0
94582 -878 25 0
94582 -878 27 0
94582 878 -25 -27 0
94582 -879 25 0
94582 -879 28 0
94582 879 -25 -28 0
94582 -880 25 0
94582 -880 29 0
94582 880 -25 -29 0
94582 -881 25 0
94582 -881 30 0
94582 881 -25 -30 0
94582 -882 25 0
94582 -882 31 0
94582 882 -25 -31 0
94582 -883 25 0
94582 -883 32 0
94582 883 -25 -32 0
94582 -884 25 0
94582 -884 33 0
94582 884 -25 -33 0
94582 -885 25 0
94582 -885 34 0
94582 885 -25 -34 0
94582 -886 25 0
94582 -886 35 0
94582 886 -25 -35 0
94582 -887 25 0
94582 -887 36 0
94582 887 -25 -36 0
94582 -888 25 0
94582 -888 37 0
94582 888 -25 -37 0
94582 -889 25 0
94582 -889 38 0
94582 889 -25 -38 0
94582 -890 25 0
94582 -890 39 0
94582 890 -25 -39 0
94582 -891 25 0
94582 -891 40 0
94582 891 -25 -40 0
94582 -892 25 0
94582 -892 41 0
94582 892 -25 -41 0
94582 -893 25 0
94582 -893 42 0
94582 893 -25 -42 0
94582 -894 25 0
94582 -894 43 0
94582 894 -25 -43 0
94582 -895 25 0
94582 -895 44 0
94582 895 -25 -44 0
94582 -896 25 0
94582 -896 45 0
94582 896 -25 -45 0
94582 -897 25 0
94582 -897 46 0
94582 897 -25 -46 0
94582 -898 25 0
94582 -898 47 0
94582 898 -25 -47 0
94582 -899 26 0
94582 -899 27 0
94582 899 -26 -27 0
94582 -900 26 0
94582 -900 28 0
94582 900 -26 -28 0
94582 -901 26 0
94582 -901 29 0
94582 901 -26 -29 0
94582 -902 26 0
94582 -902 30 0
94582 902 -26 -30 0
94582 -903 26 0
94582 -903 31 0
94582 903 -26 -31 0
94582 -904 26 0
94582 -904 32 0
94582 904 -26 -32 0
94582 -905 26 0
94582 -905 33 0
94582 905 -26 -33 0
94582 -906 26 0
94582 -906 34 0
94582 906 -26 -34 0
94582 -907 26 0
94582 -907 35 0
94582 907 -26 -35 0
94582 -908 26 0
94582 -908 36 0
94582 908 -26 -36 0
94582 -909 26 0
94582 -909 37 0
94582 909 -26 -37 0
94582 -910 26 0
94582 -910 38 0
94582 910 -26 -38 0
94582 -911 26 0
94582 -911 39 0
94582 911 -26 -39 0
94582 -912 26 0
94582 -912 40 0
94582 912 -26 -40 0
94582 -913 26 0
94582 -913 41 0
94582 913 -26 -41 0
94582 -914 26 0
94582 -914 42 0
94582 914 -26 -42 0
94582 -915 26 0
94582 -915 43 0
94582 915 -26 -43 0
94582 -916 26 0
94582 -916 44 0
94582 916 -26 -44 0
94582 -917 26 0
94582 -917 45 0
94582 917 -26 -45 0
94582 -918 26 0
94582 -918 46 0
94582 918 -26 -46 0
94582 -919 26 0
94582 -919 47 0
94582 919 -26 -47 0
94582 -920 27 0
94582 -920 28 0
94582 920 -27 -28 0
94582 -921 27 0
94582 -921 29 0
94582 921 -27 -29 0
94582 -922 27 0
94582 -922 30 0
94582 922 -27 -30 0
94582 -923 27 0
94582 -923 31 0
94582 923 -27 -31 0
94582 -924 27 0
94582 -924 32 0
94582 924 -27 -32 0
94582 -925 27 0
94582 -925 33 0
94582 925 -27 -33 0
94582 -926 27 0
94582 -926 34 0
94582 926 -27 -34 0
94582 -927 27 0
94582 -927 35 0
94582 927 -27 -35 0
94582 -928 27 0
94582 -928 36 0
94582 928 -27 -36 0
94582 -929 27 0
94582 -929 37 0
94582 929 -27 -37 0
94582 -930 27 0
94582 -930 38 0
94582 930 -27 -38 0
94582 -931 27 0
94582 -931 39 0
94582 931 -27 -39 0
94582 -932 27 0
94582 -932 40 0
94582 932 -27 -40 0
94582 -933 27 0
94582 -933 41 0
94582 933 -27 -41 0
94582 -934 27 0
94582 -934 42 0
94582 934 -27 -42 0
94582 -935 27 0
94582 -935 43 0
94582 935 -27 -43 0
94582 -936 27 0
94582 -936 44 0
94582 936 -27 -44 0
94582 -937 27 0
94582 -937 45 0
94582 937 -27 -45 0
94582 -938 27 0
94582 -938 46 0
94582 938 -27 -46 0
94582 -939 27 0
94582 -939 47 0
94582 939 -27 -47 0
94582 -940 28 0
94582 -940 29 0
94582 940 -28 -29 0
94582 -941 28 0
94582 -941 30 0
94582 941 -28 -30 0
94582 -942 28 0
94582 -942 31 0
94582 942 -28 -31 0
94582 -943 28 0
94582 -943 32 0
94582 943 -28 -32 0
94582 -944 28 0
94582 -944 33 0
94582 944 -28 -33 0
94582 -945 28 0
94582 -945 34 0
94582 945 -28 -34 0
94582 -946 28 0
94582 -946 35 0
94582 946 -28 -35 0
94582 -947 28 0
94582 -947 36 0
94582 947 -28 -36 0
94582 -948 28 0
94582 -948 37 0
94582 948 -28 -37 0
94582 -949 28 0
94582 -949 38 0
94582 949 -28 -38 0
94582 -950 28 0
94582 -950 39 0
94582 950 -28 -39 0
94582 -951 28 0
94582 -951 40 0
94582 951 -28 -40 0
94582 -952 28 0
94582 -952 41 0
94582 952 -28 -41 0
94582 -953 28 0
94582 -953 42 0
94582 953 -28 -42 0
94582 -954 28 0
94582 -954 43 0
94582 954 -28 -43 0
94582 -955 28 0
94582 -955 44 0
94582 955 -28 -44 0
94582 -956 28 0
94582 -956 45 0
94582 956 -28 -45 0
94582 -957 28 0
94582 -957 46 0
94582 957 -28 -46 0
94582 -958 28 0
94582 -958 47 0
94582 958 -28 -47 0
94582 -959 29 0
94582 -959 30 0
94582 959 -29 -30 0
94582 -960 29 0
94582 -960 31 0
94582 960 -29 -31 0
94582 -961 29 0
94582 -961 32 0
94582 961 -29 -32 0
94582 -962 29 0
94582 -962 33 0
94582 962 -29 -33 0
94582 -963 29 0
94582 -963 34 0
94582 963 -29 -34 0
94582 -964 29 0
94582 -964 35 0
94582 964 -29 -35 0
94582 -965 29 0
94582 -965 36 0
94582 965 -29 -36 0
94582 -966 29 0
94582 -966 37 0
94582 966 -29 -37 0
94582 -967 29 0
94582 -967 38 0
94582 967 -29 -38 0
94582 -968 29 0
94582 -968 39 0
94582 968 -29 -39 0
94582 -969 29 0
94582 -969 40 0
94582 969 -29 -40 0
94582 -970 29 0
94582 -970 41 0
94582 970 -29 -41 0
94582 -971 29 0
94582 -971 42 0
94582 971 -29 -42 0
94582 -972 29 0
94582 -972 43 0
94582 972 -29 -43 0
94582 -973 29 0
94582 -973 44 0
94582 973 -29 -44 0
94582 -974 29 0
94582 -974 45 0
94582 974 -29 -45 0
94582 -975 29 0
94582 -975 46 0
94582 975 -29 -46 0
94582 -976 29 0
94582 -976 47 0
94582 976 -29 -47 0
94582 -977 30 0
94582 -977 31 0
94582 977 -30 -31 0
94582 -978 30 0
94582 -978 32 0
94582 978 -30 -32 0
94582 -979 30 0
94582 -979 33 0
94582 979 -30 -33 0
94582 -980 30 0
94582 -980 34 0
94582 980 -30 -34 0
94582 -981 30 0
94582 -981 35 0
94582 981 -30 -35 0
94582 -982 30 0
94582 -982 36 0
94582 982 -30 -36 0
94582 -983 30 0
94582 -983 37 0
94582 983 -30 -37 0
94582 -984 30 0
94582 -984 38 0
94582 984 -30 -38 0
94582 -985 30 0
94582 -985 39 0
94582 985 -30 -39 0
94582 -986 30 0
94582 -986 40 0
94582 986 -30 -40 0
94582 -987 30 0
94582 -987 41 0
94582 987 -30 -41 0
94582 -988 30 0
94582 -988 42 0
94582 988 -30 -42 0
94582 -989 30 0
94582 -989 43 0
94582 989 -30 -43 0
94582 -990 30 0
94582 -990 44 0
94582 990 -30 -44 0
94582 -991 30 0
94582 -991 45 0
94582 991 -30 -45 0
94582 -992 30 0
94582 -992 46 0
94582 992 -30 -46 0
94582 -993 30 0
94582 -993 47 0
94582 993 -30 -47 0
94582 -994 31 0
94582 -994 32 0
94582 994 -31 -32 0
94582 -995 31 0
94582 -995 33 0
94582 995 -31 -33 0
94582 -996 31 0
94582 -996 34 0
94582 996 -31 -34 0
94582 -997 31 0
94582 -997 35 0
94582 997 -31 -35 0
94582 -998 31 0
94582 -998 36 0
94582 998 -31 -36 0
94582 -999 31 0
94582 -999 37 0
94582 999 -31 -37 0
94582 -1000 31 0
94582 -1000 38 0
94582 1000 -31 -38 0
94582 -1001 31 0
94582 -1001 39 0
94582 1001 -31 -39 0
94582 -1002 31 0
94582 -1002 40 0
94582 1002 -31 -40 0
94582 -1003 31 0
94582 -1003 41 0
94582 1003 -31 -41 0
94582 -1004 31 0
94582 -1004 42 0
94582 1004 -31 -42 0
94582 -1005 31 0
94582 -1005 43 0
94582 1005 -31 -43 0
94582 -1006 31 0
94582 -1006 44 0
94582 1006 -31 -44 0
94582 -1007 31 0
94582 -1007 45 0
94582 1007 -31 -45 0
94582 -1008 31 0
94582 -1008 46 0
94582 1008 -31 -46 0
94582 -1009 31 0
94582 -1009 47 0
94582 1009 -31 -47 0
94582 -1010 32 0
94582 -1010 33 0
94582 1010 -32 -33 0
94582 -1011 32 0
94582 -1011 34 0
94582 1011 -32 -34 0
94582 -1012 32 0
94582 -1012 35 0
94582 1012 -32 -35 0
94582 -1013 32 0
94582 -1013 36 0
94582 1013 -32 -36 0
94582 -1014 32 0
94582 -1014 37 0
94582 1014 -32 -37 0
94582 -1015 32 0
94582 -1015 38 0
94582 1015 -32 -38 0
94582 -1016 32 0
94582 -1016 39 0
94582 1016 -32 -39 0
94582 -1017 32 0
94582 -1017 40 0
94582 1017 -32 -40 0
94582 -1018 32 0
94582 -1018 41 0
94582 1018 -32 -41 0
94582 -1019 32 0
94582 -1019 42 0
94582 1019 -32 -42 0
94582 -1020 32 0
94582 -1020 43 0
94582 1020 -32 -43 0
94582 -1021 32 0
94582 -1021 44 0
94582 1021 -32 -44 0
94582 -1022 32 0
94582 -1022 45 0
94582 1022 -32 -45 0
94582 -1023 32 0
94582 -1023 46 0
94582 1023 -32 -46 0
94582 -1024 32 0
94582 -1024 47 0
94582 1024 -32 -47 0
94582 -1025 33 0
94582 -1025 34 0
94582 1025 -33 -34 0
94582 -1026 33 0
94582 -1026 35 0
94582 1026 -33 -35 0
94582 -1027 33 0
94582 -1027 36 0
94582 1027 -33 -36 0
94582 -1028 33 0
94582 -1028 37 0
94582 1028 -33 -37 0
94582 -1029 33 0
94582 -1029 38 0
94582 1029 -33 -38 0
94582 -1030 33 0
94582 -1030 39 0
94582 1030 -33 -39 0
94582 -1031 33 0
94582 -1031 40 0
94582 1031 -33 -40 0
94582 -1032 33 0
94582 -1032 41 0
94582 1032 -33 -41 0
94582 -1033 33 0
94582 -1033 42 0
94582 1033 -33 -42 0
94582 -1034 33 0
94582 -1034 43 0
94582 1034 -33 -43 0
94582 -1035 33 0
94582 -1035 44 0
94582 1035 -33 -44 0
94582 -1036 33 0
94582 -1036 45 0
94582 1036 -33 -45 0
94582 -1037 33 0
94582 -1037 46 0
94582 1037 -33 -46 0
94582 -1038 33 0
94582 -1038 47 0
94582 1038 -33 -47 0
94582 -1039 34 0
94582 -1039 35 0
94582 1039 -34 -35 0
94582 -1040 34 0
94582 -1040 36 0
94582 1040 -34 -36 0
94582 -1041 34 0
94582 -1041 37 0
94582 1041 -34 -37 0
94582 -1042 34 0
94582 -1042 38 0
94582 1042 -34 -38 0
94582 -1043 34 0
94582 -1043 39 0
94582 1043 -34 -39 0
94582 -1044 34 0
94582 -1044 40 0
94582 1044 -34 -40 0
94582 -1045 34 0
94582 -1045 41 0
94582 1045 -34 -41 0
94582 -1046 34 0
94582 -1046 42 0
94582 1046 -34 -42 0
94582 -1047 34 0
94582 -1047 43 0
94582 1047 -34 -43 0
94582 -1048 34 0
94582 -1048 44 0
94582 1048 -34 -44 0
94582 -1049 34 0
94582 -1049 45 0
94582 1049 -34 -45 0
94582 -1050 34 0
94582 -1050 46 0
94582 1050 -34 -46 0
94582 -1051 34 0
94582 -1051 47 0
94582 1051 -34 -47 0
94582 -1052 35 0
94582 -1052 36 0
94582 1052 -35 -36 0
94582 -1053 35 0
94582 -1053 37 0
94582 1053 -35 -37 0
94582 -1054 35 0
94582 -1054 38 0
94582 1054 -35 -38 0
94582 -1055 35 0
94582 -1055 39 0
94582 1055 -35 -39 0
94582 -1056 35 0
94582 -1056 40 0
94582 1056 -35 -40 0
94582 -1057 35 0
94582 -1057 41 0
94582 1057 -35 -41 0
94582 -1058 35 0
94582 -1058 42 0
94582 1058 -35 -42 0
94582 -1059 35 0
94582 -1059 43 0
94582 1059 -35 -43 0
94582 -1060 35 0
94582 -1060 44 0
94582 1060 -35 -44 0
94582 -1061 35 0
94582 -1061 45 0
94582 1061 -35 -45 0
94582 -1062 35 0
94582 -1062 46 0
94582 1062 -35 -46 0
94582 -1063 35 0
94582 -1063 47 0
94582 1063 -35 -47 0
94582 -1064 36 0
94582 -1064 37 0
94582 1064 -36 -37 0
94582 -1065 36 0
94582 -1065 38 0
94582 1065 -36 -38 0
94582 -1066 36 0
94582 -1066 39 0
94582 1066 -36 -39 0
94582 -1067 36 0
94582 -1067 40 0
94582 1067 -36 -40 0
94582 -1068 36 0
94582 -1068 41 0
94582 1068 -36 -41 0
94582 -1069 36 0
94582 -1069 42 0
94582 1069 -36 -42 0
94582 -1070 36 0
94582 -1070 43 0
94582 1070 -36 -43 0
94582 -1071 36 0
94582 -1071 44 0
94582 1071 -36 -44 0
94582 -1072 36 0
94582 -1072 45 0
94582 1072 -36 -45 0
94582 -1073 36 0
94582 -1073 46 0
94582 1073 -36 -46 0
94582 -1074 36 0
94582 -1074 47 0
94582 1074 -36 -47 0
94582 -1075 37 0
94582 -1075 38 0
94582 1075 -37 -38 0
94582 -1076 37 0
94582 -1076 39 0
94582 1076 -37 -39 0
94582 -1077 37 0
94582 -1077 40 0
94582 1077 -37 -40 0
94582 -1078 37 0
94582 -1078 41 0
94582 1078 -37 -41 0
94582 -1079 37 0
94582 -1079 42 0
94582 1079 -37 -42 0
94582 -1080 37 0
94582 -1080 43 0
94582 1080 -37 -43 0
94582 -1081 37 0
94582 -1081 44 0
94582 1081 -37 -44 0
94582 -1082 37 0
94582 -1082 45 0
94582 1082 -37 -45 0
94582 -1083 37 0
94582 -1083 46 0
94582 1083 -37 -46 0
94582 -1084 37 0
94582 -1084 47 0
94582 1084 -37 -47 0
94582 -1085 38 0
94582 -1085 39 0
94582 1085 -38 -39 0
94582 -1086 38 0
94582 -1086 40 0
94582 1086 -38 -40 0
94582 -1087 38 0
94582 -1087 41 0
94582 1087 -38 -41 0
94582 -1088 38 0
94582 -1088 42 0
94582 1088 -38 -42 0
94582 -1089 38 0
94582 -1089 43 0
94582 1089 -38 -43 0
94582 -1090 38 0
94582 -1090 44 0
94582 1090 -38 -44 0
94582 -1091 38 0
94582 -1091 45 0
94582 1091 -38 -45 0
94582 -1092 38 0
94582 -1092 46 0
94582 1092 -38 -46 0
94582 -1093 38 0
94582 -1093 47 0
94582 1093 -38 -47 0
94582 -1094 39 0
94582 -1094 40 0
94582 1094 -39 -40 0
94582 -1095 39 0
94582 -1095 41 0
94582 1095 -39 -41 0
94582 -1096 39 0
94582 -1096 42 0
94582 1096 -39 -42 0
94582 -1097 39 0
94582 -1097 43 0
94582 1097 -39 -43 0
94582 -1098 39 0
94582 -1098 44 0
94582 1098 -39 -44 0
94582 -1099 39 0
94582 -1099 45 0
94582 1099 -39 -45 0
94582 -1100 39 0
94582 -1100 46 0
94582 1100 -39 -46 0
94582 -1101 39 0
94582 -1101 47 0
94582 1101 -39 -47 0
94582 -1102 40 0
94582 -1102 41 0
94582 1102 -40 -41 0
94582 -1103 40 0
94582 -1103 42 0
94582 1103 -40 -42 0
94582 -1104 40 0
94582 -1104 43 0
94582 1104 -40 -43 0
94582 -1105 40 0
94582 -1105 44 0
94582 1105 -40 -44 0
94582 -1106 40 0
94582 -1106 45 0
94582 1106 -40 -45 0
94582 -1107 40 0
94582 -1107 46 0
94582 1107 -40 -46 0
94582 -1108 40 0
94582 -1108 47 0
94582 1108 -40 -47 0
94582 -1109 41 0
94582 -1109 42 0
94582 1109 -41 -42 0
94582 -1110 41 0
94582 -1110 43 0
94582 1110 -41 -43 0
94582 -1111 41 0
94582 -1111 44 0
94582 1111 -41 -44 0
94582 -1112 41 0
94582 -1112 45 0
94582 1112 -41 -45 0
94582 -1113 41 0
94582 -1113 46 0
94582 1113 -41 -46 0
94582 -1114 41 0
94582 -1114 47 0
94582 1114 -41 -47 0
94582 -1115 42 0
94582 -1115 43 0
94582 1115 -42 -43 0
94582 -1116 42 0
94582 -1116 44 0
94582 1116 -42 -44 0
94582 -1117 42 0
94582 -1117 45 0
94582 1117 -42 -45 0
94582 -1118 42 0
94582 -1118 46 0
94582 1118 -42 -46 0
94582 -1119 42 0
94582 -1119 47 0
94582 1119 -42 -47 0
94582 -1120 43 0
94582 -1120 44 0
94582 1120 -43 -44 0
94582 -1121 43 0
94582 -1121 45 0
94582 1121 -43 -45 0
94582 -1122 43 0
94582 -1122 46 0
94582 1122 -43 -46 0
94582 -1123 43 0
94582 -1123 47 0
94582 1123 -43 -47 0
94582 -1124 44 0
94582 -1124 45 0
94582 1124 -44 -45 0
94582 -1125 44 0
94582 -1125 46 0
94582 1125 -44 -46 0
94582 -1126 44 0
94582 -1126 47 0
94582 1126 -44 -47 0
94582 -1127 45 0
94582 -1127 46 0
94582 1127 -45 -46 0
94582 -1128 45 0
94582 -1128 47 0
94582 1128 -45 -47 0
94582 -1129 46 0
94582 -1129 47 0
94582 1129 -46 -47 0
30983 1 0
94572 -1 0
103516 49 0
94572 -49 0
117698 50 0
94572 -50 0
108294 51 0
94572 -51 0
117610 52 0
94572 -52 0
98528 53 0
94572 -53 0
99920 54 0
94572 -54 0
105218 55 0
94572 -55 0
112622 56 0
94572 -56 0
82572 57 0
94572 -57 0
89758 58 0
94572 -58 0
113030 59 0
94572 -59 0
84972 60 0
94572 -60 0
98764 61 0
94572 -61 0
80690 62 0
94572 -62 0
100198 63 0
94572 -63 0
97316 64 0
94572 -64 0
88302 65 0
94572 -65 0
109676 66 0
94572 -66 0
104096 67 0
94572 -67 0
91004 68 0
94572 -68 0
98764 69 0
94572 -69 0
95922 70 0
94572 -70 0
90094 71 0
94572 -71 0
109948 72 0
94572 -72 0
91100 73 0
94572 -73 0
104056 74 0
94572 -74 0
90690 75 0
94572 -75 0
100130 76 0
94572 -76 0
99996 77 0
94572 -77 0
95708 78 0
94572 -78 0
98076 79 0
94572 -79 0
87690 80 0
94572 -80 0
99236 81 0
94572 -81 0
92672 82 0
94572 -82 0
96080 83 0
94572 -83 0
94258 84 0
94572 -84 0
92240 85 0
94572 -85 0
93890 86 0
94572 -86 0
91128 87 0
94572 -87 0
99968 88 0
94572 -88 0
98358 89 0
94572 -89 0
90174 90 0
94572 -90 0
94252 91 0
94572 -91 0
99206 92 0
94572 -92 0
93858 93 0
94572 -93 0
95090 94 0
94572 -94 0
65091 2 0
94572 -2 0
93958 95 0
94572 -95 0
103960 96 0
94572 -96 0
73708 97 0
94572 -97 0
92144 98 0
94572 -98 0
87112 99 0
94572 -99 0
91654 100 0
94572 -100 0
101322 101 0
94572 -101 0
98024 102 0
94572 -102 0
97944 103 0
94572 -103 0
83706 104 0
94572 -104 0
100082 105 0
94572 -105 0
82844 106 0
94572 -106 0
92006 107 0
94572 -107 0
100822 108 0
94572 -108 0
95748 109 0
94572 -109 0
100574 110 0
94572 -110 0
93888 111 0
94572 -111 0
97214 112 0
94572 -112 0
90926 113 0
94572 -113 0
85004 114 0
94572 -114 0
96308 115 0
94572 -115 0
95284 116 0
94572 -116 0
92872 117 0
94572 -117 0
95952 118 0
94572 -118 0
105196 119 0
94572 -119 0
105788 120 0
94572 -120 0
83766 121 0
94572 -121 0
89320 122 0
94572 -122 0
87636 123 0
94572 -123 0
95982 124 0
94572 -124 0
102402 125 0
94572 -125 0
106388 126 0
94572 -126 0
98210 127 0
94572 -127 0
91962 128 0
94572 -128 0
96654 129 0
94572 -129 0
92436 130 0
94572 -130 0
103468 131 0
94572 -131 0
93726 132 0
94572 -132 0
98476 133 0
94572 -133 0
89192 134 0
94572 -134 0
95232 135 0
94572 -135 0
100398 136 0
94572 -136 0
97338 137 0
94572 -137 0
91952 138 0
94572 -138 0
95146 139 0
94572 -139 0
59769 3 0
94572 -3 0
98454 140 0
94572 -140 0
94700 141 0
94572 -141 0
91700 142 0
94572 -142 0
104672 143 0
94572 -143 0
91948 144 0
94572 -144 0
93526 145 0
94572 -145 0
93862 146 0
94572 -146 0
80788 147 0
94572 -147 0
108636 148 0
94572 -148 0
78378 149 0
94572 -149 0
84780 150 0
94572 -150 0
86976 151 0
94572 -151 0
92424 152 0
94572 -152 0
84830 153 0
94572 -153 0
95564 154 0
94572 -154 0
99998 155 0
94572 -155 0
102720 156 0
94572 -156 0
112588 157 0
94572 -157 0
92302 158 0
94572 -158 0
85576 159 0
94572 -159 0
96096 160 0
94572 -160 0
98876 161 0
94572 -161 0
97292 162 0
94572 -162 0
95566 163 0
94572 -163 0
88370 164 0
94572 -164 0
92068 165 0
94572 -165 0
95868 166 0
94572 -166 0
86970 167 0
94572 -167 0
103422 168 0
94572 -168 0
101776 169 0
94572 -169 0
98898 170 0
94572 -170 0
96452 171 0
94572 -171 0
88570 172 0
94572 -172 0
98220 173 0
94572 -173 0
103424 174 0
94572 -174 0
97202 175 0
94572 -175 0
97188 176 0
94572 -176 0
94178 177 0
94572 -177 0
90026 178 0
94572 -178 0
99170 179 0
94572 -179 0
99556 180 0
94572 -180 0
89732 181 0
94572 -181 0
93174 182 0
94572 -182 0
94236 183 0
94572 -183 0
78459 4 0
94572 -4 0
103160 184 0
94572 -184 0
98614 185 0
94572 -185 0
104842 186 0
94572 -186 0
75612 187 0
94572 -187 0
84144 188 0
94572 -188 0
91876 189 0
94572 -189 0
93288 190 0
94572 -190 0
104462 191 0
94572 -191 0
96176 192 0
94572 -192 0
91354 193 0
94572 -193 0
102420 194 0
94572 -194 0
99306 195 0
94572 -195 0
102060 196 0
94572 -196 0
108856 197 0
94572 -197 0
85348 198 0
94572 -198 0
93504 199 0
94572 -199 0
78476 200 0
94572 -200 0
92492 201 0
94572 -201 0
110800 202 0
94572 -202 0
76664 203 0
94572 -203 0
91300 204 0
94572 -204 0
100104 205 0
94572 -205 0
87410 206 0
94572 -206 0
96934 207 0
94572 -207 0
96966 208 0
94572 -208 0
90938 209 0
94572 -209 0
105720 210 0
94572 -210 0
89176 211 0
94572 -211 0
90894 212 0
94572 -212 0
88704 213 0
94572 -213 0
106928 214 0
94572 -214 0
106532 215 0
94572 -215 0
89534 216 0
94572 -216 0
89580 217 0
94572 -217 0
90546 218 0
94572 -218 0
99932 219 0
94572 -219 0
94726 220 0
94572 -220 0
100992 221 0
94572 -221 0
90784 222 0
94572 -222 0
91504 223 0
94572 -223 0
93552 224 0
94572 -224 0
98048 225 0
94572 -225 0
93984 226 0
94572 -226 0
66182 5 0
94572 -5 0
92308 227 0
94572 -227 0
102610 228 0
94572 -228 0
81528 229 0
94572 -229 0
94566 230 0
94572 -230 0
113582 231 0
94572 -231 0
93494 232 0
94572 -232 0
98910 233 0
94572 -233 0
110264 234 0
94572 -234 0
82850 235 0
94572 -235 0
95884 236 0
94572 -236 0
83820 237 0
94572 -237 0
85480 238 0
94572 -238 0
98016 239 0
94572 -239 0
89788 240 0
94572 -240 0
101036 241 0
94572 -241 0
96434 242 0
94572 -242 0
77882 243 0
94572 -243 0
97770 244 0
94572 -244 0
76430 245 0
94572 -245 0
79868 246 0
94572 -246 0
100586 247 0
94572 -247 0
97248 248 0
94572 -248 0
104148 249 0
94572 -249 0
80202 250 0
94572 -250 0
92896 251 0
94572 -251 0
92912 252 0
94572 -252 0
93052 253 0
94572 -253 0
100760 254 0
94572 -254 0
97846 255 0
94572 -255 0
102840 256 0
94572 -256 0
83776 257 0
94572 -257 0
91976 258 0
94572 -258 0
99568 259 0
94572 -259 0
106320 260 0
94572 -260 0
102378 261 0
94572 -261 0
89120 262 0
94572 -262 0
88514 263 0
94572 -263 0
97120 264 0
94572 -264 0
93808 265 0
94572 -265 0
92600 266 0
94572 -266 0
97088 267 0
94572 -267 0
94096 268 0
94572 -268 0
26581 6 0
94572 -6 0
79020 269 0
94572 -269 0
128468 270 0
94572 -270 0
96650 271 0
94572 -271 0
90266 272 0
94572 -272 0
88316 273 0
94572 -273 0
78092 274 0
94572 -274 0
101764 275 0
94572 -275 0
99296 276 0
94572 -276 0
111814 277 0
94572 -277 0
107656 278 0
94572 -278 0
97932 279 0
94572 -279 0
100690 280 0
94572 -280 0
91208 281 0
94572 -281 0
87812 282 0
94572 -282 0
83264 283 0
94572 -283 0
93006 284 0
94572 -284 0
96420 285 0
94572 -285 0
97180 286 0
94572 -286 0
116086 287 0
94572 -287 0
103068 288 0
94572 -288 0
93094 289 0
94572 -289 0
98840 290 0
94572 -290 0
105706 291 0
94572 -291 0
92772 292 0
94572 -292 0
105360 293 0
94572 -293 0
91080 294 0
94572 -294 0
96326 295 0
94572 -295 0
84918 296 0
94572 -296 0
81994 297 0
94572 -297 0
102808 298 0
94572 -298 0
91212 299 0
94572 -299 0
92730 300 0
94572 -300 0
87976 301 0
94572 -301 0
94208 302 0
94572 -302 0
86392 303 0
94572 -303 0
93982 304 0
94572 -304 0
94948 305 0
94572 -305 0
85406 306 0
94572 -306 0
96844 307 0
94572 -307 0
96464 308 0
94572 -308 0
94684 309 0
94572 -309 0
29531 7 0
94572 -7 0
118304 310 0
94572 -310 0
105192 311 0
94572 -311 0
99334 312 0
94572 -312 0
89864 313 0
94572 -313 0
90608 314 0
94572 -314 0
88620 315 0
94572 -315 0
100226 316 0
94572 -316 0
106338 317 0
94572 -317 0
99070 318 0
94572 -318 0
94584 319 0
94572 -319 0
77058 320 0
94572 -320 0
92652 321 0
94572 -321 0
78010 322 0
94572 -322 0
83606 323 0
94572 -323 0
101490 324 0
94572 -324 0
93450 325 0
94572 -325 0
97268 326 0
94572 -326 0
105478 327 0
94572 -327 0
80814 328 0
94572 -328 0
88092 329 0
94572 -329 0
90658 330 0
94572 -330 0
100764 331 0
94572 -331 0
103472 332 0
94572 -332 0
93608 333 0
94572 -333 0
92716 334 0
94572 -334 0
95762 335 0
94572 -335 0
97920 336 0
94572 -336 0
90608 337 0
94572 -337 0
101388 338 0
94572 -338 0
91900 339 0
94572 -339 0
95534 340 0
94572 -340 0
85680 341 0
94572 -341 0
91130 342 0
94572 -342 0
85840 343 0
94572 -343 0
98352 344 0
94572 -344 0
95844 345 0
94572 -345 0
90070 346 0
94572 -346 0
93784 347 0
94572 -347 0
96272 348 0
94572 -348 0
94320 349 0
94572 -349 0
141441 8 0
94572 -8 0
70696 350 0
94572 -350 0
96690 351 0
94572 -351 0
96822 352 0
94572 -352 0
107704 353 0
94572 -353 0
96806 354 0
94572 -354 0
82858 355 0
94572 -355 0
97840 356 0
94572 -356 0
84044 357 0
94572 -357 0
100574 358 0
94572 -358 0
90478 359 0
94572 -359 0
98990 360 0
94572 -360 0
103934 361 0
94572 -361 0
111592 362 0
94572 -362 0
102578 363 0
94572 -363 0
91478 364 0
94572 -364 0
76106 365 0
94572 -365 0
82156 366 0
94572 -366 0
91192 367 0
94572 -367 0
106558 368 0
94572 -368 0
100928 369 0
94572 -369 0
80276 370 0
94572 -370 0
83394 371 0
94572 -371 0
90998 372 0
94572 -372 0
96398 373 0
94572 -373 0
90258 374 0
94572 -374 0
100696 375 0
94572 -375 0
103188 376 0
94572 -376 0
88896 377 0
94572 -377 0
90066 378 0
94572 -378 0
95784 379 0
94572 -379 0
101370 380 0
94572 -380 0
100590 381 0
94572 -381 0
95058 382 0
94572 -382 0
94230 383 0
94572 -383 0
94094 384 0
94572 -384 0
105116 385 0
94572 -385 0
91420 386 0
94572 -386 0
94558 387 0
94572 -387 0
94096 388 0
94572 -388 0
78295 9 0
94572 -9 0
90008 389 0
94572 -389 0
116846 390 0
94572 -390 0
85688 391 0
94572 -391 0
89342 392 0
94572 -392 0
85032 393 0
94572 -393 0
98720 394 0
94572 -394 0
89194 395 0
94572 -395 0
87314 396 0
94572 -396 0
103002 397 0
94572 -397 0
92008 398 0
94572 -398 0
97092 399 0
94572 -399 0
100732 400 0
94572 -400 0
85846 401 0
94572 -401 0
88034 402 0
94572 -402 0
89510 403 0
94572 -403 0
109860 404 0
94572 -404 0
92164 405 0
94572 -405 0
90816 406 0
94572 -406 0
106746 407 0
94572 -407 0
82648 408 0
94572 -408 0
97368 409 0
94572 -409 0
98924 410 0
94572 -410 0
91382 411 0
94572 -411 0
91164 412 0
94572 -412 0
91484 413 0
94572 -413 0
93282 414 0
94572 -414 0
101268 415 0
94572 -415 0
93486 416 0
94572 -416 0
82076 417 0
94572 -417 0
94478 418 0
94572 -418 0
98986 419 0
94572 -419 0
100728 420 0
94572 -420 0
96830 421 0
94572 -421 0
87312 422 0
94572 -422 0
90894 423 0
94572 -423 0
96962 424 0
94572 -424 0
96496 425 0
94572 -425 0
94530 426 0
94572 -426 0
63932 10 0
94572 -10 0
96058 427 0
94572 -427 0
101926 428 0
94572 -428 0
88002 429 0
94572 -429 0
104060 430 0
94572 -430 0
97118 431 0
94572 -431 0
89478 432 0
94572 -432 0
96122 433 0
94572 -433 0
101528 434 0
94572 -434 0
104756 435 0
94572 -435 0
93280 436 0
94572 -436 0
103188 437 0
94572 -437 0
99720 438 0
94572 -438 0
101808 439 0
94572 -439 0
95608 440 0
94572 -440 0
111988 441 0
94572 -441 0
99318 442 0
94572 -442 0
108512 443 0
94572 -443 0
86040 444 0
94572 -444 0
101360 445 0
94572 -445 0
95456 446 0
94572 -446 0
91910 447 0
94572 -447 0
102192 448 0
94572 -448 0
89618 449 0
94572 -449 0
93034 450 0
94572 -450 0
88234 451 0
94572 -451 0
97472 452 0
94572 -452 0
96664 453 0
94572 -453 0
92738 454 0
94572 -454 0
93088 455 0
94572 -455 0
91548 456 0
94572 -456 0
97748 457 0
94572 -457 0
96138 458 0
94572 -458 0
93780 459 0
94572 -459 0
90204 460 0
94572 -460 0
97940 461 0
94572 -461 0
94376 462 0
94572 -462 0
94992 463 0
94572 -463 0
76778 11 0
94572 -11 0
104588 464 0
94572 -464 0
73650 465 0
94572 -465 0
115426 466 0
94572 -466 0
97700 467 0
94572 -467 0
102974 468 0
94572 -468 0
89328 469 0
94572 -469 0
94052 470 0
94572 -470 0
103990 471 0
94572 -471 0
82034 472 0
94572 -472 0
100094 473 0
94572 -473 0
95928 474 0
94572 -474 0
109128 475 0
94572 -475 0
109278 476 0
94572 -476 0
85690 477 0
94572 -477 0
100204 478 0
94572 -478 0
95076 479 0
94572 -479 0
94142 480 0
94572 -480 0
101752 481 0
94572 -481 0
79952 482 0
94572 -482 0
99786 483 0
94572 -483 0
80908 484 0
94572 -484 0
102668 485 0
94572 -485 0
86996 486 0
94572 -486 0
89612 487 0
94572 -487 0
93874 488 0
94572 -488 0
98674 489 0
94572 -489 0
98196 490 0
94572 -490 0
89160 491 0
94572 -491 0
88558 492 0
94572 -492 0
94056 493 0
94572 -493 0
95810 494 0
94572 -494 0
97902 495 0
94572 -495 0
91544 496 0
94572 -496 0
91820 497 0
94572 -497 0
93258 498 0
94572 -498 0
94516 499 0
94572 -499 0
47760 12 0
94572 -12 0
100710 500 0
94572 -500 0
105208 501 0
94572 -501 0
108696 502 0
94572 -502 0
102872 503 0
94572 -503 0
114098 504 0
94572 -504 0
96908 505 0
94572 -505 0
93842 506 0
94572 -506 0
86590 507 0
94572 -507 0
87752 508 0
94572 -508 0
77436 509 0
94572 -509 0
89716 510 0
94572 -510 0
111258 511 0
94572 -511 0
92616 512 0
94572 -512 0
105902 513 0
94572 -513 0
85788 514 0
94572 -514 0
98946 515 0
94572 -515 0
92926 516 0
94572 -516 0
92928 517 0
94572 -517 0
95108 518 0
94572 -518 0
92886 519 0
94572 -519 0
101276 520 0
94572 -520 0
91368 521 0
94572 -521 0
90272 522 0
94572 -522 0
99762 523 0
94572 -523 0
99216 524 0
94572 -524 0
96692 525 0
94572 -525 0
88694 526 0
94572 -526 0
88604 527 0
94572 -527 0
94346 528 0
94572 -528 0
94546 529 0
94572 -529 0
99374 530 0
94572 -530 0
94374 531 0
94572 -531 0
93878 532 0
94572 -532 0
92338 533 0
94572 -533 0
94838 534 0
94572 -534 0
49896 13 0
94572 -13 0
113634 535 0
94572 -535 0
91550 536 0
94572 -536 0
103274 537 0
94572 -537 0
93242 538 0
94572 -538 0
79454 539 0
94572 -539 0
103458 540 0
94572 -540 0
103868 541 0
94572 -541 0
95462 542 0
94572 -542 0
107094 543 0
94572 -543 0
106278 544 0
94572 -544 0
99166 545 0
94572 -545 0
96592 546 0
94572 -546 0
80202 547 0
94572 -547 0
91930 548 0
94572 -548 0
83492 549 0
94572 -549 0
93660 550 0
94572 -550 0
104484 551 0
94572 -551 0
91296 552 0
94572 -552 0
98462 553 0
94572 -553 0
79088 554 0
94572 -554 0
96596 555 0
94572 -555 0
85984 556 0
94572 -556 0
102226 557 0
94572 -557 0
96994 558 0
94572 -558 0
82084 559 0
94572 -559 0
92782 560 0
94572 -560 0
93182 561 0
94572 -561 0
99370 562 0
94572 -562 0
96408 563 0
94572 -563 0
93116 564 0
94572 -564 0
92524 565 0
94572 -565 0
96034 566 0
94572 -566 0
94540 567 0
94572 -567 0
94726 568 0
94572 -568 0
74914 14 0
94572 -14 0
79800 569 0
94572 -569 0
87108 570 0
94572 -570 0
93940 571 0
94572 -571 0
105044 572 0
94572 -572 0
81348 573 0
94572 -573 0
106484 574 0
94572 -574 0
106436 575 0
94572 -575 0
91896 576 0
94572 -576 0
76378 577 0
94572 -577 0
94250 578 0
94572 -578 0
98610 579 0
94572 -579 0
93878 580 0
94572 -580 0
98304 581 0
94572 -581 0
94930 582 0
94572 -582 0
86376 583 0
94572 -583 0
98422 584 0
94572 -584 0
85872 585 0
94572 -585 0
100060 586 0
94572 -586 0
95312 587 0
94572 -587 0
99482 588 0
94572 -588 0
98372 589 0
94572 -589 0
85052 590 0
94572 -590 0
94292 591 0
94572 -591 0
100434 592 0
94572 -592 0
99428 593 0
94572 -593 0
99044 594 0
94572 -594 0
91144 595 0
94572 -595 0
90798 596 0
94572 -596 0
96866 597 0
94572 -597 0
98848 598 0
94572 -598 0
91682 599 0
94572 -599 0
95098 600 0
94572 -600 0
94194 601 0
94572 -601 0
57611 15 0
94572 -15 0
86562 602 0
94572 -602 0
86494 603 0
94572 -603 0
92258 604 0
94572 -604 0
89554 605 0
94572 -605 0
112602 606 0
94572 -606 0
102428 607 0
94572 -607 0
93452 608 0
94572 -608 0
87682 609 0
94572 -609 0
99638 610 0
94572 -610 0
102116 611 0
94572 -611 0
93066 612 0
94572 -612 0
93660 613 0
94572 -613 0
89772 614 0
94572 -614 0
85104 615 0
94572 -615 0
100114 616 0
94572 -616 0
85718 617 0
94572 -617 0
91004 618 0
94572 -618 0
101690 619 0
94572 -619 0
95724 620 0
94572 -620 0
88138 621 0
94572 -621 0
90028 622 0
94572 -622 0
99156 623 0
94572 -623 0
87398 624 0
94572 -624 0
101022 625 0
94572 -625 0
90960 626 0
94572 -626 0
95208 627 0
94572 -627 0
90930 628 0
94572 -628 0
98606 629 0
94572 -629 0
97664 630 0
94572 -630 0
92352 631 0
94572 -631 0
93018 632 0
94572 -632 0
94544 633 0
94572 -633 0
88600 16 0
94572 -16 0
90216 634 0
94572 -634 0
93390 635 0
94572 -635 0
83682 636 0
94572 -636 0
92286 637 0
94572 -637 0
107474 638 0
94572 -638 0
93880 639 0
94572 -639 0
99560 640 0
94572 -640 0
94236 641 0
94572 -641 0
97558 642 0
94572 -642 0
103742 643 0
94572 -643 0
100694 644 0
94572 -644 0
89270 645 0
94572 -645 0
83616 646 0
94572 -646 0
90492 647 0
94572 -647 0
90900 648 0
94572 -648 0
88610 649 0
94572 -649 0
99728 650 0
94572 -650 0
96184 651 0
94572 -651 0
92156 652 0
94572 -652 0
85088 653 0
94572 -653 0
90374 654 0
94572 -654 0
97106 655 0
94572 -655 0
96958 656 0
94572 -656 0
93840 657 0
94572 -657 0
87336 658 0
94572 -658 0
95208 659 0
94572 -659 0
96468 660 0
94572 -660 0
98226 661 0
94572 -661 0
91140 662 0
94572 -662 0
95304 663 0
94572 -663 0
94068 664 0
94572 -664 0
59485 17 0
94572 -17 0
89914 665 0
94572 -665 0
101670 666 0
94572 -666 0
90772 667 0
94572 -667 0
108288 668 0
94572 -668 0
94806 669 0
94572 -669 0
95236 670 0
94572 -670 0
99900 671 0
94572 -671 0
100844 672 0
94572 -672 0
81448 673 0
94572 -673 0
107536 674 0
94572 -674 0
88482 675 0
94572 -675 0
107066 676 0
94572 -676 0
95862 677 0
94572 -677 0
91730 678 0
94572 -678 0
102594 679 0
94572 -679 0
89914 680 0
94572 -680 0
90484 681 0
94572 -681 0
89402 682 0
94572 -682 0
89200 683 0
94572 -683 0
95500 684 0
94572 -684 0
98278 685 0
94572 -685 0
90120 686 0
94572 -686 0
99644 687 0
94572 -687 0
97732 688 0
94572 -688 0
95760 689 0
94572 -689 0
91482 690 0
94572 -690 0
94684 691 0
94572 -691 0
91876 692 0
94572 -692 0
95274 693 0
94572 -693 0
94152 694 0
94572 -694 0
61507 18 0
94572 -18 0
103836 695 0
94572 -695 0
95824 696 0
94572 -696 0
88542 697 0
94572 -697 0
93740 698 0
94572 -698 0
85794 699 0
94572 -699 0
96374 700 0
94572 -700 0
93182 701 0
94572 -701 0
73872 702 0
94572 -702 0
92972 703 0
94572 -703 0
89644 704 0
94572 -704 0
109158 705 0
94572 -705 0
103188 706 0
94572 -706 0
91294 707 0
94572 -707 0
101334 708 0
94572 -708 0
90256 709 0
94572 -709 0
93228 710 0
94572 -710 0
88940 711 0
94572 -711 0
97550 712 0
94572 -712 0
91970 713 0
94572 -713 0
103826 714 0
94572 -714 0
86098 715 0
94572 -715 0
92486 716 0
94572 -716 0
85154 717 0
94572 -717 0
97754 718 0
94572 -718 0
100114 719 0
94572 -719 0
95166 720 0
94572 -720 0
90294 721 0
94572 -721 0
95138 722 0
94572 -722 0
94082 723 0
94572 -723 0
69334 19 0
94572 -19 0
99228 724 0
94572 -724 0
80666 725 0
94572 -725 0
98362 726 0
94572 -726 0
93416 727 0
94572 -727 0
100112 728 0
94572 -728 0
96572 729 0
94572 -729 0
96682 730 0
94572 -730 0
83118 731 0
94572 -731 0
97008 732 0
94572 -732 0
82944 733 0
94572 -733 0
95610 734 0
94572 -734 0
92396 735 0
94572 -735 0
90242 736 0
94572 -736 0
106234 737 0
94572 -737 0
91144 738 0
94572 -738 0
91458 739 0
94572 -739 0
92602 740 0
94572 -740 0
91332 741 0
94572 -741 0
89614 742 0
94572 -742 0
99596 743 0
94572 -743 0
94588 744 0
94572 -744 0
87210 745 0
94572 -745 0
90492 746 0
94572 -746 0
95954 747 0
94572 -747 0
93850 748 0
94572 -748 0
94412 749 0
94572 -749 0
95430 750 0
94572 -750 0
94488 751 0
94572 -751 0
76167 20 0
94572 -20 0
94732 752 0
94572 -752 0
94080 753 0
94572 -753 0
104288 754 0
94572 -754 0
102220 755 0
94572 -755 0
91460 756 0
94572 -756 0
100042 757 0
94572 -757 0
98962 758 0
94572 -758 0
94432 759 0
94572 -759 0
101394 760 0
94572 -760 0
85146 761 0
94572 -761 0
97906 762 0
94572 -762 0
85686 763 0
94572 -763 0
98320 764 0
94572 -764 0
85998 765 0
94572 -765 0
90132 766 0
94572 -766 0
92480 767 0
94572 -767 0
96872 768 0
94572 -768 0
96066 769 0
94572 -769 0
90188 770 0
94572 -770 0
92388 771 0
94572 -771 0
95530 772 0
94572 -772 0
95492 773 0
94572 -773 0
94250 774 0
94572 -774 0
90138 775 0
94572 -775 0
94026 776 0
94572 -776 0
94406 777 0
94572 -777 0
94586 778 0
94572 -778 0
50618 21 0
94572 -21 0
95960 779 0
94572 -779 0
99946 780 0
94572 -780 0
85250 781 0
94572 -781 0
95668 782 0
94572 -782 0
89566 783 0
94572 -783 0
82512 784 0
94572 -784 0
106098 785 0
94572 -785 0
90474 786 0
94572 -786 0
98320 787 0
94572 -787 0
105256 788 0
94572 -788 0
94946 789 0
94572 -789 0
92392 790 0
94572 -790 0
101254 791 0
94572 -791 0
104892 792 0
94572 -792 0
108842 793 0
94572 -793 0
87864 794 0
94572 -794 0
93676 795 0
94572 -795 0
92308 796 0
94572 -796 0
97754 797 0
94572 -797 0
91288 798 0
94572 -798 0
97300 799 0
94572 -799 0
91718 800 0
94572 -800 0
91766 801 0
94572 -801 0
97346 802 0
94572 -802 0
96706 803 0
94572 -803 0
94586 804 0
94572 -804 0
61373 22 0
94572 -22 0
97086 805 0
94572 -805 0
109360 806 0
94572 -806 0
94294 807 0
94572 -807 0
104608 808 0
94572 -808 0
84956 809 0
94572 -809 0
102414 810 0
94572 -810 0
98042 811 0
94572 -811 0
98590 812 0
94572 -812 0
95956 813 0
94572 -813 0
85808 814 0
94572 -814 0
106834 815 0
94572 -815 0
88754 816 0
94572 -816 0
97490 817 0
94572 -817 0
94322 818 0
94572 -818 0
98988 819 0
94572 -819 0
95822 820 0
94572 -820 0
92830 821 0
94572 -821 0
90350 822 0
94572 -822 0
98228 823 0
94572 -823 0
96874 824 0
94572 -824 0
94392 825 0
94572 -825 0
89756 826 0
94572 -826 0
95146 827 0
94572 -827 0
94412 828 0
94572 -828 0
94698 829 0
94572 -829 0
61422 23 0
94572 -23 0
95830 830 0
94572 -830 0
98906 831 0
94572 -831 0
88354 832 0
94572 -832 0
89182 833 0
94572 -833 0
104394 834 0
94572 -834 0
94074 835 0
94572 -835 0
103656 836 0
94572 -836 0
99316 837 0
94572 -837 0
103708 838 0
94572 -838 0
104870 839 0
94572 -839 0
103248 840 0
94572 -840 0
98074 841 0
94572 -841 0
90668 842 0
94572 -842 0
102280 843 0
94572 -843 0
111544 844 0
94572 -844 0
97696 845 0
94572 -845 0
93646 846 0
94572 -846 0
98554 847 0
94572 -847 0
86480 848 0
94572 -848 0
98292 849 0
94572 -849 0
94158 850 0
94572 -850 0
95510 851 0
94572 -851 0
91140 852 0
94572 -852 0
95230 853 0
94572 -853 0
90182 24 0
94572 -24 0
88484 854 0
94572 -854 0
89552 855 0
94572 -855 0
98544 856 0
94572 -856 0
97730 857 0
94572 -857 0
82238 858 0
94572 -858 0
93362 859 0
94572 -859 0
96296 860 0
94572 -860 0
104934 861 0
94572 -861 0
87792 862 0
94572 -862 0
104132 863 0
94572 -863 0
108356 864 0
94572 -864 0
92228 865 0
94572 -865 0
85884 866 0
94572 -866 0
97154 867 0
94572 -867 0
102338 868 0
94572 -868 0
105790 869 0
94572 -869 0
90942 870 0
94572 -870 0
94354 871 0
94572 -871 0
92184 872 0
94572 -872 0
100470 873 0
94572 -873 0
92854 874 0
94572 -874 0
97600 875 0
94572 -875 0
93886 876 0
94572 -876 0
95282 25 0
94572 -25 0
94156 877 0
94572 -877 0
87818 878 0
94572 -878 0
94584 879 0
94572 -879 0
91536 880 0
94572 -880 0
84704 881 0
94572 -881 0
87546 882 0
94572 -882 0
93972 883 0
94572 -883 0
95520 884 0
94572 -884 0
90738 885 0
94572 -885 0
105098 886 0
94572 -886 0
80712 887 0
94572 -887 0
96818 888 0
94572 -888 0
102460 889 0
94572 -889 0
100116 890 0
94572 -890 0
95406 891 0
94572 -891 0
94484 892 0
94572 -892 0
92628 893 0
94572 -893 0
99018 894 0
94572 -894 0
101254 895 0
94572 -895 0
90068 896 0
94572 -896 0
93598 897 0
94572 -897 0
94208 898 0
94572 -898 0
72542 26 0
94572 -26 0
93850 899 0
94572 -899 0
91954 900 0
94572 -900 0
95842 901 0
94572 -901 0
102746 902 0
94572 -902 0
84086 903 0
94572 -903 0
108366 904 0
94572 -904 0
82588 905 0
94572 -905 0
101094 906 0
94572 -906 0
93496 907 0
94572 -907 0
99364 908 0
94572 -908 0
92026 909 0
94572 -909 0
95018 910 0
94572 -910 0
85988 911 0
94572 -911 0
94848 912 0
94572 -912 0
92484 913 0
94572 -913 0
101254 914 0
94572 -914 0
93988 915 0
94572 -915 0
99874 916 0
94572 -916 0
91176 917 0
94572 -917 0
95324 918 0
94572 -918 0
94012 919 0
94572 -919 0
61834 27 0
94572 -27 0
98688 920 0
94572 -920 0
93066 921 0
94572 -921 0
101702 922 0
94572 -922 0
99434 923 0
94572 -923 0
85526 924 0
94572 -924 0
104000 925 0
94572 -925 0
89442 926 0
94572 -926 0
94266 927 0
94572 -927 0
97004 928 0
94572 -928 0
95536 929 0
94572 -929 0
93072 930 0
94572 -930 0
92252 931 0
94572 -931 0
90012 932 0
94572 -932 0
90648 933 0
94572 -933 0
95980 934 0
94572 -934 0
95886 935 0
94572 -935 0
89312 936 0
94572 -936 0
93942 937 0
94572 -937 0
95458 938 0
94572 -938 0
94474 939 0
94572 -939 0
73389 28 0
94572 -28 0
102548 940 0
94572 -940 0
97792 941 0
94572 -941 0
81672 942 0
94572 -942 0
102342 943 0
94572 -943 0
86212 944 0
94572 -944 0
90850 945 0
94572 -945 0
86240 946 0
94572 -946 0
88018 947 0
94572 -947 0
97382 948 0
94572 -948 0
95818 949 0
94572 -949 0
89740 950 0
94572 -950 0
90988 951 0
94572 -951 0
91970 952 0
94572 -952 0
98058 953 0
94572 -953 0
98764 954 0
94572 -954 0
97406 955 0
94572 -955 0
89410 956 0
94572 -956 0
94468 957 0
94572 -957 0
94026 958 0
94572 -958 0
97400 29 0
94572 -29 0
90930 959 0
94572 -959 0
89500 960 0
94572 -960 0
90786 961 0
94572 -961 0
97218 962 0
94572 -962 0
106950 963 0
94572 -963 0
99402 964 0
94572 -964 0
89560 965 0
94572 -965 0
93054 966 0
94572 -966 0
87570 967 0
94572 -967 0
104854 968 0
94572 -968 0
96070 969 0
94572 -969 0
95446 970 0
94572 -970 0
91998 971 0
94572 -971 0
93924 972 0
94572 -972 0
101356 973 0
94572 -973 0
94138 974 0
94572 -974 0
94216 975 0
94572 -975 0
94474 976 0
94572 -976 0
117173 30 0
94572 -30 0
96114 977 0
94572 -977 0
86626 978 0
94572 -978 0
98076 979 0
94572 -979 0
91236 980 0
94572 -980 0
94740 981 0
94572 -981 0
87776 982 0
94572 -982 0
96210 983 0
94572 -983 0
98004 984 0
94572 -984 0
94810 985 0
94572 -985 0
93438 986 0
94572 -986 0
94988 987 0
94572 -987 0
94170 988 0
94572 -988 0
96802 989 0
94572 -989 0
99558 990 0
94572 -990 0
90512 991 0
94572 -991 0
93062 992 0
94572 -992 0
94292 993 0
94572 -993 0
82917 31 0
94572 -31 0
104982 994 0
94572 -994 0
93654 995 0
94572 -995 0
95844 996 0
94572 -996 0
90236 997 0
94572 -997 0
83958 998 0
94572 -998 0
95758 999 0
94572 -999 0
93942 1000 0
94572 -1000 0
94596 1001 0
94572 -1001 0
89042 1002 0
94572 -1002 0
89166 1003 0
94572 -1003 0
97142 1004 0
94572 -1004 0
100930 1005 0
94572 -1005 0
105084 1006 0
94572 -1006 0
89068 1007 0
94572 -1007 0
93474 1008 0
94572 -1008 0
94040 1009 0
94572 -1009 0
88060 32 0
94572 -32 0
103896 1010 0
94572 -1010 0
87622 1011 0
94572 -1011 0
89410 1012 0
94572 -1012 0
94560 1013 0
94572 -1013 0
96654 1014 0
94572 -1014 0
85062 1015 0
94572 -1015 0
96848 1016 0
94572 -1016 0
89210 1017 0
94572 -1017 0
95026 1018 0
94572 -1018 0
93536 1019 0
94572 -1019 0
93646 1020 0
94572 -1020 0
87748 1021 0
94572 -1021 0
96618 1022 0
94572 -1022 0
94582 1023 0
94572 -1023 0
94866 1024 0
94572 -1024 0
80313 33 0
94572 -33 0
98928 1025 0
94572 -1025 0
98574 1026 0
94572 -1026 0
102784 1027 0
94572 -1027 0
91140 1028 0
94572 -1028 0
89224 1029 0
94572 -1029 0
88496 1030 0
94572 -1030 0
101112 1031 0
94572 -1031 0
98860 1032 0
94572 -1032 0
101638 1033 0
94572 -1033 0
89588 1034 0
94572 -1034 0
95838 1035 0
94572 -1035 0
94330 1036 0
94572 -1036 0
97004 1037 0
94572 -1037 0
94138 1038 0
94572 -1038 0
81368 34 0
94572 -34 0
85176 1039 0
94572 -1039 0
92098 1040 0
94572 -1040 0
95384 1041 0
94572 -1041 0
91638 1042 0
94572 -1042 0
91124 1043 0
94572 -1043 0
92706 1044 0
94572 -1044 0
91460 1045 0
94572 -1045 0
95122 1046 0
94572 -1046 0
95716 1047 0
94572 -1047 0
88380 1048 0
94572 -1048 0
93638 1049 0
94572 -1049 0
95708 1050 0
94572 -1050 0
94418 1051 0
94572 -1051 0
73467 35 0
94572 -35 0
90506 1052 0
94572 -1052 0
98412 1053 0
94572 -1053 0
87504 1054 0
94572 -1054 0
91124 1055 0
94572 -1055 0
85378 1056 0
94572 -1056 0
90912 1057 0
94572 -1057 0
93996 1058 0
94572 -1058 0
97932 1059 0
94572 -1059 0
91304 1060 0
94572 -1060 0
93888 1061 0
94572 -1061 0
93224 1062 0
94572 -1062 0
94740 1063 0
94572 -1063 0
96097 36 0
94572 -36 0
99424 1064 0
94572 -1064 0
101982 1065 0
94572 -1065 0
102742 1066 0
94572 -1066 0
92198 1067 0
94572 -1067 0
93028 1068 0
94572 -1068 0
89286 1069 0
94572 -1069 0
99766 1070 0
94572 -1070 0
99708 1071 0
94572 -1071 0
90144 1072 0
94572 -1072 0
92766 1073 0
94572 -1073 0
94348 1074 0
94572 -1074 0
92598 37 0
94572 -37 0
92996 1075 0
94572 -1075 0
93354 1076 0
94572 -1076 0
99772 1077 0
94572 -1077 0
86934 1078 0
94572 -1078 0
97188 1079 0
94572 -1079 0
92354 1080 0
94572 -1080 0
96240 1081 0
94572 -1081 0
94868 1082 0
94572 -1082 0
97334 1083 0
94572 -1083 0
94180 1084 0
94572 -1084 0
78268 38 0
94572 -38 0
98804 1085 0
94572 -1085 0
93776 1086 0
94572 -1086 0
98452 1087 0
94572 -1087 0
94878 1088 0
94572 -1088 0
89128 1089 0
94572 -1089 0
91126 1090 0
94572 -1090 0
100032 1091 0
94572 -1091 0
95572 1092 0
94572 -1092 0
94992 1093 0
94572 -1093 0
79211 39 0
94572 -39 0
90318 1094 0
94572 -1094 0
91390 1095 0
94572 -1095 0
104794 1096 0
94572 -1096 0
95094 1097 0
94572 -1097 0
94442 1098 0
94572 -1098 0
90828 1099 0
94572 -1099 0
95314 1100 0
94572 -1100 0
94040 1101 0
94572 -1101 0
84079 40 0
94572 -40 0
93934 1102 0
94572 -1102 0
97078 1103 0
94572 -1103 0
98416 1104 0
94572 -1104 0
94750 1105 0
94572 -1105 0
93472 1106 0
94572 -1106 0
92340 1107 0
94572 -1107 0
94768 1108 0
94572 -1108 0
85838 41 0
94572 -41 0
96296 1109 0
94572 -1109 0
99730 1110 0
94572 -1110 0
96582 1111 0
94572 -1111 0
90536 1112 0
94572 -1112 0
96754 1113 0
94572 -1113 0
93872 1114 0
94572 -1114 0
90703 42 0
94572 -42 0
95764 1115 0
94572 -1115 0
92886 1116 0
94572 -1116 0
97104 1117 0
94572 -1117 0
93380 1118 0
94572 -1118 0
95076 1119 0
94572 -1119 0
89661 43 0
94572 -43 0
92238 1120 0
94572 -1120 0
98264 1121 0
94572 -1121 0
95550 1122 0
94572 -1122 0
94796 1123 0
94572 -1123 0
73422 44 0
94572 -44 0
98598 1124 0
94572 -1124 0
95738 1125 0
94572 -1125 0
94978 1126 0
94572 -1126 0
99105 45 0
94572 -45 0
94636 1127 0
94572 -1127 0
93942 1128 0
94572 -1128 0
95389 46 0
94572 -46 0
94768 1129 0
94572 -1129 0
95293 47 0
94572 -47 0
