c
c Generated WCNF file
c
p wcnf 562 2707 67808
67808 34 0
67808 -35 1 0
67808 -35 2 0
67808 35 -1 -2 0
67808 -36 1 0
67808 -36 3 0
67808 36 -1 -3 0
67808 -37 1 0
67808 -37 4 0
67808 37 -1 -4 0
67808 -38 1 0
67808 -38 5 0
67808 38 -1 -5 0
67808 -39 1 0
67808 -39 6 0
67808 39 -1 -6 0
67808 -40 1 0
67808 -40 7 0
67808 40 -1 -7 0
67808 -41 1 0
67808 -41 8 0
67808 41 -1 -8 0
67808 -42 1 0
67808 -42 9 0
67808 42 -1 -9 0
67808 -43 1 0
67808 -43 10 0
67808 43 -1 -10 0
67808 -44 1 0
67808 -44 11 0
67808 44 -1 -11 0
67808 -45 1 0
67808 -45 12 0
67808 45 -1 -12 0
67808 -46 1 0
67808 -46 13 0
67808 46 -1 -13 0
67808 -47 1 0
67808 -47 14 0
67808 47 -1 -14 0
67808 -48 1 0
67808 -48 15 0
67808 48 -1 -15 0
67808 -49 1 0
67808 -49 16 0
67808 49 -1 -16 0
67808 -50 1 0
67808 -50 17 0
67808 50 -1 -17 0
67808 -51 1 0
67808 -51 18 0
67808 51 -1 -18 0
67808 -52 1 0
67808 -52 19 0
67808 52 -1 -19 0
67808 -53 1 0
67808 -53 20 0
67808 53 -1 -20 0
67808 -54 1 0
67808 -54 21 0
67808 54 -1 -21 0
67808 -55 1 0
67808 -55 22 0
67808 55 -1 -22 0
67808 -56 1 0
67808 -56 23 0
67808 56 -1 -23 0
67808 -57 1 0
67808 -57 24 0
67808 57 -1 -24 0
67808 -58 1 0
67808 -58 25 0
67808 58 -1 -25 0
67808 -59 1 0
67808 -59 26 0
67808 59 -1 -26 0
67808 -60 1 0
67808 -60 27 0
67808 60 -1 -27 0
67808 -61 1 0
67808 -61 28 0
67808 61 -1 -28 0
67808 -62 1 0
67808 -62 29 0
67808 62 -1 -29 0
67808 -63 1 0
67808 -63 30 0
67808 63 -1 -30 0
67808 -64 1 0
67808 -64 31 0
67808 64 -1 -31 0
67808 -65 1 0
67808 -65 32 0
67808 65 -1 -32 0
67808 -66 1 0
67808 -66 33 0
67808 66 -1 -33 0
67808 -67 2 0
67808 -67 3 0
67808 67 -2 -3 0
67808 -68 2 0
67808 -68 4 0
67808 68 -2 -4 0
67808 -69 2 0
67808 -69 5 0
67808 69 -2 -5 0
67808 -70 2 0
67808 -70 6 0
67808 70 -2 -6 0
67808 -71 2 0
67808 -71 7 0
67808 71 -2 -7 0
67808 -72 2 0
67808 -72 8 0
67808 72 -2 -8 0
67808 -73 2 0
67808 -73 9 0
67808 73 -2 -9 0
67808 -74 2 0
67808 -74 10 0
67808 74 -2 -10 0
67808 -75 2 0
67808 -75 11 0
67808 75 -2 -11 0
67808 -76 2 0
67808 -76 12 0
67808 76 -2 -12 0
67808 -77 2 0
67808 -77 13 0
67808 77 -2 -13 0
67808 -78 2 0
67808 -78 14 0
67808 78 -2 -14 0
67808 -79 2 0
67808 -79 15 0
67808 79 -2 -15 0
67808 -80 2 0
67808 -80 16 0
67808 80 -2 -16 0
67808 -81 2 0
67808 -81 17 0
67808 81 -2 -17 0
67808 -82 2 0
67808 -82 18 0
67808 82 -2 -18 0
67808 -83 2 0
67808 -83 19 0
67808 83 -2 -19 0
67808 -84 2 0
67808 -84 20 0
67808 84 -2 -20 0
67808 -85 2 0
67808 -85 21 0
67808 85 -2 -21 0
67808 -86 2 0
67808 -86 22 0
67808 86 -2 -22 0
67808 -87 2 0
67808 -87 23 0
67808 87 -2 -23 0
67808 -88 2 0
67808 -88 24 0
67808 88 -2 -24 0
67808 -89 2 0
67808 -89 25 0
67808 89 -2 -25 0
67808 -90 2 0
67808 -90 26 0
67808 90 -2 -26 0
67808 -91 2 0
67808 -91 27 0
67808 91 -2 -27 0
67808 -92 2 0
67808 -92 28 0
67808 92 -2 -28 0
67808 -93 2 0
67808 -93 29 0
67808 93 -2 -29 0
67808 -94 2 0
67808 -94 30 0
67808 94 -2 -30 0
67808 -95 2 0
67808 -95 31 0
67808 95 -2 -31 0
67808 -96 2 0
67808 -96 32 0
67808 96 -2 -32 0
67808 -97 2 0
67808 -97 33 0
67808 97 -2 -33 0
67808 -98 3 0
67808 -98 4 0
67808 98 -3 -4 0
67808 -99 3 0
67808 -99 5 0
67808 99 -3 -5 0
67808 -100 3 0
67808 -100 6 0
67808 100 -3 -6 0
67808 -101 3 0
67808 -101 7 0
67808 101 -3 -7 0
67808 -102 3 0
67808 -102 8 0
67808 102 -3 -8 0
67808 -103 3 0
67808 -103 9 0
67808 103 -3 -9 0
67808 -104 3 0
67808 -104 10 0
67808 104 -3 -10 0
67808 -105 3 0
67808 -105 11 0
67808 105 -3 -11 0
67808 -106 3 0
67808 -106 12 0
67808 106 -3 -12 0
67808 -107 3 0
67808 -107 13 0
67808 107 -3 -13 0
67808 -108 3 0
67808 -108 14 0
67808 108 -3 -14 0
67808 -109 3 0
67808 -109 15 0
67808 109 -3 -15 0
67808 -110 3 0
67808 -110 16 0
67808 110 -3 -16 0
67808 -111 3 0
67808 -111 17 0
67808 111 -3 -17 0
67808 -112 3 0
67808 -112 18 0
67808 112 -3 -18 0
67808 -113 3 0
67808 -113 19 0
67808 113 -3 -19 0
67808 -114 3 0
67808 -114 20 0
67808 114 -3 -20 0
67808 -115 3 0
67808 -115 21 0
67808 115 -3 -21 0
67808 -116 3 0
67808 -116 22 0
67808 116 -3 -22 0
67808 -117 3 0
67808 -117 23 0
67808 117 -3 -23 0
67808 -118 3 0
67808 -118 24 0
67808 118 -3 -24 0
67808 -119 3 0
67808 -119 25 0
67808 119 -3 -25 0
67808 -120 3 0
67808 -120 26 0
67808 120 -3 -26 0
67808 -121 3 0
67808 -121 27 0
67808 121 -3 -27 0
67808 -122 3 0
67808 -122 28 0
67808 122 -3 -28 0
67808 -123 3 0
67808 -123 29 0
67808 123 -3 -29 0
67808 -124 3 0
67808 -124 30 0
67808 124 -3 -30 0
67808 -125 3 0
67808 -125 31 0
67808 125 -3 -31 0
67808 -126 3 0
67808 -126 32 0
67808 126 -3 -32 0
67808 -127 3 0
67808 -127 33 0
67808 127 -3 -33 0
67808 -128 4 0
67808 -128 5 0
67808 128 -4 -5 0
67808 -129 4 0
67808 -129 6 0
67808 129 -4 -6 0
67808 -130 4 0
67808 -130 7 0
67808 130 -4 -7 0
67808 -131 4 0
67808 -131 8 0
67808 131 -4 -8 0
67808 -132 4 0
67808 -132 9 0
67808 132 -4 -9 0
67808 -133 4 0
67808 -133 10 0
67808 133 -4 -10 0
67808 -134 4 0
67808 -134 11 0
67808 134 -4 -11 0
67808 -135 4 0
67808 -135 12 0
67808 135 -4 -12 0
67808 -136 4 0
67808 -136 13 0
67808 136 -4 -13 0
67808 -137 4 0
67808 -137 14 0
67808 137 -4 -14 0
67808 -138 4 0
67808 -138 15 0
67808 138 -4 -15 0
67808 -139 4 0
67808 -139 16 0
67808 139 -4 -16 0
67808 -140 4 0
67808 -140 17 0
67808 140 -4 -17 0
67808 -141 4 0
67808 -141 18 0
67808 141 -4 -18 0
67808 -142 4 0
67808 -142 19 0
67808 142 -4 -19 0
67808 -143 4 0
67808 -143 20 0
67808 143 -4 -20 0
67808 -144 4 0
67808 -144 21 0
67808 144 -4 -21 0
67808 -145 4 0
67808 -145 22 0
67808 145 -4 -22 0
67808 -146 4 0
67808 -146 23 0
67808 146 -4 -23 0
67808 -147 4 0
67808 -147 24 0
67808 147 -4 -24 0
67808 -148 4 0
67808 -148 25 0
67808 148 -4 -25 0
67808 -149 4 0
67808 -149 26 0
67808 149 -4 -26 0
67808 -150 4 0
67808 -150 27 0
67808 150 -4 -27 0
67808 -151 4 0
67808 -151 28 0
67808 151 -4 -28 0
67808 -152 4 0
67808 -152 29 0
67808 152 -4 -29 0
67808 -153 4 0
67808 -153 30 0
67808 153 -4 -30 0
67808 -154 4 0
67808 -154 31 0
67808 154 -4 -31 0
67808 -155 4 0
67808 -155 32 0
67808 155 -4 -32 0
67808 -156 4 0
67808 -156 33 0
67808 156 -4 -33 0
67808 -157 5 0
67808 -157 6 0
67808 157 -5 -6 0
67808 -158 5 0
67808 -158 7 0
67808 158 -5 -7 0
67808 -159 5 0
67808 -159 8 0
67808 159 -5 -8 0
67808 -160 5 0
67808 -160 9 0
67808 160 -5 -9 0
67808 -161 5 0
67808 -161 10 0
67808 161 -5 -10 0
67808 -162 5 0
67808 -162 11 0
67808 162 -5 -11 0
67808 -163 5 0
67808 -163 12 0
67808 163 -5 -12 0
67808 -164 5 0
67808 -164 13 0
67808 164 -5 -13 0
67808 -165 5 0
67808 -165 14 0
67808 165 -5 -14 0
67808 -166 5 0
67808 -166 15 0
67808 166 -5 -15 0
67808 -167 5 0
67808 -167 16 0
67808 167 -5 -16 0
67808 -168 5 0
67808 -168 17 0
67808 168 -5 -17 0
67808 -169 5 0
67808 -169 18 0
67808 169 -5 -18 0
67808 -170 5 0
67808 -170 19 0
67808 170 -5 -19 0
67808 -171 5 0
67808 -171 20 0
67808 171 -5 -20 0
67808 -172 5 0
67808 -172 21 0
67808 172 -5 -21 0
67808 -173 5 0
67808 -173 22 0
67808 173 -5 -22 0
67808 -174 5 0
67808 -174 23 0
67808 174 -5 -23 0
67808 -175 5 0
67808 -175 24 0
67808 175 -5 -24 0
67808 -176 5 0
67808 -176 25 0
67808 176 -5 -25 0
67808 -177 5 0
67808 -177 26 0
67808 177 -5 -26 0
67808 -178 5 0
67808 -178 27 0
67808 178 -5 -27 0
67808 -179 5 0
67808 -179 28 0
67808 179 -5 -28 0
67808 -180 5 0
67808 -180 29 0
67808 180 -5 -29 0
67808 -181 5 0
67808 -181 30 0
67808 181 -5 -30 0
67808 -182 5 0
67808 -182 31 0
67808 182 -5 -31 0
67808 -183 5 0
67808 -183 32 0
67808 183 -5 -32 0
67808 -184 5 0
67808 -184 33 0
67808 184 -5 -33 0
67808 -185 6 0
67808 -185 7 0
67808 185 -6 -7 0
67808 -186 6 0
67808 -186 8 0
67808 186 -6 -8 0
67808 -187 6 0
67808 -187 9 0
67808 187 -6 -9 0
67808 -188 6 0
67808 -188 10 0
67808 188 -6 -10 0
67808 -189 6 0
67808 -189 11 0
67808 189 -6 -11 0
67808 -190 6 0
67808 -190 12 0
67808 190 -6 -12 0
67808 -191 6 0
67808 -191 13 0
67808 191 -6 -13 0
67808 -192 6 0
67808 -192 14 0
67808 192 -6 -14 0
67808 -193 6 0
67808 -193 15 0
67808 193 -6 -15 0
67808 -194 6 0
67808 -194 16 0
67808 194 -6 -16 0
67808 -195 6 0
67808 -195 17 0
67808 195 -6 -17 0
67808 -196 6 0
67808 -196 18 0
67808 196 -6 -18 0
67808 -197 6 0
67808 -197 19 0
67808 197 -6 -19 0
67808 -198 6 0
67808 -198 20 0
67808 198 -6 -20 0
67808 -199 6 0
67808 -199 21 0
67808 199 -6 -21 0
67808 -200 6 0
67808 -200 22 0
67808 200 -6 -22 0
67808 -201 6 0
67808 -201 23 0
67808 201 -6 -23 0
67808 -202 6 0
67808 -202 24 0
67808 202 -6 -24 0
67808 -203 6 0
67808 -203 25 0
67808 203 -6 -25 0
67808 -204 6 0
67808 -204 26 0
67808 204 -6 -26 0
67808 -205 6 0
67808 -205 27 0
67808 205 -6 -27 0
67808 -206 6 0
67808 -206 28 0
67808 206 -6 -28 0
67808 -207 6 0
67808 -207 29 0
67808 207 -6 -29 0
67808 -208 6 0
67808 -208 30 0
67808 208 -6 -30 0
67808 -209 6 0
67808 -209 31 0
67808 209 -6 -31 0
67808 -210 6 0
67808 -210 32 0
67808 210 -6 -32 0
67808 -211 6 0
67808 -211 33 0
67808 211 -6 -33 0
67808 -212 7 0
67808 -212 8 0
67808 212 -7 -8 0
67808 -213 7 0
67808 -213 9 0
67808 213 -7 -9 0
67808 -214 7 0
67808 -214 10 0
67808 214 -7 -10 0
67808 -215 7 0
67808 -215 11 0
67808 215 -7 -11 0
67808 -216 7 0
67808 -216 12 0
67808 216 -7 -12 0
67808 -217 7 0
67808 -217 13 0
67808 217 -7 -13 0
67808 -218 7 0
67808 -218 14 0
67808 218 -7 -14 0
67808 -219 7 0
67808 -219 15 0
67808 219 -7 -15 0
67808 -220 7 0
67808 -220 16 0
67808 220 -7 -16 0
67808 -221 7 0
67808 -221 17 0
67808 221 -7 -17 0
67808 -222 7 0
67808 -222 18 0
67808 222 -7 -18 0
67808 -223 7 0
67808 -223 19 0
67808 223 -7 -19 0
67808 -224 7 0
67808 -224 20 0
67808 224 -7 -20 0
67808 -225 7 0
67808 -225 21 0
67808 225 -7 -21 0
67808 -226 7 0
67808 -226 22 0
67808 226 -7 -22 0
67808 -227 7 0
67808 -227 23 0
67808 227 -7 -23 0
67808 -228 7 0
67808 -228 24 0
67808 228 -7 -24 0
67808 -229 7 0
67808 -229 25 0
67808 229 -7 -25 0
67808 -230 7 0
67808 -230 26 0
67808 230 -7 -26 0
67808 -231 7 0
67808 -231 27 0
67808 231 -7 -27 0
67808 -232 7 0
67808 -232 28 0
67808 232 -7 -28 0
67808 -233 7 0
67808 -233 29 0
67808 233 -7 -29 0
67808 -234 7 0
67808 -234 30 0
67808 234 -7 -30 0
67808 -235 7 0
67808 -235 31 0
67808 235 -7 -31 0
67808 -236 7 0
67808 -236 32 0
67808 236 -7 -32 0
67808 -237 7 0
67808 -237 33 0
67808 237 -7 -33 0
67808 -238 8 0
67808 -238 9 0
67808 238 -8 -9 0
67808 -239 8 0
67808 -239 10 0
67808 239 -8 -10 0
67808 -240 8 0
67808 -240 11 0
67808 240 -8 -11 0
67808 -241 8 0
67808 -241 12 0
67808 241 -8 -12 0
67808 -242 8 0
67808 -242 13 0
67808 242 -8 -13 0
67808 -243 8 0
67808 -243 14 0
67808 243 -8 -14 0
67808 -244 8 0
67808 -244 15 0
67808 244 -8 -15 0
67808 -245 8 0
67808 -245 16 0
67808 245 -8 -16 0
67808 -246 8 0
67808 -246 17 0
67808 246 -8 -17 0
67808 -247 8 0
67808 -247 18 0
67808 247 -8 -18 0
67808 -248 8 0
67808 -248 19 0
67808 248 -8 -19 0
67808 -249 8 0
67808 -249 20 0
67808 249 -8 -20 0
67808 -250 8 0
67808 -250 21 0
67808 250 -8 -21 0
67808 -251 8 0
67808 -251 22 0
67808 251 -8 -22 0
67808 -252 8 0
67808 -252 23 0
67808 252 -8 -23 0
67808 -253 8 0
67808 -253 24 0
67808 253 -8 -24 0
67808 -254 8 0
67808 -254 25 0
67808 254 -8 -25 0
67808 -255 8 0
67808 -255 26 0
67808 255 -8 -26 0
67808 -256 8 0
67808 -256 27 0
67808 256 -8 -27 0
67808 -257 8 0
67808 -257 28 0
67808 257 -8 -28 0
67808 -258 8 0
67808 -258 29 0
67808 258 -8 -29 0
67808 -259 8 0
67808 -259 30 0
67808 259 -8 -30 0
67808 -260 8 0
67808 -260 31 0
67808 260 -8 -31 0
67808 -261 8 0
67808 -261 32 0
67808 261 -8 -32 0
67808 -262 8 0
67808 -262 33 0
67808 262 -8 -33 0
67808 -263 9 0
67808 -263 10 0
67808 263 -9 -10 0
67808 -264 9 0
67808 -264 11 0
67808 264 -9 -11 0
67808 -265 9 0
67808 -265 12 0
67808 265 -9 -12 0
67808 -266 9 0
67808 -266 13 0
67808 266 -9 -13 0
67808 -267 9 0
67808 -267 14 0
67808 267 -9 -14 0
67808 -268 9 0
67808 -268 15 0
67808 268 -9 -15 0
67808 -269 9 0
67808 -269 16 0
67808 269 -9 -16 0
67808 -270 9 0
67808 -270 17 0
67808 270 -9 -17 0
67808 -271 9 0
67808 -271 18 0
67808 271 -9 -18 0
67808 -272 9 0
67808 -272 19 0
67808 272 -9 -19 0
67808 -273 9 0
67808 -273 20 0
67808 273 -9 -20 0
67808 -274 9 0
67808 -274 21 0
67808 274 -9 -21 0
67808 -275 9 0
67808 -275 22 0
67808 275 -9 -22 0
67808 -276 9 0
67808 -276 23 0
67808 276 -9 -23 0
67808 -277 9 0
67808 -277 24 0
67808 277 -9 -24 0
67808 -278 9 0
67808 -278 25 0
67808 278 -9 -25 0
67808 -279 9 0
67808 -279 26 0
67808 279 -9 -26 0
67808 -280 9 0
67808 -280 27 0
67808 280 -9 -27 0
67808 -281 9 0
67808 -281 28 0
67808 281 -9 -28 0
67808 -282 9 0
67808 -282 29 0
67808 282 -9 -29 0
67808 -283 9 0
67808 -283 30 0
67808 283 -9 -30 0
67808 -284 9 0
67808 -284 31 0
67808 284 -9 -31 0
67808 -285 9 0
67808 -285 32 0
67808 285 -9 -32 0
67808 -286 9 0
67808 -286 33 0
67808 286 -9 -33 0
67808 -287 10 0
67808 -287 11 0
67808 287 -10 -11 0
67808 -288 10 0
67808 -288 12 0
67808 288 -10 -12 0
67808 -289 10 0
67808 -289 13 0
67808 289 -10 -13 0
67808 -290 10 0
67808 -290 14 0
67808 290 -10 -14 0
67808 -291 10 0
67808 -291 15 0
67808 291 -10 -15 0
67808 -292 10 0
67808 -292 16 0
67808 292 -10 -16 0
67808 -293 10 0
67808 -293 17 0
67808 293 -10 -17 0
67808 -294 10 0
67808 -294 18 0
67808 294 -10 -18 0
67808 -295 10 0
67808 -295 19 0
67808 295 -10 -19 0
67808 -296 10 0
67808 -296 20 0
67808 296 -10 -20 0
67808 -297 10 0
67808 -297 21 0
67808 297 -10 -21 0
67808 -298 10 0
67808 -298 22 0
67808 298 -10 -22 0
67808 -299 10 0
67808 -299 23 0
67808 299 -10 -23 0
67808 -300 10 0
67808 -300 24 0
67808 300 -10 -24 0
67808 -301 10 0
67808 -301 25 0
67808 301 -10 -25 0
67808 -302 10 0
67808 -302 26 0
67808 302 -10 -26 0
67808 -303 10 0
67808 -303 27 0
67808 303 -10 -27 0
67808 -304 10 0
67808 -304 28 0
67808 304 -10 -28 0
67808 -305 10 0
67808 -305 29 0
67808 305 -10 -29 0
67808 -306 10 0
67808 -306 30 0
67808 306 -10 -30 0
67808 -307 10 0
67808 -307 31 0
67808 307 -10 -31 0
67808 -308 10 0
67808 -308 32 0
67808 308 -10 -32 0
67808 -309 10 0
67808 -309 33 0
67808 309 -10 -33 0
67808 -310 11 0
67808 -310 12 0
67808 310 -11 -12 0
67808 -311 11 0
67808 -311 13 0
67808 311 -11 -13 0
67808 -312 11 0
67808 -312 14 0
67808 312 -11 -14 0
67808 -313 11 0
67808 -313 15 0
67808 313 -11 -15 0
67808 -314 11 0
67808 -314 16 0
67808 314 -11 -16 0
67808 -315 11 0
67808 -315 17 0
67808 315 -11 -17 0
67808 -316 11 0
67808 -316 18 0
67808 316 -11 -18 0
67808 -317 11 0
67808 -317 19 0
67808 317 -11 -19 0
67808 -318 11 0
67808 -318 20 0
67808 318 -11 -20 0
67808 -319 11 0
67808 -319 21 0
67808 319 -11 -21 0
67808 -320 11 0
67808 -320 22 0
67808 320 -11 -22 0
67808 -321 11 0
67808 -321 23 0
67808 321 -11 -23 0
67808 -322 11 0
67808 -322 24 0
67808 322 -11 -24 0
67808 -323 11 0
67808 -323 25 0
67808 323 -11 -25 0
67808 -324 11 0
67808 -324 26 0
67808 324 -11 -26 0
67808 -325 11 0
67808 -325 27 0
67808 325 -11 -27 0
67808 -326 11 0
67808 -326 28 0
67808 326 -11 -28 0
67808 -327 11 0
67808 -327 29 0
67808 327 -11 -29 0
67808 -328 11 0
67808 -328 30 0
67808 328 -11 -30 0
67808 -329 11 0
67808 -329 31 0
67808 329 -11 -31 0
67808 -330 11 0
67808 -330 32 0
67808 330 -11 -32 0
67808 -331 11 0
67808 -331 33 0
67808 331 -11 -33 0
67808 -332 12 0
67808 -332 13 0
67808 332 -12 -13 0
67808 -333 12 0
67808 -333 14 0
67808 333 -12 -14 0
67808 -334 12 0
67808 -334 15 0
67808 334 -12 -15 0
67808 -335 12 0
67808 -335 16 0
67808 335 -12 -16 0
67808 -336 12 0
67808 -336 17 0
67808 336 -12 -17 0
67808 -337 12 0
67808 -337 18 0
67808 337 -12 -18 0
67808 -338 12 0
67808 -338 19 0
67808 338 -12 -19 0
67808 -339 12 0
67808 -339 20 0
67808 339 -12 -20 0
67808 -340 12 0
67808 -340 21 0
67808 340 -12 -21 0
67808 -341 12 0
67808 -341 22 0
67808 341 -12 -22 0
67808 -342 12 0
67808 -342 23 0
67808 342 -12 -23 0
67808 -343 12 0
67808 -343 24 0
67808 343 -12 -24 0
67808 -344 12 0
67808 -344 25 0
67808 344 -12 -25 0
67808 -345 12 0
67808 -345 26 0
67808 345 -12 -26 0
67808 -346 12 0
67808 -346 27 0
67808 346 -12 -27 0
67808 -347 12 0
67808 -347 28 0
67808 347 -12 -28 0
67808 -348 12 0
67808 -348 29 0
67808 348 -12 -29 0
67808 -349 12 0
67808 -349 30 0
67808 349 -12 -30 0
67808 -350 12 0
67808 -350 31 0
67808 350 -12 -31 0
67808 -351 12 0
67808 -351 32 0
67808 351 -12 -32 0
67808 -352 12 0
67808 -352 33 0
67808 352 -12 -33 0
67808 -353 13 0
67808 -353 14 0
67808 353 -13 -14 0
67808 -354 13 0
67808 -354 15 0
67808 354 -13 -15 0
67808 -355 13 0
67808 -355 16 0
67808 355 -13 -16 0
67808 -356 13 0
67808 -356 17 0
67808 356 -13 -17 0
67808 -357 13 0
67808 -357 18 0
67808 357 -13 -18 0
67808 -358 13 0
67808 -358 19 0
67808 358 -13 -19 0
67808 -359 13 0
67808 -359 20 0
67808 359 -13 -20 0
67808 -360 13 0
67808 -360 21 0
67808 360 -13 -21 0
67808 -361 13 0
67808 -361 22 0
67808 361 -13 -22 0
67808 -362 13 0
67808 -362 23 0
67808 362 -13 -23 0
67808 -363 13 0
67808 -363 24 0
67808 363 -13 -24 0
67808 -364 13 0
67808 -364 25 0
67808 364 -13 -25 0
67808 -365 13 0
67808 -365 26 0
67808 365 -13 -26 0
67808 -366 13 0
67808 -366 27 0
67808 366 -13 -27 0
67808 -367 13 0
67808 -367 28 0
67808 367 -13 -28 0
67808 -368 13 0
67808 -368 29 0
67808 368 -13 -29 0
67808 -369 13 0
67808 -369 30 0
67808 369 -13 -30 0
67808 -370 13 0
67808 -370 31 0
67808 370 -13 -31 0
67808 -371 13 0
67808 -371 32 0
67808 371 -13 -32 0
67808 -372 13 0
67808 -372 33 0
67808 372 -13 -33 0
67808 -373 14 0
67808 -373 15 0
67808 373 -14 -15 0
67808 -374 14 0
67808 -374 16 0
67808 374 -14 -16 0
67808 -375 14 0
67808 -375 17 0
67808 375 -14 -17 0
67808 -376 14 0
67808 -376 18 0
67808 376 -14 -18 0
67808 -377 14 0
67808 -377 19 0
67808 377 -14 -19 0
67808 -378 14 0
67808 -378 20 0
67808 378 -14 -20 0
67808 -379 14 0
67808 -379 21 0
67808 379 -14 -21 0
67808 -380 14 0
67808 -380 22 0
67808 380 -14 -22 0
67808 -381 14 0
67808 -381 23 0
67808 381 -14 -23 0
67808 -382 14 0
67808 -382 24 0
67808 382 -14 -24 0
67808 -383 14 0
67808 -383 25 0
67808 383 -14 -25 0
67808 -384 14 0
67808 -384 26 0
67808 384 -14 -26 0
67808 -385 14 0
67808 -385 27 0
67808 385 -14 -27 0
67808 -386 14 0
67808 -386 28 0
67808 386 -14 -28 0
67808 -387 14 0
67808 -387 29 0
67808 387 -14 -29 0
67808 -388 14 0
67808 -388 30 0
67808 388 -14 -30 0
67808 -389 14 0
67808 -389 31 0
67808 389 -14 -31 0
67808 -390 14 0
67808 -390 32 0
67808 390 -14 -32 0
67808 -391 14 0
67808 -391 33 0
67808 391 -14 -33 0
67808 -392 15 0
67808 -392 16 0
67808 392 -15 -16 0
67808 -393 15 0
67808 -393 17 0
67808 393 -15 -17 0
67808 -394 15 0
67808 -394 18 0
67808 394 -15 -18 0
67808 -395 15 0
67808 -395 19 0
67808 395 -15 -19 0
67808 -396 15 0
67808 -396 20 0
67808 396 -15 -20 0
67808 -397 15 0
67808 -397 21 0
67808 397 -15 -21 0
67808 -398 15 0
67808 -398 22 0
67808 398 -15 -22 0
67808 -399 15 0
67808 -399 23 0
67808 399 -15 -23 0
67808 -400 15 0
67808 -400 24 0
67808 400 -15 -24 0
67808 -401 15 0
67808 -401 25 0
67808 401 -15 -25 0
67808 -402 15 0
67808 -402 26 0
67808 402 -15 -26 0
67808 -403 15 0
67808 -403 27 0
67808 403 -15 -27 0
67808 -404 15 0
67808 -404 28 0
67808 404 -15 -28 0
67808 -405 15 0
67808 -405 29 0
67808 405 -15 -29 0
67808 -406 15 0
67808 -406 30 0
67808 406 -15 -30 0
67808 -407 15 0
67808 -407 31 0
67808 407 -15 -31 0
67808 -408 15 0
67808 -408 32 0
67808 408 -15 -32 0
67808 -409 15 0
67808 -409 33 0
67808 409 -15 -33 0
67808 -410 16 0
67808 -410 17 0
67808 410 -16 -17 0
67808 -411 16 0
67808 -411 18 0
67808 411 -16 -18 0
67808 -412 16 0
67808 -412 19 0
67808 412 -16 -19 0
67808 -413 16 0
67808 -413 20 0
67808 413 -16 -20 0
67808 -414 16 0
67808 -414 21 0
67808 414 -16 -21 0
67808 -415 16 0
67808 -415 22 0
67808 415 -16 -22 0
67808 -416 16 0
67808 -416 23 0
67808 416 -16 -23 0
67808 -417 16 0
67808 -417 24 0
67808 417 -16 -24 0
67808 -418 16 0
67808 -418 25 0
67808 418 -16 -25 0
67808 -419 16 0
67808 -419 26 0
67808 419 -16 -26 0
67808 -420 16 0
67808 -420 27 0
67808 420 -16 -27 0
67808 -421 16 0
67808 -421 28 0
67808 421 -16 -28 0
67808 -422 16 0
67808 -422 29 0
67808 422 -16 -29 0
67808 -423 16 0
67808 -423 30 0
67808 423 -16 -30 0
67808 -424 16 0
67808 -424 31 0
67808 424 -16 -31 0
67808 -425 16 0
67808 -425 32 0
67808 425 -16 -32 0
67808 -426 16 0
67808 -426 33 0
67808 426 -16 -33 0
67808 -427 17 0
67808 -427 18 0
67808 427 -17 -18 0
67808 -428 17 0
67808 -428 19 0
67808 428 -17 -19 0
67808 -429 17 0
67808 -429 20 0
67808 429 -17 -20 0
67808 -430 17 0
67808 -430 21 0
67808 430 -17 -21 0
67808 -431 17 0
67808 -431 22 0
67808 431 -17 -22 0
67808 -432 17 0
67808 -432 23 0
67808 432 -17 -23 0
67808 -433 17 0
67808 -433 24 0
67808 433 -17 -24 0
67808 -434 17 0
67808 -434 25 0
67808 434 -17 -25 0
67808 -435 17 0
67808 -435 26 0
67808 435 -17 -26 0
67808 -436 17 0
67808 -436 27 0
67808 436 -17 -27 0
67808 -437 17 0
67808 -437 28 0
67808 437 -17 -28 0
67808 -438 17 0
67808 -438 29 0
67808 438 -17 -29 0
67808 -439 17 0
67808 -439 30 0
67808 439 -17 -30 0
67808 -440 17 0
67808 -440 31 0
67808 440 -17 -31 0
67808 -441 17 0
67808 -441 32 0
67808 441 -17 -32 0
67808 -442 17 0
67808 -442 33 0
67808 442 -17 -33 0
67808 -443 18 0
67808 -443 19 0
67808 443 -18 -19 0
67808 -444 18 0
67808 -444 20 0
67808 444 -18 -20 0
67808 -445 18 0
67808 -445 21 0
67808 445 -18 -21 0
67808 -446 18 0
67808 -446 22 0
67808 446 -18 -22 0
67808 -447 18 0
67808 -447 23 0
67808 447 -18 -23 0
67808 -448 18 0
67808 -448 24 0
67808 448 -18 -24 0
67808 -449 18 0
67808 -449 25 0
67808 449 -18 -25 0
67808 -450 18 0
67808 -450 26 0
67808 450 -18 -26 0
67808 -451 18 0
67808 -451 27 0
67808 451 -18 -27 0
67808 -452 18 0
67808 -452 28 0
67808 452 -18 -28 0
67808 -453 18 0
67808 -453 29 0
67808 453 -18 -29 0
67808 -454 18 0
67808 -454 30 0
67808 454 -18 -30 0
67808 -455 18 0
67808 -455 31 0
67808 455 -18 -31 0
67808 -456 18 0
67808 -456 32 0
67808 456 -18 -32 0
67808 -457 18 0
67808 -457 33 0
67808 457 -18 -33 0
67808 -458 19 0
67808 -458 20 0
67808 458 -19 -20 0
67808 -459 19 0
67808 -459 21 0
67808 459 -19 -21 0
67808 -460 19 0
67808 -460 22 0
67808 460 -19 -22 0
67808 -461 19 0
67808 -461 23 0
67808 461 -19 -23 0
67808 -462 19 0
67808 -462 24 0
67808 462 -19 -24 0
67808 -463 19 0
67808 -463 25 0
67808 463 -19 -25 0
67808 -464 19 0
67808 -464 26 0
67808 464 -19 -26 0
67808 -465 19 0
67808 -465 27 0
67808 465 -19 -27 0
67808 -466 19 0
67808 -466 28 0
67808 466 -19 -28 0
67808 -467 19 0
67808 -467 29 0
67808 467 -19 -29 0
67808 -468 19 0
67808 -468 30 0
67808 468 -19 -30 0
67808 -469 19 0
67808 -469 31 0
67808 469 -19 -31 0
67808 -470 19 0
67808 -470 32 0
67808 470 -19 -32 0
67808 -471 19 0
67808 -471 33 0
67808 471 -19 -33 0
67808 -472 20 0
67808 -472 21 0
67808 472 -20 -21 0
67808 -473 20 0
67808 -473 22 0
67808 473 -20 -22 0
67808 -474 20 0
67808 -474 23 0
67808 474 -20 -23 0
67808 -475 20 0
67808 -475 24 0
67808 475 -20 -24 0
67808 -476 20 0
67808 -476 25 0
67808 476 -20 -25 0
67808 -477 20 0
67808 -477 26 0
67808 477 -20 -26 0
67808 -478 20 0
67808 -478 27 0
67808 478 -20 -27 0
67808 -479 20 0
67808 -479 28 0
67808 479 -20 -28 0
67808 -480 20 0
67808 -480 29 0
67808 480 -20 -29 0
67808 -481 20 0
67808 -481 30 0
67808 481 -20 -30 0
67808 -482 20 0
67808 -482 31 0
67808 482 -20 -31 0
67808 -483 20 0
67808 -483 32 0
67808 483 -20 -32 0
67808 -484 20 0
67808 -484 33 0
67808 484 -20 -33 0
67808 -485 21 0
67808 -485 22 0
67808 485 -21 -22 0
67808 -486 21 0
67808 -486 23 0
67808 486 -21 -23 0
67808 -487 21 0
67808 -487 24 0
67808 487 -21 -24 0
67808 -488 21 0
67808 -488 25 0
67808 488 -21 -25 0
67808 -489 21 0
67808 -489 26 0
67808 489 -21 -26 0
67808 -490 21 0
67808 -490 27 0
67808 490 -21 -27 0
67808 -491 21 0
67808 -491 28 0
67808 491 -21 -28 0
67808 -492 21 0
67808 -492 29 0
67808 492 -21 -29 0
67808 -493 21 0
67808 -493 30 0
67808 493 -21 -30 0
67808 -494 21 0
67808 -494 31 0
67808 494 -21 -31 0
67808 -495 21 0
67808 -495 32 0
67808 495 -21 -32 0
67808 -496 21 0
67808 -496 33 0
67808 496 -21 -33 0
67808 -497 22 0
67808 -497 23 0
67808 497 -22 -23 0
67808 -498 22 0
67808 -498 24 0
67808 498 -22 -24 0
67808 -499 22 0
67808 -499 25 0
67808 499 -22 -25 0
67808 -500 22 0
67808 -500 26 0
67808 500 -22 -26 0
67808 -501 22 0
67808 -501 27 0
67808 501 -22 -27 0
67808 -502 22 0
67808 -502 28 0
67808 502 -22 -28 0
67808 -503 22 0
67808 -503 29 0
67808 503 -22 -29 0
67808 -504 22 0
67808 -504 30 0
67808 504 -22 -30 0
67808 -505 22 0
67808 -505 31 0
67808 505 -22 -31 0
67808 -506 22 0
67808 -506 32 0
67808 506 -22 -32 0
67808 -507 22 0
67808 -507 33 0
67808 507 -22 -33 0
67808 -508 23 0
67808 -508 24 0
67808 508 -23 -24 0
67808 -509 23 0
67808 -509 25 0
67808 509 -23 -25 0
67808 -510 23 0
67808 -510 26 0
67808 510 -23 -26 0
67808 -511 23 0
67808 -511 27 0
67808 511 -23 -27 0
67808 -512 23 0
67808 -512 28 0
67808 512 -23 -28 0
67808 -513 23 0
67808 -513 29 0
67808 513 -23 -29 0
67808 -514 23 0
67808 -514 30 0
67808 514 -23 -30 0
67808 -515 23 0
67808 -515 31 0
67808 515 -23 -31 0
67808 -516 23 0
67808 -516 32 0
67808 516 -23 -32 0
67808 -517 23 0
67808 -517 33 0
67808 517 -23 -33 0
67808 -518 24 0
67808 -518 25 0
67808 518 -24 -25 0
67808 -519 24 0
67808 -519 26 0
67808 519 -24 -26 0
67808 -520 24 0
67808 -520 27 0
67808 520 -24 -27 0
67808 -521 24 0
67808 -521 28 0
67808 521 -24 -28 0
67808 -522 24 0
67808 -522 29 0
67808 522 -24 -29 0
67808 -523 24 0
67808 -523 30 0
67808 523 -24 -30 0
67808 -524 24 0
67808 -524 31 0
67808 524 -24 -31 0
67808 -525 24 0
67808 -525 32 0
67808 525 -24 -32 0
67808 -526 24 0
67808 -526 33 0
67808 526 -24 -33 0
67808 -527 25 0
67808 -527 26 0
67808 527 -25 -26 0
67808 -528 25 0
67808 -528 27 0
67808 528 -25 -27 0
67808 -529 25 0
67808 -529 28 0
67808 529 -25 -28 0
67808 -530 25 0
67808 -530 29 0
67808 530 -25 -29 0
67808 -531 25 0
67808 -531 30 0
67808 531 -25 -30 0
67808 -532 25 0
67808 -532 31 0
67808 532 -25 -31 0
67808 -533 25 0
67808 -533 32 0
67808 533 -25 -32 0
67808 -534 25 0
67808 -534 33 0
67808 534 -25 -33 0
67808 -535 26 0
67808 -535 27 0
67808 535 -26 -27 0
67808 -536 26 0
67808 -536 28 0
67808 536 -26 -28 0
67808 -537 26 0
67808 -537 29 0
67808 537 -26 -29 0
67808 -538 26 0
67808 -538 30 0
67808 538 -26 -30 0
67808 -539 26 0
67808 -539 31 0
67808 539 -26 -31 0
67808 -540 26 0
67808 -540 32 0
67808 540 -26 -32 0
67808 -541 26 0
67808 -541 33 0
67808 541 -26 -33 0
67808 -542 27 0
67808 -542 28 0
67808 542 -27 -28 0
67808 -543 27 0
67808 -543 29 0
67808 543 -27 -29 0
67808 -544 27 0
67808 -544 30 0
67808 544 -27 -30 0
67808 -545 27 0
67808 -545 31 0
67808 545 -27 -31 0
67808 -546 27 0
67808 -546 32 0
67808 546 -27 -32 0
67808 -547 27 0
67808 -547 33 0
67808 547 -27 -33 0
67808 -548 28 0
67808 -548 29 0
67808 548 -28 -29 0
67808 -549 28 0
67808 -549 30 0
67808 549 -28 -30 0
67808 -550 28 0
67808 -550 31 0
67808 550 -28 -31 0
67808 -551 28 0
67808 -551 32 0
67808 551 -28 -32 0
67808 -552 28 0
67808 -552 33 0
67808 552 -28 -33 0
67808 -553 29 0
67808 -553 30 0
67808 553 -29 -30 0
67808 -554 29 0
67808 -554 31 0
67808 554 -29 -31 0
67808 -555 29 0
67808 -555 32 0
67808 555 -29 -32 0
67808 -556 29 0
67808 -556 33 0
67808 556 -29 -33 0
67808 -557 30 0
67808 -557 31 0
67808 557 -30 -31 0
67808 -558 30 0
67808 -558 32 0
67808 558 -30 -32 0
67808 -559 30 0
67808 -559 33 0
67808 559 -30 -33 0
67808 -560 31 0
67808 -560 32 0
67808 560 -31 -32 0
67808 -561 31 0
67808 -561 33 0
67808 561 -31 -33 0
67808 -562 32 0
67808 -562 33 0
67808 562 -32 -33 0
25480 1 0
67798 -1 0
89080 35 0
67798 -35 0
47558 36 0
67798 -36 0
54716 37 0
67798 -37 0
74402 38 0
67798 -38 0
81080 39 0
67798 -39 0
60622 40 0
67798 -40 0
81612 41 0
67798 -41 0
63852 42 0
67798 -42 0
67452 43 0
67798 -43 0
71930 44 0
67798 -44 0
73570 45 0
67798 -45 0
57044 46 0
67798 -46 0
65234 47 0
67798 -47 0
73432 48 0
67798 -48 0
62974 49 0
67798 -49 0
69392 50 0
67798 -50 0
71974 51 0
67798 -51 0
62418 52 0
67798 -52 0
80570 53 0
67798 -53 0
69444 54 0
67798 -54 0
72912 55 0
67798 -55 0
74444 56 0
67798 -56 0
69896 57 0
67798 -57 0
71390 58 0
67798 -58 0
73368 59 0
67798 -59 0
73576 60 0
67798 -60 0
69552 61 0
67798 -61 0
67200 62 0
67798 -62 0
69406 63 0
67798 -63 0
67544 64 0
67798 -64 0
65850 65 0
67798 -65 0
67714 66 0
67798 -66 0
47831 2 0
67798 -2 0
92770 67 0
67798 -67 0
79946 68 0
67798 -68 0
64736 69 0
67798 -69 0
64126 70 0
67798 -70 0
66250 71 0
67798 -71 0
70900 72 0
67798 -72 0
73128 73 0
67798 -73 0
64902 74 0
67798 -74 0
67766 75 0
67798 -75 0
54408 76 0
67798 -76 0
65544 77 0
67798 -77 0
77190 78 0
67798 -78 0
52494 79 0
67798 -79 0
66960 80 0
67798 -80 0
70910 81 0
67798 -81 0
79434 82 0
67798 -82 0
66496 83 0
67798 -83 0
54062 84 0
67798 -84 0
70676 85 0
67798 -85 0
64706 86 0
67798 -86 0
57762 87 0
67798 -87 0
65910 88 0
67798 -88 0
70520 89 0
67798 -89 0
65100 90 0
67798 -90 0
60918 91 0
67798 -91 0
60576 92 0
67798 -92 0
69358 93 0
67798 -93 0
71346 94 0
67798 -94 0
72136 95 0
67798 -95 0
68450 96 0
67798 -96 0
67450 97 0
67798 -97 0
35871 3 0
67798 -3 0
63174 98 0
67798 -98 0
79768 99 0
67798 -99 0
68106 100 0
67798 -100 0
66332 101 0
67798 -101 0
56104 102 0
67798 -102 0
69414 103 0
67798 -103 0
66144 104 0
67798 -104 0
75756 105 0
67798 -105 0
64130 106 0
67798 -106 0
56672 107 0
67798 -107 0
54422 108 0
67798 -108 0
65146 109 0
67798 -109 0
61538 110 0
67798 -110 0
63150 111 0
67798 -111 0
66838 112 0
67798 -112 0
69996 113 0
67798 -113 0
77482 114 0
67798 -114 0
66572 115 0
67798 -115 0
73046 116 0
67798 -116 0
74340 117 0
67798 -117 0
70566 118 0
67798 -118 0
57982 119 0
67798 -119 0
69274 120 0
67798 -120 0
77660 121 0
67798 -121 0
78496 122 0
67798 -122 0
63332 123 0
67798 -123 0
65400 124 0
67798 -124 0
64834 125 0
67798 -125 0
71538 126 0
67798 -126 0
68146 127 0
67798 -127 0
38027 4 0
67798 -4 0
54512 128 0
67798 -128 0
79392 129 0
67798 -129 0
65546 130 0
67798 -130 0
55920 131 0
67798 -131 0
60924 132 0
67798 -132 0
76826 133 0
67798 -133 0
71576 134 0
67798 -134 0
65536 135 0
67798 -135 0
75958 136 0
67798 -136 0
66376 137 0
67798 -137 0
70866 138 0
67798 -138 0
67068 139 0
67798 -139 0
71182 140 0
67798 -140 0
69556 141 0
67798 -141 0
66948 142 0
67798 -142 0
76090 143 0
67798 -143 0
68968 144 0
67798 -144 0
70476 145 0
67798 -145 0
72140 146 0
67798 -146 0
59922 147 0
67798 -147 0
63268 148 0
67798 -148 0
66994 149 0
67798 -149 0
72796 150 0
67798 -150 0
71460 151 0
67798 -151 0
65320 152 0
67798 -152 0
68500 153 0
67798 -153 0
66590 154 0
67798 -154 0
68734 155 0
67798 -155 0
67798 156 0
67798 -156 0
47181 5 0
67798 -5 0
61294 157 0
67798 -157 0
73312 158 0
67798 -158 0
67174 159 0
67798 -159 0
59354 160 0
67798 -160 0
77224 161 0
67798 -161 0
73732 162 0
67798 -162 0
77254 163 0
67798 -163 0
86982 164 0
67798 -164 0
66794 165 0
67798 -165 0
66334 166 0
67798 -166 0
74004 167 0
67798 -167 0
62460 168 0
67798 -168 0
65380 169 0
67798 -169 0
74624 170 0
67798 -170 0
51128 171 0
67798 -171 0
74448 172 0
67798 -172 0
67790 173 0
67798 -173 0
58600 174 0
67798 -174 0
69056 175 0
67798 -175 0
68534 176 0
67798 -176 0
65710 177 0
67798 -177 0
57930 178 0
67798 -178 0
60594 179 0
67798 -179 0
69622 180 0
67798 -180 0
69880 181 0
67798 -181 0
70924 182 0
67798 -182 0
70254 183 0
67798 -183 0
67750 184 0
67798 -184 0
35910 6 0
67798 -6 0
57336 185 0
67798 -185 0
61286 186 0
67798 -186 0
76690 187 0
67798 -187 0
69732 188 0
67798 -188 0
62794 189 0
67798 -189 0
57188 190 0
67798 -190 0
69174 191 0
67798 -191 0
80292 192 0
67798 -192 0
56934 193 0
67798 -193 0
61462 194 0
67798 -194 0
70724 195 0
67798 -195 0
69458 196 0
67798 -196 0
69548 197 0
67798 -197 0
61820 198 0
67798 -198 0
75206 199 0
67798 -199 0
64832 200 0
67798 -200 0
65568 201 0
67798 -201 0
65030 202 0
67798 -202 0
76046 203 0
67798 -203 0
67738 204 0
67798 -204 0
62122 205 0
67798 -205 0
60966 206 0
67798 -206 0
71502 207 0
67798 -207 0
68714 208 0
67798 -208 0
75590 209 0
67798 -209 0
68638 210 0
67798 -210 0
67294 211 0
67798 -211 0
39467 7 0
67798 -7 0
74836 212 0
67798 -212 0
59990 213 0
67798 -213 0
75092 214 0
67798 -214 0
64728 215 0
67798 -215 0
58384 216 0
67798 -216 0
76986 217 0
67798 -217 0
82780 218 0
67798 -218 0
77044 219 0
67798 -219 0
58864 220 0
67798 -220 0
73082 221 0
67798 -221 0
65692 222 0
67798 -222 0
65032 223 0
67798 -223 0
67402 224 0
67798 -224 0
67876 225 0
67798 -225 0
57374 226 0
67798 -226 0
73232 227 0
67798 -227 0
72554 228 0
67798 -228 0
69168 229 0
67798 -229 0
68684 230 0
67798 -230 0
70794 231 0
67798 -231 0
72738 232 0
67798 -232 0
70070 233 0
67798 -233 0
60038 234 0
67798 -234 0
68450 235 0
67798 -235 0
68082 236 0
67798 -236 0
67930 237 0
67798 -237 0
50825 8 0
67798 -8 0
60166 238 0
67798 -238 0
79104 239 0
67798 -239 0
60294 240 0
67798 -240 0
67506 241 0
67798 -241 0
64672 242 0
67798 -242 0
63822 243 0
67798 -243 0
59220 244 0
67798 -244 0
76074 245 0
67798 -245 0
76656 246 0
67798 -246 0
66638 247 0
67798 -247 0
79472 248 0
67798 -248 0
76116 249 0
67798 -249 0
64478 250 0
67798 -250 0
76272 251 0
67798 -251 0
62354 252 0
67798 -252 0
61514 253 0
67798 -253 0
65134 254 0
67798 -254 0
69008 255 0
67798 -255 0
73190 256 0
67798 -256 0
69468 257 0
67798 -257 0
65380 258 0
67798 -258 0
71022 259 0
67798 -259 0
72368 260 0
67798 -260 0
68874 261 0
67798 -261 0
67282 262 0
67798 -262 0
50698 9 0
67798 -9 0
88458 263 0
67798 -263 0
59564 264 0
67798 -264 0
74594 265 0
67798 -265 0
82284 266 0
67798 -266 0
62318 267 0
67798 -267 0
78232 268 0
67798 -268 0
79198 269 0
67798 -269 0
72712 270 0
67798 -270 0
60994 271 0
67798 -271 0
74580 272 0
67798 -272 0
67094 273 0
67798 -273 0
69892 274 0
67798 -274 0
65870 275 0
67798 -275 0
61532 276 0
67798 -276 0
69024 277 0
67798 -277 0
74416 278 0
67798 -278 0
71296 279 0
67798 -279 0
69642 280 0
67798 -280 0
66870 281 0
67798 -281 0
72758 282 0
67798 -282 0
63020 283 0
67798 -283 0
72584 284 0
67798 -284 0
62766 285 0
67798 -285 0
67318 286 0
67798 -286 0
37432 10 0
67798 -10 0
71890 287 0
67798 -287 0
67232 288 0
67798 -288 0
51850 289 0
67798 -289 0
70374 290 0
67798 -290 0
57022 291 0
67798 -291 0
59744 292 0
67798 -292 0
65816 293 0
67798 -293 0
73000 294 0
67798 -294 0
53972 295 0
67798 -295 0
66878 296 0
67798 -296 0
71204 297 0
67798 -297 0
67106 298 0
67798 -298 0
74922 299 0
67798 -299 0
72832 300 0
67798 -300 0
63604 301 0
67798 -301 0
70716 302 0
67798 -302 0
64072 303 0
67798 -303 0
63670 304 0
67798 -304 0
67098 305 0
67798 -305 0
71730 306 0
67798 -306 0
64974 307 0
67798 -307 0
69294 308 0
67798 -308 0
68110 309 0
67798 -309 0
40940 11 0
67798 -11 0
84692 310 0
67798 -310 0
64094 311 0
67798 -311 0
58748 312 0
67798 -312 0
68722 313 0
67798 -313 0
71118 314 0
67798 -314 0
70274 315 0
67798 -315 0
61388 316 0
67798 -316 0
74020 317 0
67798 -317 0
83226 318 0
67798 -318 0
64516 319 0
67798 -319 0
67546 320 0
67798 -320 0
77906 321 0
67798 -321 0
61824 322 0
67798 -322 0
67572 323 0
67798 -323 0
69818 324 0
67798 -324 0
66012 325 0
67798 -325 0
64074 326 0
67798 -326 0
72116 327 0
67798 -327 0
64302 328 0
67798 -328 0
69870 329 0
67798 -329 0
64990 330 0
67798 -330 0
67582 331 0
67798 -331 0
46540 12 0
67798 -12 0
70298 332 0
67798 -332 0
81996 333 0
67798 -333 0
59588 334 0
67798 -334 0
58692 335 0
67798 -335 0
66514 336 0
67798 -336 0
82034 337 0
67798 -337 0
62292 338 0
67798 -338 0
61238 339 0
67798 -339 0
72884 340 0
67798 -340 0
60920 341 0
67798 -341 0
66542 342 0
67798 -342 0
60642 343 0
67798 -343 0
73592 344 0
67798 -344 0
61216 345 0
67798 -345 0
68610 346 0
67798 -346 0
69690 347 0
67798 -347 0
68096 348 0
67798 -348 0
66298 349 0
67798 -349 0
69118 350 0
67798 -350 0
68090 351 0
67798 -351 0
67666 352 0
67798 -352 0
41104 13 0
67798 -13 0
65260 353 0
67798 -353 0
59164 354 0
67798 -354 0
58506 355 0
67798 -355 0
82696 356 0
67798 -356 0
67356 357 0
67798 -357 0
66276 358 0
67798 -358 0
84002 359 0
67798 -359 0
72330 360 0
67798 -360 0
82060 361 0
67798 -361 0
68750 362 0
67798 -362 0
75228 363 0
67798 -363 0
58542 364 0
67798 -364 0
72262 365 0
67798 -365 0
72992 366 0
67798 -366 0
71056 367 0
67798 -367 0
63178 368 0
67798 -368 0
72550 369 0
67798 -369 0
63304 370 0
67798 -370 0
70274 371 0
67798 -371 0
68170 372 0
67798 -372 0
41024 14 0
67798 -14 0
75622 373 0
67798 -373 0
67216 374 0
67798 -374 0
59716 375 0
67798 -375 0
48160 376 0
67798 -376 0
82396 377 0
67798 -377 0
73002 378 0
67798 -378 0
71904 379 0
67798 -379 0
79466 380 0
67798 -380 0
70618 381 0
67798 -381 0
73400 382 0
67798 -382 0
64860 383 0
67798 -383 0
67814 384 0
67798 -384 0
69586 385 0
67798 -385 0
73948 386 0
67798 -386 0
69230 387 0
67798 -387 0
60212 388 0
67798 -388 0
66778 389 0
67798 -389 0
70958 390 0
67798 -390 0
68278 391 0
67798 -391 0
50736 15 0
67798 -15 0
73228 392 0
67798 -392 0
61748 393 0
67798 -393 0
80410 394 0
67798 -394 0
70150 395 0
67798 -395 0
68250 396 0
67798 -396 0
69470 397 0
67798 -397 0
67936 398 0
67798 -398 0
66554 399 0
67798 -399 0
58142 400 0
67798 -400 0
66152 401 0
67798 -401 0
61748 402 0
67798 -402 0
65382 403 0
67798 -403 0
64862 404 0
67798 -404 0
66112 405 0
67798 -405 0
72570 406 0
67798 -406 0
68938 407 0
67798 -407 0
68382 408 0
67798 -408 0
67534 409 0
67798 -409 0
36769 16 0
67798 -16 0
68868 410 0
67798 -410 0
70698 411 0
67798 -411 0
57654 412 0
67798 -412 0
66422 413 0
67798 -413 0
78876 414 0
67798 -414 0
69990 415 0
67798 -415 0
75328 416 0
67798 -416 0
71606 417 0
67798 -417 0
62788 418 0
67798 -418 0
69992 419 0
67798 -419 0
67666 420 0
67798 -420 0
69794 421 0
67798 -421 0
66574 422 0
67798 -422 0
67082 423 0
67798 -423 0
66090 424 0
67798 -424 0
73242 425 0
67798 -425 0
68290 426 0
67798 -426 0
46776 17 0
67798 -17 0
68196 427 0
67798 -427 0
67888 428 0
67798 -428 0
61594 429 0
67798 -429 0
65680 430 0
67798 -430 0
57822 431 0
67798 -431 0
77912 432 0
67798 -432 0
62106 433 0
67798 -433 0
68356 434 0
67798 -434 0
61178 435 0
67798 -435 0
62910 436 0
67798 -436 0
67588 437 0
67798 -437 0
69420 438 0
67798 -438 0
63678 439 0
67798 -439 0
64712 440 0
67798 -440 0
68350 441 0
67798 -441 0
68158 442 0
67798 -442 0
54675 18 0
67798 -18 0
78678 443 0
67798 -443 0
74034 444 0
67798 -444 0
67422 445 0
67798 -445 0
72976 446 0
67798 -446 0
67686 447 0
67798 -447 0
77482 448 0
67798 -448 0
64256 449 0
67798 -449 0
69126 450 0
67798 -450 0
71524 451 0
67798 -451 0
74980 452 0
67798 -452 0
69196 453 0
67798 -453 0
59424 454 0
67798 -454 0
65558 455 0
67798 -455 0
68446 456 0
67798 -456 0
68230 457 0
67798 -457 0
52332 19 0
67798 -19 0
65996 458 0
67798 -458 0
65426 459 0
67798 -459 0
59594 460 0
67798 -460 0
74168 461 0
67798 -461 0
64338 462 0
67798 -462 0
66156 463 0
67798 -463 0
72064 464 0
67798 -464 0
66228 465 0
67798 -465 0
61864 466 0
67798 -466 0
67096 467 0
67798 -467 0
73640 468 0
67798 -468 0
66958 469 0
67798 -469 0
65846 470 0
67798 -470 0
67630 471 0
67798 -471 0
53783 20 0
67798 -20 0
75156 472 0
67798 -472 0
60730 473 0
67798 -473 0
59718 474 0
67798 -474 0
73722 475 0
67798 -475 0
73232 476 0
67798 -476 0
67218 477 0
67798 -477 0
57680 478 0
67798 -478 0
61558 479 0
67798 -479 0
69018 480 0
67798 -480 0
69868 481 0
67798 -481 0
68988 482 0
67798 -482 0
70914 483 0
67798 -483 0
68002 484 0
67798 -484 0
74938 21 0
67798 -21 0
59510 485 0
67798 -485 0
74084 486 0
67798 -486 0
60790 487 0
67798 -487 0
59980 488 0
67798 -488 0
66522 489 0
67798 -489 0
68228 490 0
67798 -490 0
66890 491 0
67798 -491 0
67716 492 0
67798 -492 0
66772 493 0
67798 -493 0
66592 494 0
67798 -494 0
64578 495 0
67798 -495 0
67570 496 0
67798 -496 0
57245 22 0
67798 -22 0
76862 497 0
67798 -497 0
63820 498 0
67798 -498 0
69626 499 0
67798 -499 0
65758 500 0
67798 -500 0
62822 501 0
67798 -501 0
63782 502 0
67798 -502 0
71088 503 0
67798 -503 0
64688 504 0
67798 -504 0
66008 505 0
67798 -505 0
64818 506 0
67798 -506 0
67858 507 0
67798 -507 0
72370 23 0
67798 -23 0
70876 508 0
67798 -508 0
72224 509 0
67798 -509 0
69076 510 0
67798 -510 0
70042 511 0
67798 -511 0
67286 512 0
67798 -512 0
65720 513 0
67798 -513 0
73380 514 0
67798 -514 0
72824 515 0
67798 -515 0
67546 516 0
67798 -516 0
67258 517 0
67798 -517 0
61057 24 0
67798 -24 0
69298 518 0
67798 -518 0
61954 519 0
67798 -519 0
67356 520 0
67798 -520 0
64618 521 0
67798 -521 0
67278 522 0
67798 -522 0
70918 523 0
67798 -523 0
69926 524 0
67798 -524 0
64622 525 0
67798 -525 0
67198 526 0
67798 -526 0
61251 25 0
67798 -25 0
68946 527 0
67798 -527 0
71188 528 0
67798 -528 0
73138 529 0
67798 -529 0
62774 530 0
67798 -530 0
67892 531 0
67798 -531 0
63220 532 0
67798 -532 0
72530 533 0
67798 -533 0
68242 534 0
67798 -534 0
64063 26 0
67798 -26 0
66282 535 0
67798 -535 0
69502 536 0
67798 -536 0
68016 537 0
67798 -537 0
65254 538 0
67798 -538 0
66182 539 0
67798 -539 0
67938 540 0
67798 -540 0
67930 541 0
67798 -541 0
59958 27 0
67798 -27 0
59714 542 0
67798 -542 0
70942 543 0
67798 -543 0
68640 544 0
67798 -544 0
68396 545 0
67798 -545 0
68286 546 0
67798 -546 0
67894 547 0
67798 -547 0
63675 28 0
67798 -28 0
70854 548 0
67798 -548 0
72722 549 0
67798 -549 0
71288 550 0
67798 -550 0
65702 551 0
67798 -551 0
67414 552 0
67798 -552 0
68143 29 0
67798 -29 0
70646 553 0
67798 -553 0
65874 554 0
67798 -554 0
69510 555 0
67798 -555 0
67894 556 0
67798 -556 0
58503 30 0
67798 -30 0
66444 557 0
67798 -557 0
68030 558 0
67798 -558 0
68134 559 0
67798 -559 0
60872 31 0
67798 -31 0
68966 560 0
67798 -560 0
68350 561 0
67798 -561 0
69278 32 0
67798 -32 0
67486 562 0
67798 -562 0
68542 33 0
67798 -33 0
