c
c Generated WCNF file
c
p wcnf 1226 5979 97632
97632 50 0
97632 -51 1 0
97632 -51 2 0
97632 51 -1 -2 0
97632 -52 1 0
97632 -52 3 0
97632 52 -1 -3 0
97632 -53 1 0
97632 -53 4 0
97632 53 -1 -4 0
97632 -54 1 0
97632 -54 5 0
97632 54 -1 -5 0
97632 -55 1 0
97632 -55 6 0
97632 55 -1 -6 0
97632 -56 1 0
97632 -56 7 0
97632 56 -1 -7 0
97632 -57 1 0
97632 -57 8 0
97632 57 -1 -8 0
97632 -58 1 0
97632 -58 9 0
97632 58 -1 -9 0
97632 -59 1 0
97632 -59 10 0
97632 59 -1 -10 0
97632 -60 1 0
97632 -60 11 0
97632 60 -1 -11 0
97632 -61 1 0
97632 -61 12 0
97632 61 -1 -12 0
97632 -62 1 0
97632 -62 13 0
97632 62 -1 -13 0
97632 -63 1 0
97632 -63 14 0
97632 63 -1 -14 0
97632 -64 1 0
97632 -64 15 0
97632 64 -1 -15 0
97632 -65 1 0
97632 -65 16 0
97632 65 -1 -16 0
97632 -66 1 0
97632 -66 17 0
97632 66 -1 -17 0
97632 -67 1 0
97632 -67 18 0
97632 67 -1 -18 0
97632 -68 1 0
97632 -68 19 0
97632 68 -1 -19 0
97632 -69 1 0
97632 -69 20 0
97632 69 -1 -20 0
97632 -70 1 0
97632 -70 21 0
97632 70 -1 -21 0
97632 -71 1 0
97632 -71 22 0
97632 71 -1 -22 0
97632 -72 1 0
97632 -72 23 0
97632 72 -1 -23 0
97632 -73 1 0
97632 -73 24 0
97632 73 -1 -24 0
97632 -74 1 0
97632 -74 25 0
97632 74 -1 -25 0
97632 -75 1 0
97632 -75 26 0
97632 75 -1 -26 0
97632 -76 1 0
97632 -76 27 0
97632 76 -1 -27 0
97632 -77 1 0
97632 -77 28 0
97632 77 -1 -28 0
97632 -78 1 0
97632 -78 29 0
97632 78 -1 -29 0
97632 -79 1 0
97632 -79 30 0
97632 79 -1 -30 0
97632 -80 1 0
97632 -80 31 0
97632 80 -1 -31 0
97632 -81 1 0
97632 -81 32 0
97632 81 -1 -32 0
97632 -82 1 0
97632 -82 33 0
97632 82 -1 -33 0
97632 -83 1 0
97632 -83 34 0
97632 83 -1 -34 0
97632 -84 1 0
97632 -84 35 0
97632 84 -1 -35 0
97632 -85 1 0
97632 -85 36 0
97632 85 -1 -36 0
97632 -86 1 0
97632 -86 37 0
97632 86 -1 -37 0
97632 -87 1 0
97632 -87 38 0
97632 87 -1 -38 0
97632 -88 1 0
97632 -88 39 0
97632 88 -1 -39 0
97632 -89 1 0
97632 -89 40 0
97632 89 -1 -40 0
97632 -90 1 0
97632 -90 41 0
97632 90 -1 -41 0
97632 -91 1 0
97632 -91 42 0
97632 91 -1 -42 0
97632 -92 1 0
97632 -92 43 0
97632 92 -1 -43 0
97632 -93 1 0
97632 -93 44 0
97632 93 -1 -44 0
97632 -94 1 0
97632 -94 45 0
97632 94 -1 -45 0
97632 -95 1 0
97632 -95 46 0
97632 95 -1 -46 0
97632 -96 1 0
97632 -96 47 0
97632 96 -1 -47 0
97632 -97 1 0
97632 -97 48 0
97632 97 -1 -48 0
97632 -98 1 0
97632 -98 49 0
97632 98 -1 -49 0
97632 -99 2 0
97632 -99 3 0
97632 99 -2 -3 0
97632 -100 2 0
97632 -100 4 0
97632 100 -2 -4 0
97632 -101 2 0
97632 -101 5 0
97632 101 -2 -5 0
97632 -102 2 0
97632 -102 6 0
97632 102 -2 -6 0
97632 -103 2 0
97632 -103 7 0
97632 103 -2 -7 0
97632 -104 2 0
97632 -104 8 0
97632 104 -2 -8 0
97632 -105 2 0
97632 -105 9 0
97632 105 -2 -9 0
97632 -106 2 0
97632 -106 10 0
97632 106 -2 -10 0
97632 -107 2 0
97632 -107 11 0
97632 107 -2 -11 0
97632 -108 2 0
97632 -108 12 0
97632 108 -2 -12 0
97632 -109 2 0
97632 -109 13 0
97632 109 -2 -13 0
97632 -110 2 0
97632 -110 14 0
97632 110 -2 -14 0
97632 -111 2 0
97632 -111 15 0
97632 111 -2 -15 0
97632 -112 2 0
97632 -112 16 0
97632 112 -2 -16 0
97632 -113 2 0
97632 -113 17 0
97632 113 -2 -17 0
97632 -114 2 0
97632 -114 18 0
97632 114 -2 -18 0
97632 -115 2 0
97632 -115 19 0
97632 115 -2 -19 0
97632 -116 2 0
97632 -116 20 0
97632 116 -2 -20 0
97632 -117 2 0
97632 -117 21 0
97632 117 -2 -21 0
97632 -118 2 0
97632 -118 22 0
97632 118 -2 -22 0
97632 -119 2 0
97632 -119 23 0
97632 119 -2 -23 0
97632 -120 2 0
97632 -120 24 0
97632 120 -2 -24 0
97632 -121 2 0
97632 -121 25 0
97632 121 -2 -25 0
97632 -122 2 0
97632 -122 26 0
97632 122 -2 -26 0
97632 -123 2 0
97632 -123 27 0
97632 123 -2 -27 0
97632 -124 2 0
97632 -124 28 0
97632 124 -2 -28 0
97632 -125 2 0
97632 -125 29 0
97632 125 -2 -29 0
97632 -126 2 0
97632 -126 30 0
97632 126 -2 -30 0
97632 -127 2 0
97632 -127 31 0
97632 127 -2 -31 0
97632 -128 2 0
97632 -128 32 0
97632 128 -2 -32 0
97632 -129 2 0
97632 -129 33 0
97632 129 -2 -33 0
97632 -130 2 0
97632 -130 34 0
97632 130 -2 -34 0
97632 -131 2 0
97632 -131 35 0
97632 131 -2 -35 0
97632 -132 2 0
97632 -132 36 0
97632 132 -2 -36 0
97632 -133 2 0
97632 -133 37 0
97632 133 -2 -37 0
97632 -134 2 0
97632 -134 38 0
97632 134 -2 -38 0
97632 -135 2 0
97632 -135 39 0
97632 135 -2 -39 0
97632 -136 2 0
97632 -136 40 0
97632 136 -2 -40 0
97632 -137 2 0
97632 -137 41 0
97632 137 -2 -41 0
97632 -138 2 0
97632 -138 42 0
97632 138 -2 -42 0
97632 -139 2 0
97632 -139 43 0
97632 139 -2 -43 0
97632 -140 2 0
97632 -140 44 0
97632 140 -2 -44 0
97632 -141 2 0
97632 -141 45 0
97632 141 -2 -45 0
97632 -142 2 0
97632 -142 46 0
97632 142 -2 -46 0
97632 -143 2 0
97632 -143 47 0
97632 143 -2 -47 0
97632 -144 2 0
97632 -144 48 0
97632 144 -2 -48 0
97632 -145 2 0
97632 -145 49 0
97632 145 -2 -49 0
97632 -146 3 0
97632 -146 4 0
97632 146 -3 -4 0
97632 -147 3 0
97632 -147 5 0
97632 147 -3 -5 0
97632 -148 3 0
97632 -148 6 0
97632 148 -3 -6 0
97632 -149 3 0
97632 -149 7 0
97632 149 -3 -7 0
97632 -150 3 0
97632 -150 8 0
97632 150 -3 -8 0
97632 -151 3 0
97632 -151 9 0
97632 151 -3 -9 0
97632 -152 3 0
97632 -152 10 0
97632 152 -3 -10 0
97632 -153 3 0
97632 -153 11 0
97632 153 -3 -11 0
97632 -154 3 0
97632 -154 12 0
97632 154 -3 -12 0
97632 -155 3 0
97632 -155 13 0
97632 155 -3 -13 0
97632 -156 3 0
97632 -156 14 0
97632 156 -3 -14 0
97632 -157 3 0
97632 -157 15 0
97632 157 -3 -15 0
97632 -158 3 0
97632 -158 16 0
97632 158 -3 -16 0
97632 -159 3 0
97632 -159 17 0
97632 159 -3 -17 0
97632 -160 3 0
97632 -160 18 0
97632 160 -3 -18 0
97632 -161 3 0
97632 -161 19 0
97632 161 -3 -19 0
97632 -162 3 0
97632 -162 20 0
97632 162 -3 -20 0
97632 -163 3 0
97632 -163 21 0
97632 163 -3 -21 0
97632 -164 3 0
97632 -164 22 0
97632 164 -3 -22 0
97632 -165 3 0
97632 -165 23 0
97632 165 -3 -23 0
97632 -166 3 0
97632 -166 24 0
97632 166 -3 -24 0
97632 -167 3 0
97632 -167 25 0
97632 167 -3 -25 0
97632 -168 3 0
97632 -168 26 0
97632 168 -3 -26 0
97632 -169 3 0
97632 -169 27 0
97632 169 -3 -27 0
97632 -170 3 0
97632 -170 28 0
97632 170 -3 -28 0
97632 -171 3 0
97632 -171 29 0
97632 171 -3 -29 0
97632 -172 3 0
97632 -172 30 0
97632 172 -3 -30 0
97632 -173 3 0
97632 -173 31 0
97632 173 -3 -31 0
97632 -174 3 0
97632 -174 32 0
97632 174 -3 -32 0
97632 -175 3 0
97632 -175 33 0
97632 175 -3 -33 0
97632 -176 3 0
97632 -176 34 0
97632 176 -3 -34 0
97632 -177 3 0
97632 -177 35 0
97632 177 -3 -35 0
97632 -178 3 0
97632 -178 36 0
97632 178 -3 -36 0
97632 -179 3 0
97632 -179 37 0
97632 179 -3 -37 0
97632 -180 3 0
97632 -180 38 0
97632 180 -3 -38 0
97632 -181 3 0
97632 -181 39 0
97632 181 -3 -39 0
97632 -182 3 0
97632 -182 40 0
97632 182 -3 -40 0
97632 -183 3 0
97632 -183 41 0
97632 183 -3 -41 0
97632 -184 3 0
97632 -184 42 0
97632 184 -3 -42 0
97632 -185 3 0
97632 -185 43 0
97632 185 -3 -43 0
97632 -186 3 0
97632 -186 44 0
97632 186 -3 -44 0
97632 -187 3 0
97632 -187 45 0
97632 187 -3 -45 0
97632 -188 3 0
97632 -188 46 0
97632 188 -3 -46 0
97632 -189 3 0
97632 -189 47 0
97632 189 -3 -47 0
97632 -190 3 0
97632 -190 48 0
97632 190 -3 -48 0
97632 -191 3 0
97632 -191 49 0
97632 191 -3 -49 0
97632 -192 4 0
97632 -192 5 0
97632 192 -4 -5 0
97632 -193 4 0
97632 -193 6 0
97632 193 -4 -6 0
97632 -194 4 0
97632 -194 7 0
97632 194 -4 -7 0
97632 -195 4 0
97632 -195 8 0
97632 195 -4 -8 0
97632 -196 4 0
97632 -196 9 0
97632 196 -4 -9 0
97632 -197 4 0
97632 -197 10 0
97632 197 -4 -10 0
97632 -198 4 0
97632 -198 11 0
97632 198 -4 -11 0
97632 -199 4 0
97632 -199 12 0
97632 199 -4 -12 0
97632 -200 4 0
97632 -200 13 0
97632 200 -4 -13 0
97632 -201 4 0
97632 -201 14 0
97632 201 -4 -14 0
97632 -202 4 0
97632 -202 15 0
97632 202 -4 -15 0
97632 -203 4 0
97632 -203 16 0
97632 203 -4 -16 0
97632 -204 4 0
97632 -204 17 0
97632 204 -4 -17 0
97632 -205 4 0
97632 -205 18 0
97632 205 -4 -18 0
97632 -206 4 0
97632 -206 19 0
97632 206 -4 -19 0
97632 -207 4 0
97632 -207 20 0
97632 207 -4 -20 0
97632 -208 4 0
97632 -208 21 0
97632 208 -4 -21 0
97632 -209 4 0
97632 -209 22 0
97632 209 -4 -22 0
97632 -210 4 0
97632 -210 23 0
97632 210 -4 -23 0
97632 -211 4 0
97632 -211 24 0
97632 211 -4 -24 0
97632 -212 4 0
97632 -212 25 0
97632 212 -4 -25 0
97632 -213 4 0
97632 -213 26 0
97632 213 -4 -26 0
97632 -214 4 0
97632 -214 27 0
97632 214 -4 -27 0
97632 -215 4 0
97632 -215 28 0
97632 215 -4 -28 0
97632 -216 4 0
97632 -216 29 0
97632 216 -4 -29 0
97632 -217 4 0
97632 -217 30 0
97632 217 -4 -30 0
97632 -218 4 0
97632 -218 31 0
97632 218 -4 -31 0
97632 -219 4 0
97632 -219 32 0
97632 219 -4 -32 0
97632 -220 4 0
97632 -220 33 0
97632 220 -4 -33 0
97632 -221 4 0
97632 -221 34 0
97632 221 -4 -34 0
97632 -222 4 0
97632 -222 35 0
97632 222 -4 -35 0
97632 -223 4 0
97632 -223 36 0
97632 223 -4 -36 0
97632 -224 4 0
97632 -224 37 0
97632 224 -4 -37 0
97632 -225 4 0
97632 -225 38 0
97632 225 -4 -38 0
97632 -226 4 0
97632 -226 39 0
97632 226 -4 -39 0
97632 -227 4 0
97632 -227 40 0
97632 227 -4 -40 0
97632 -228 4 0
97632 -228 41 0
97632 228 -4 -41 0
97632 -229 4 0
97632 -229 42 0
97632 229 -4 -42 0
97632 -230 4 0
97632 -230 43 0
97632 230 -4 -43 0
97632 -231 4 0
97632 -231 44 0
97632 231 -4 -44 0
97632 -232 4 0
97632 -232 45 0
97632 232 -4 -45 0
97632 -233 4 0
97632 -233 46 0
97632 233 -4 -46 0
97632 -234 4 0
97632 -234 47 0
97632 234 -4 -47 0
97632 -235 4 0
97632 -235 48 0
97632 235 -4 -48 0
97632 -236 4 0
97632 -236 49 0
97632 236 -4 -49 0
97632 -237 5 0
97632 -237 6 0
97632 237 -5 -6 0
97632 -238 5 0
97632 -238 7 0
97632 238 -5 -7 0
97632 -239 5 0
97632 -239 8 0
97632 239 -5 -8 0
97632 -240 5 0
97632 -240 9 0
97632 240 -5 -9 0
97632 -241 5 0
97632 -241 10 0
97632 241 -5 -10 0
97632 -242 5 0
97632 -242 11 0
97632 242 -5 -11 0
97632 -243 5 0
97632 -243 12 0
97632 243 -5 -12 0
97632 -244 5 0
97632 -244 13 0
97632 244 -5 -13 0
97632 -245 5 0
97632 -245 14 0
97632 245 -5 -14 0
97632 -246 5 0
97632 -246 15 0
97632 246 -5 -15 0
97632 -247 5 0
97632 -247 16 0
97632 247 -5 -16 0
97632 -248 5 0
97632 -248 17 0
97632 248 -5 -17 0
97632 -249 5 0
97632 -249 18 0
97632 249 -5 -18 0
97632 -250 5 0
97632 -250 19 0
97632 250 -5 -19 0
97632 -251 5 0
97632 -251 20 0
97632 251 -5 -20 0
97632 -252 5 0
97632 -252 21 0
97632 252 -5 -21 0
97632 -253 5 0
97632 -253 22 0
97632 253 -5 -22 0
97632 -254 5 0
97632 -254 23 0
97632 254 -5 -23 0
97632 -255 5 0
97632 -255 24 0
97632 255 -5 -24 0
97632 -256 5 0
97632 -256 25 0
97632 256 -5 -25 0
97632 -257 5 0
97632 -257 26 0
97632 257 -5 -26 0
97632 -258 5 0
97632 -258 27 0
97632 258 -5 -27 0
97632 -259 5 0
97632 -259 28 0
97632 259 -5 -28 0
97632 -260 5 0
97632 -260 29 0
97632 260 -5 -29 0
97632 -261 5 0
97632 -261 30 0
97632 261 -5 -30 0
97632 -262 5 0
97632 -262 31 0
97632 262 -5 -31 0
97632 -263 5 0
97632 -263 32 0
97632 263 -5 -32 0
97632 -264 5 0
97632 -264 33 0
97632 264 -5 -33 0
97632 -265 5 0
97632 -265 34 0
97632 265 -5 -34 0
97632 -266 5 0
97632 -266 35 0
97632 266 -5 -35 0
97632 -267 5 0
97632 -267 36 0
97632 267 -5 -36 0
97632 -268 5 0
97632 -268 37 0
97632 268 -5 -37 0
97632 -269 5 0
97632 -269 38 0
97632 269 -5 -38 0
97632 -270 5 0
97632 -270 39 0
97632 270 -5 -39 0
97632 -271 5 0
97632 -271 40 0
97632 271 -5 -40 0
97632 -272 5 0
97632 -272 41 0
97632 272 -5 -41 0
97632 -273 5 0
97632 -273 42 0
97632 273 -5 -42 0
97632 -274 5 0
97632 -274 43 0
97632 274 -5 -43 0
97632 -275 5 0
97632 -275 44 0
97632 275 -5 -44 0
97632 -276 5 0
97632 -276 45 0
97632 276 -5 -45 0
97632 -277 5 0
97632 -277 46 0
97632 277 -5 -46 0
97632 -278 5 0
97632 -278 47 0
97632 278 -5 -47 0
97632 -279 5 0
97632 -279 48 0
97632 279 -5 -48 0
97632 -280 5 0
97632 -280 49 0
97632 280 -5 -49 0
97632 -281 6 0
97632 -281 7 0
97632 281 -6 -7 0
97632 -282 6 0
97632 -282 8 0
97632 282 -6 -8 0
97632 -283 6 0
97632 -283 9 0
97632 283 -6 -9 0
97632 -284 6 0
97632 -284 10 0
97632 284 -6 -10 0
97632 -285 6 0
97632 -285 11 0
97632 285 -6 -11 0
97632 -286 6 0
97632 -286 12 0
97632 286 -6 -12 0
97632 -287 6 0
97632 -287 13 0
97632 287 -6 -13 0
97632 -288 6 0
97632 -288 14 0
97632 288 -6 -14 0
97632 -289 6 0
97632 -289 15 0
97632 289 -6 -15 0
97632 -290 6 0
97632 -290 16 0
97632 290 -6 -16 0
97632 -291 6 0
97632 -291 17 0
97632 291 -6 -17 0
97632 -292 6 0
97632 -292 18 0
97632 292 -6 -18 0
97632 -293 6 0
97632 -293 19 0
97632 293 -6 -19 0
97632 -294 6 0
97632 -294 20 0
97632 294 -6 -20 0
97632 -295 6 0
97632 -295 21 0
97632 295 -6 -21 0
97632 -296 6 0
97632 -296 22 0
97632 296 -6 -22 0
97632 -297 6 0
97632 -297 23 0
97632 297 -6 -23 0
97632 -298 6 0
97632 -298 24 0
97632 298 -6 -24 0
97632 -299 6 0
97632 -299 25 0
97632 299 -6 -25 0
97632 -300 6 0
97632 -300 26 0
97632 300 -6 -26 0
97632 -301 6 0
97632 -301 27 0
97632 301 -6 -27 0
97632 -302 6 0
97632 -302 28 0
97632 302 -6 -28 0
97632 -303 6 0
97632 -303 29 0
97632 303 -6 -29 0
97632 -304 6 0
97632 -304 30 0
97632 304 -6 -30 0
97632 -305 6 0
97632 -305 31 0
97632 305 -6 -31 0
97632 -306 6 0
97632 -306 32 0
97632 306 -6 -32 0
97632 -307 6 0
97632 -307 33 0
97632 307 -6 -33 0
97632 -308 6 0
97632 -308 34 0
97632 308 -6 -34 0
97632 -309 6 0
97632 -309 35 0
97632 309 -6 -35 0
97632 -310 6 0
97632 -310 36 0
97632 310 -6 -36 0
97632 -311 6 0
97632 -311 37 0
97632 311 -6 -37 0
97632 -312 6 0
97632 -312 38 0
97632 312 -6 -38 0
97632 -313 6 0
97632 -313 39 0
97632 313 -6 -39 0
97632 -314 6 0
97632 -314 40 0
97632 314 -6 -40 0
97632 -315 6 0
97632 -315 41 0
97632 315 -6 -41 0
97632 -316 6 0
97632 -316 42 0
97632 316 -6 -42 0
97632 -317 6 0
97632 -317 43 0
97632 317 -6 -43 0
97632 -318 6 0
97632 -318 44 0
97632 318 -6 -44 0
97632 -319 6 0
97632 -319 45 0
97632 319 -6 -45 0
97632 -320 6 0
97632 -320 46 0
97632 320 -6 -46 0
97632 -321 6 0
97632 -321 47 0
97632 321 -6 -47 0
97632 -322 6 0
97632 -322 48 0
97632 322 -6 -48 0
97632 -323 6 0
97632 -323 49 0
97632 323 -6 -49 0
97632 -324 7 0
97632 -324 8 0
97632 324 -7 -8 0
97632 -325 7 0
97632 -325 9 0
97632 325 -7 -9 0
97632 -326 7 0
97632 -326 10 0
97632 326 -7 -10 0
97632 -327 7 0
97632 -327 11 0
97632 327 -7 -11 0
97632 -328 7 0
97632 -328 12 0
97632 328 -7 -12 0
97632 -329 7 0
97632 -329 13 0
97632 329 -7 -13 0
97632 -330 7 0
97632 -330 14 0
97632 330 -7 -14 0
97632 -331 7 0
97632 -331 15 0
97632 331 -7 -15 0
97632 -332 7 0
97632 -332 16 0
97632 332 -7 -16 0
97632 -333 7 0
97632 -333 17 0
97632 333 -7 -17 0
97632 -334 7 0
97632 -334 18 0
97632 334 -7 -18 0
97632 -335 7 0
97632 -335 19 0
97632 335 -7 -19 0
97632 -336 7 0
97632 -336 20 0
97632 336 -7 -20 0
97632 -337 7 0
97632 -337 21 0
97632 337 -7 -21 0
97632 -338 7 0
97632 -338 22 0
97632 338 -7 -22 0
97632 -339 7 0
97632 -339 23 0
97632 339 -7 -23 0
97632 -340 7 0
97632 -340 24 0
97632 340 -7 -24 0
97632 -341 7 0
97632 -341 25 0
97632 341 -7 -25 0
97632 -342 7 0
97632 -342 26 0
97632 342 -7 -26 0
97632 -343 7 0
97632 -343 27 0
97632 343 -7 -27 0
97632 -344 7 0
97632 -344 28 0
97632 344 -7 -28 0
97632 -345 7 0
97632 -345 29 0
97632 345 -7 -29 0
97632 -346 7 0
97632 -346 30 0
97632 346 -7 -30 0
97632 -347 7 0
97632 -347 31 0
97632 347 -7 -31 0
97632 -348 7 0
97632 -348 32 0
97632 348 -7 -32 0
97632 -349 7 0
97632 -349 33 0
97632 349 -7 -33 0
97632 -350 7 0
97632 -350 34 0
97632 350 -7 -34 0
97632 -351 7 0
97632 -351 35 0
97632 351 -7 -35 0
97632 -352 7 0
97632 -352 36 0
97632 352 -7 -36 0
97632 -353 7 0
97632 -353 37 0
97632 353 -7 -37 0
97632 -354 7 0
97632 -354 38 0
97632 354 -7 -38 0
97632 -355 7 0
97632 -355 39 0
97632 355 -7 -39 0
97632 -356 7 0
97632 -356 40 0
97632 356 -7 -40 0
97632 -357 7 0
97632 -357 41 0
97632 357 -7 -41 0
97632 -358 7 0
97632 -358 42 0
97632 358 -7 -42 0
97632 -359 7 0
97632 -359 43 0
97632 359 -7 -43 0
97632 -360 7 0
97632 -360 44 0
97632 360 -7 -44 0
97632 -361 7 0
97632 -361 45 0
97632 361 -7 -45 0
97632 -362 7 0
97632 -362 46 0
97632 362 -7 -46 0
97632 -363 7 0
97632 -363 47 0
97632 363 -7 -47 0
97632 -364 7 0
97632 -364 48 0
97632 364 -7 -48 0
97632 -365 7 0
97632 -365 49 0
97632 365 -7 -49 0
97632 -366 8 0
97632 -366 9 0
97632 366 -8 -9 0
97632 -367 8 0
97632 -367 10 0
97632 367 -8 -10 0
97632 -368 8 0
97632 -368 11 0
97632 368 -8 -11 0
97632 -369 8 0
97632 -369 12 0
97632 369 -8 -12 0
97632 -370 8 0
97632 -370 13 0
97632 370 -8 -13 0
97632 -371 8 0
97632 -371 14 0
97632 371 -8 -14 0
97632 -372 8 0
97632 -372 15 0
97632 372 -8 -15 0
97632 -373 8 0
97632 -373 16 0
97632 373 -8 -16 0
97632 -374 8 0
97632 -374 17 0
97632 374 -8 -17 0
97632 -375 8 0
97632 -375 18 0
97632 375 -8 -18 0
97632 -376 8 0
97632 -376 19 0
97632 376 -8 -19 0
97632 -377 8 0
97632 -377 20 0
97632 377 -8 -20 0
97632 -378 8 0
97632 -378 21 0
97632 378 -8 -21 0
97632 -379 8 0
97632 -379 22 0
97632 379 -8 -22 0
97632 -380 8 0
97632 -380 23 0
97632 380 -8 -23 0
97632 -381 8 0
97632 -381 24 0
97632 381 -8 -24 0
97632 -382 8 0
97632 -382 25 0
97632 382 -8 -25 0
97632 -383 8 0
97632 -383 26 0
97632 383 -8 -26 0
97632 -384 8 0
97632 -384 27 0
97632 384 -8 -27 0
97632 -385 8 0
97632 -385 28 0
97632 385 -8 -28 0
97632 -386 8 0
97632 -386 29 0
97632 386 -8 -29 0
97632 -387 8 0
97632 -387 30 0
97632 387 -8 -30 0
97632 -388 8 0
97632 -388 31 0
97632 388 -8 -31 0
97632 -389 8 0
97632 -389 32 0
97632 389 -8 -32 0
97632 -390 8 0
97632 -390 33 0
97632 390 -8 -33 0
97632 -391 8 0
97632 -391 34 0
97632 391 -8 -34 0
97632 -392 8 0
97632 -392 35 0
97632 392 -8 -35 0
97632 -393 8 0
97632 -393 36 0
97632 393 -8 -36 0
97632 -394 8 0
97632 -394 37 0
97632 394 -8 -37 0
97632 -395 8 0
97632 -395 38 0
97632 395 -8 -38 0
97632 -396 8 0
97632 -396 39 0
97632 396 -8 -39 0
97632 -397 8 0
97632 -397 40 0
97632 397 -8 -40 0
97632 -398 8 0
97632 -398 41 0
97632 398 -8 -41 0
97632 -399 8 0
97632 -399 42 0
97632 399 -8 -42 0
97632 -400 8 0
97632 -400 43 0
97632 400 -8 -43 0
97632 -401 8 0
97632 -401 44 0
97632 401 -8 -44 0
97632 -402 8 0
97632 -402 45 0
97632 402 -8 -45 0
97632 -403 8 0
97632 -403 46 0
97632 403 -8 -46 0
97632 -404 8 0
97632 -404 47 0
97632 404 -8 -47 0
97632 -405 8 0
97632 -405 48 0
97632 405 -8 -48 0
97632 -406 8 0
97632 -406 49 0
97632 406 -8 -49 0
97632 -407 9 0
97632 -407 10 0
97632 407 -9 -10 0
97632 -408 9 0
97632 -408 11 0
97632 408 -9 -11 0
97632 -409 9 0
97632 -409 12 0
97632 409 -9 -12 0
97632 -410 9 0
97632 -410 13 0
97632 410 -9 -13 0
97632 -411 9 0
97632 -411 14 0
97632 411 -9 -14 0
97632 -412 9 0
97632 -412 15 0
97632 412 -9 -15 0
97632 -413 9 0
97632 -413 16 0
97632 413 -9 -16 0
97632 -414 9 0
97632 -414 17 0
97632 414 -9 -17 0
97632 -415 9 0
97632 -415 18 0
97632 415 -9 -18 0
97632 -416 9 0
97632 -416 19 0
97632 416 -9 -19 0
97632 -417 9 0
97632 -417 20 0
97632 417 -9 -20 0
97632 -418 9 0
97632 -418 21 0
97632 418 -9 -21 0
97632 -419 9 0
97632 -419 22 0
97632 419 -9 -22 0
97632 -420 9 0
97632 -420 23 0
97632 420 -9 -23 0
97632 -421 9 0
97632 -421 24 0
97632 421 -9 -24 0
97632 -422 9 0
97632 -422 25 0
97632 422 -9 -25 0
97632 -423 9 0
97632 -423 26 0
97632 423 -9 -26 0
97632 -424 9 0
97632 -424 27 0
97632 424 -9 -27 0
97632 -425 9 0
97632 -425 28 0
97632 425 -9 -28 0
97632 -426 9 0
97632 -426 29 0
97632 426 -9 -29 0
97632 -427 9 0
97632 -427 30 0
97632 427 -9 -30 0
97632 -428 9 0
97632 -428 31 0
97632 428 -9 -31 0
97632 -429 9 0
97632 -429 32 0
97632 429 -9 -32 0
97632 -430 9 0
97632 -430 33 0
97632 430 -9 -33 0
97632 -431 9 0
97632 -431 34 0
97632 431 -9 -34 0
97632 -432 9 0
97632 -432 35 0
97632 432 -9 -35 0
97632 -433 9 0
97632 -433 36 0
97632 433 -9 -36 0
97632 -434 9 0
97632 -434 37 0
97632 434 -9 -37 0
97632 -435 9 0
97632 -435 38 0
97632 435 -9 -38 0
97632 -436 9 0
97632 -436 39 0
97632 436 -9 -39 0
97632 -437 9 0
97632 -437 40 0
97632 437 -9 -40 0
97632 -438 9 0
97632 -438 41 0
97632 438 -9 -41 0
97632 -439 9 0
97632 -439 42 0
97632 439 -9 -42 0
97632 -440 9 0
97632 -440 43 0
97632 440 -9 -43 0
97632 -441 9 0
97632 -441 44 0
97632 441 -9 -44 0
97632 -442 9 0
97632 -442 45 0
97632 442 -9 -45 0
97632 -443 9 0
97632 -443 46 0
97632 443 -9 -46 0
97632 -444 9 0
97632 -444 47 0
97632 444 -9 -47 0
97632 -445 9 0
97632 -445 48 0
97632 445 -9 -48 0
97632 -446 9 0
97632 -446 49 0
97632 446 -9 -49 0
97632 -447 10 0
97632 -447 11 0
97632 447 -10 -11 0
97632 -448 10 0
97632 -448 12 0
97632 448 -10 -12 0
97632 -449 10 0
97632 -449 13 0
97632 449 -10 -13 0
97632 -450 10 0
97632 -450 14 0
97632 450 -10 -14 0
97632 -451 10 0
97632 -451 15 0
97632 451 -10 -15 0
97632 -452 10 0
97632 -452 16 0
97632 452 -10 -16 0
97632 -453 10 0
97632 -453 17 0
97632 453 -10 -17 0
97632 -454 10 0
97632 -454 18 0
97632 454 -10 -18 0
97632 -455 10 0
97632 -455 19 0
97632 455 -10 -19 0
97632 -456 10 0
97632 -456 20 0
97632 456 -10 -20 0
97632 -457 10 0
97632 -457 21 0
97632 457 -10 -21 0
97632 -458 10 0
97632 -458 22 0
97632 458 -10 -22 0
97632 -459 10 0
97632 -459 23 0
97632 459 -10 -23 0
97632 -460 10 0
97632 -460 24 0
97632 460 -10 -24 0
97632 -461 10 0
97632 -461 25 0
97632 461 -10 -25 0
97632 -462 10 0
97632 -462 26 0
97632 462 -10 -26 0
97632 -463 10 0
97632 -463 27 0
97632 463 -10 -27 0
97632 -464 10 0
97632 -464 28 0
97632 464 -10 -28 0
97632 -465 10 0
97632 -465 29 0
97632 465 -10 -29 0
97632 -466 10 0
97632 -466 30 0
97632 466 -10 -30 0
97632 -467 10 0
97632 -467 31 0
97632 467 -10 -31 0
97632 -468 10 0
97632 -468 32 0
97632 468 -10 -32 0
97632 -469 10 0
97632 -469 33 0
97632 469 -10 -33 0
97632 -470 10 0
97632 -470 34 0
97632 470 -10 -34 0
97632 -471 10 0
97632 -471 35 0
97632 471 -10 -35 0
97632 -472 10 0
97632 -472 36 0
97632 472 -10 -36 0
97632 -473 10 0
97632 -473 37 0
97632 473 -10 -37 0
97632 -474 10 0
97632 -474 38 0
97632 474 -10 -38 0
97632 -475 10 0
97632 -475 39 0
97632 475 -10 -39 0
97632 -476 10 0
97632 -476 40 0
97632 476 -10 -40 0
97632 -477 10 0
97632 -477 41 0
97632 477 -10 -41 0
97632 -478 10 0
97632 -478 42 0
97632 478 -10 -42 0
97632 -479 10 0
97632 -479 43 0
97632 479 -10 -43 0
97632 -480 10 0
97632 -480 44 0
97632 480 -10 -44 0
97632 -481 10 0
97632 -481 45 0
97632 481 -10 -45 0
97632 -482 10 0
97632 -482 46 0
97632 482 -10 -46 0
97632 -483 10 0
97632 -483 47 0
97632 483 -10 -47 0
97632 -484 10 0
97632 -484 48 0
97632 484 -10 -48 0
97632 -485 10 0
97632 -485 49 0
97632 485 -10 -49 0
97632 -486 11 0
97632 -486 12 0
97632 486 -11 -12 0
97632 -487 11 0
97632 -487 13 0
97632 487 -11 -13 0
97632 -488 11 0
97632 -488 14 0
97632 488 -11 -14 0
97632 -489 11 0
97632 -489 15 0
97632 489 -11 -15 0
97632 -490 11 0
97632 -490 16 0
97632 490 -11 -16 0
97632 -491 11 0
97632 -491 17 0
97632 491 -11 -17 0
97632 -492 11 0
97632 -492 18 0
97632 492 -11 -18 0
97632 -493 11 0
97632 -493 19 0
97632 493 -11 -19 0
97632 -494 11 0
97632 -494 20 0
97632 494 -11 -20 0
97632 -495 11 0
97632 -495 21 0
97632 495 -11 -21 0
97632 -496 11 0
97632 -496 22 0
97632 496 -11 -22 0
97632 -497 11 0
97632 -497 23 0
97632 497 -11 -23 0
97632 -498 11 0
97632 -498 24 0
97632 498 -11 -24 0
97632 -499 11 0
97632 -499 25 0
97632 499 -11 -25 0
97632 -500 11 0
97632 -500 26 0
97632 500 -11 -26 0
97632 -501 11 0
97632 -501 27 0
97632 501 -11 -27 0
97632 -502 11 0
97632 -502 28 0
97632 502 -11 -28 0
97632 -503 11 0
97632 -503 29 0
97632 503 -11 -29 0
97632 -504 11 0
97632 -504 30 0
97632 504 -11 -30 0
97632 -505 11 0
97632 -505 31 0
97632 505 -11 -31 0
97632 -506 11 0
97632 -506 32 0
97632 506 -11 -32 0
97632 -507 11 0
97632 -507 33 0
97632 507 -11 -33 0
97632 -508 11 0
97632 -508 34 0
97632 508 -11 -34 0
97632 -509 11 0
97632 -509 35 0
97632 509 -11 -35 0
97632 -510 11 0
97632 -510 36 0
97632 510 -11 -36 0
97632 -511 11 0
97632 -511 37 0
97632 511 -11 -37 0
97632 -512 11 0
97632 -512 38 0
97632 512 -11 -38 0
97632 -513 11 0
97632 -513 39 0
97632 513 -11 -39 0
97632 -514 11 0
97632 -514 40 0
97632 514 -11 -40 0
97632 -515 11 0
97632 -515 41 0
97632 515 -11 -41 0
97632 -516 11 0
97632 -516 42 0
97632 516 -11 -42 0
97632 -517 11 0
97632 -517 43 0
97632 517 -11 -43 0
97632 -518 11 0
97632 -518 44 0
97632 518 -11 -44 0
97632 -519 11 0
97632 -519 45 0
97632 519 -11 -45 0
97632 -520 11 0
97632 -520 46 0
97632 520 -11 -46 0
97632 -521 11 0
97632 -521 47 0
97632 521 -11 -47 0
97632 -522 11 0
97632 -522 48 0
97632 522 -11 -48 0
97632 -523 11 0
97632 -523 49 0
97632 523 -11 -49 0
97632 -524 12 0
97632 -524 13 0
97632 524 -12 -13 0
97632 -525 12 0
97632 -525 14 0
97632 525 -12 -14 0
97632 -526 12 0
97632 -526 15 0
97632 526 -12 -15 0
97632 -527 12 0
97632 -527 16 0
97632 527 -12 -16 0
97632 -528 12 0
97632 -528 17 0
97632 528 -12 -17 0
97632 -529 12 0
97632 -529 18 0
97632 529 -12 -18 0
97632 -530 12 0
97632 -530 19 0
97632 530 -12 -19 0
97632 -531 12 0
97632 -531 20 0
97632 531 -12 -20 0
97632 -532 12 0
97632 -532 21 0
97632 532 -12 -21 0
97632 -533 12 0
97632 -533 22 0
97632 533 -12 -22 0
97632 -534 12 0
97632 -534 23 0
97632 534 -12 -23 0
97632 -535 12 0
97632 -535 24 0
97632 535 -12 -24 0
97632 -536 12 0
97632 -536 25 0
97632 536 -12 -25 0
97632 -537 12 0
97632 -537 26 0
97632 537 -12 -26 0
97632 -538 12 0
97632 -538 27 0
97632 538 -12 -27 0
97632 -539 12 0
97632 -539 28 0
97632 539 -12 -28 0
97632 -540 12 0
97632 -540 29 0
97632 540 -12 -29 0
97632 -541 12 0
97632 -541 30 0
97632 541 -12 -30 0
97632 -542 12 0
97632 -542 31 0
97632 542 -12 -31 0
97632 -543 12 0
97632 -543 32 0
97632 543 -12 -32 0
97632 -544 12 0
97632 -544 33 0
97632 544 -12 -33 0
97632 -545 12 0
97632 -545 34 0
97632 545 -12 -34 0
97632 -546 12 0
97632 -546 35 0
97632 546 -12 -35 0
97632 -547 12 0
97632 -547 36 0
97632 547 -12 -36 0
97632 -548 12 0
97632 -548 37 0
97632 548 -12 -37 0
97632 -549 12 0
97632 -549 38 0
97632 549 -12 -38 0
97632 -550 12 0
97632 -550 39 0
97632 550 -12 -39 0
97632 -551 12 0
97632 -551 40 0
97632 551 -12 -40 0
97632 -552 12 0
97632 -552 41 0
97632 552 -12 -41 0
97632 -553 12 0
97632 -553 42 0
97632 553 -12 -42 0
97632 -554 12 0
97632 -554 43 0
97632 554 -12 -43 0
97632 -555 12 0
97632 -555 44 0
97632 555 -12 -44 0
97632 -556 12 0
97632 -556 45 0
97632 556 -12 -45 0
97632 -557 12 0
97632 -557 46 0
97632 557 -12 -46 0
97632 -558 12 0
97632 -558 47 0
97632 558 -12 -47 0
97632 -559 12 0
97632 -559 48 0
97632 559 -12 -48 0
97632 -560 12 0
97632 -560 49 0
97632 560 -12 -49 0
97632 -561 13 0
97632 -561 14 0
97632 561 -13 -14 0
97632 -562 13 0
97632 -562 15 0
97632 562 -13 -15 0
97632 -563 13 0
97632 -563 16 0
97632 563 -13 -16 0
97632 -564 13 0
97632 -564 17 0
97632 564 -13 -17 0
97632 -565 13 0
97632 -565 18 0
97632 565 -13 -18 0
97632 -566 13 0
97632 -566 19 0
97632 566 -13 -19 0
97632 -567 13 0
97632 -567 20 0
97632 567 -13 -20 0
97632 -568 13 0
97632 -568 21 0
97632 568 -13 -21 0
97632 -569 13 0
97632 -569 22 0
97632 569 -13 -22 0
97632 -570 13 0
97632 -570 23 0
97632 570 -13 -23 0
97632 -571 13 0
97632 -571 24 0
97632 571 -13 -24 0
97632 -572 13 0
97632 -572 25 0
97632 572 -13 -25 0
97632 -573 13 0
97632 -573 26 0
97632 573 -13 -26 0
97632 -574 13 0
97632 -574 27 0
97632 574 -13 -27 0
97632 -575 13 0
97632 -575 28 0
97632 575 -13 -28 0
97632 -576 13 0
97632 -576 29 0
97632 576 -13 -29 0
97632 -577 13 0
97632 -577 30 0
97632 577 -13 -30 0
97632 -578 13 0
97632 -578 31 0
97632 578 -13 -31 0
97632 -579 13 0
97632 -579 32 0
97632 579 -13 -32 0
97632 -580 13 0
97632 -580 33 0
97632 580 -13 -33 0
97632 -581 13 0
97632 -581 34 0
97632 581 -13 -34 0
97632 -582 13 0
97632 -582 35 0
97632 582 -13 -35 0
97632 -583 13 0
97632 -583 36 0
97632 583 -13 -36 0
97632 -584 13 0
97632 -584 37 0
97632 584 -13 -37 0
97632 -585 13 0
97632 -585 38 0
97632 585 -13 -38 0
97632 -586 13 0
97632 -586 39 0
97632 586 -13 -39 0
97632 -587 13 0
97632 -587 40 0
97632 587 -13 -40 0
97632 -588 13 0
97632 -588 41 0
97632 588 -13 -41 0
97632 -589 13 0
97632 -589 42 0
97632 589 -13 -42 0
97632 -590 13 0
97632 -590 43 0
97632 590 -13 -43 0
97632 -591 13 0
97632 -591 44 0
97632 591 -13 -44 0
97632 -592 13 0
97632 -592 45 0
97632 592 -13 -45 0
97632 -593 13 0
97632 -593 46 0
97632 593 -13 -46 0
97632 -594 13 0
97632 -594 47 0
97632 594 -13 -47 0
97632 -595 13 0
97632 -595 48 0
97632 595 -13 -48 0
97632 -596 13 0
97632 -596 49 0
97632 596 -13 -49 0
97632 -597 14 0
97632 -597 15 0
97632 597 -14 -15 0
97632 -598 14 0
97632 -598 16 0
97632 598 -14 -16 0
97632 -599 14 0
97632 -599 17 0
97632 599 -14 -17 0
97632 -600 14 0
97632 -600 18 0
97632 600 -14 -18 0
97632 -601 14 0
97632 -601 19 0
97632 601 -14 -19 0
97632 -602 14 0
97632 -602 20 0
97632 602 -14 -20 0
97632 -603 14 0
97632 -603 21 0
97632 603 -14 -21 0
97632 -604 14 0
97632 -604 22 0
97632 604 -14 -22 0
97632 -605 14 0
97632 -605 23 0
97632 605 -14 -23 0
97632 -606 14 0
97632 -606 24 0
97632 606 -14 -24 0
97632 -607 14 0
97632 -607 25 0
97632 607 -14 -25 0
97632 -608 14 0
97632 -608 26 0
97632 608 -14 -26 0
97632 -609 14 0
97632 -609 27 0
97632 609 -14 -27 0
97632 -610 14 0
97632 -610 28 0
97632 610 -14 -28 0
97632 -611 14 0
97632 -611 29 0
97632 611 -14 -29 0
97632 -612 14 0
97632 -612 30 0
97632 612 -14 -30 0
97632 -613 14 0
97632 -613 31 0
97632 613 -14 -31 0
97632 -614 14 0
97632 -614 32 0
97632 614 -14 -32 0
97632 -615 14 0
97632 -615 33 0
97632 615 -14 -33 0
97632 -616 14 0
97632 -616 34 0
97632 616 -14 -34 0
97632 -617 14 0
97632 -617 35 0
97632 617 -14 -35 0
97632 -618 14 0
97632 -618 36 0
97632 618 -14 -36 0
97632 -619 14 0
97632 -619 37 0
97632 619 -14 -37 0
97632 -620 14 0
97632 -620 38 0
97632 620 -14 -38 0
97632 -621 14 0
97632 -621 39 0
97632 621 -14 -39 0
97632 -622 14 0
97632 -622 40 0
97632 622 -14 -40 0
97632 -623 14 0
97632 -623 41 0
97632 623 -14 -41 0
97632 -624 14 0
97632 -624 42 0
97632 624 -14 -42 0
97632 -625 14 0
97632 -625 43 0
97632 625 -14 -43 0
97632 -626 14 0
97632 -626 44 0
97632 626 -14 -44 0
97632 -627 14 0
97632 -627 45 0
97632 627 -14 -45 0
97632 -628 14 0
97632 -628 46 0
97632 628 -14 -46 0
97632 -629 14 0
97632 -629 47 0
97632 629 -14 -47 0
97632 -630 14 0
97632 -630 48 0
97632 630 -14 -48 0
97632 -631 14 0
97632 -631 49 0
97632 631 -14 -49 0
97632 -632 15 0
97632 -632 16 0
97632 632 -15 -16 0
97632 -633 15 0
97632 -633 17 0
97632 633 -15 -17 0
97632 -634 15 0
97632 -634 18 0
97632 634 -15 -18 0
97632 -635 15 0
97632 -635 19 0
97632 635 -15 -19 0
97632 -636 15 0
97632 -636 20 0
97632 636 -15 -20 0
97632 -637 15 0
97632 -637 21 0
97632 637 -15 -21 0
97632 -638 15 0
97632 -638 22 0
97632 638 -15 -22 0
97632 -639 15 0
97632 -639 23 0
97632 639 -15 -23 0
97632 -640 15 0
97632 -640 24 0
97632 640 -15 -24 0
97632 -641 15 0
97632 -641 25 0
97632 641 -15 -25 0
97632 -642 15 0
97632 -642 26 0
97632 642 -15 -26 0
97632 -643 15 0
97632 -643 27 0
97632 643 -15 -27 0
97632 -644 15 0
97632 -644 28 0
97632 644 -15 -28 0
97632 -645 15 0
97632 -645 29 0
97632 645 -15 -29 0
97632 -646 15 0
97632 -646 30 0
97632 646 -15 -30 0
97632 -647 15 0
97632 -647 31 0
97632 647 -15 -31 0
97632 -648 15 0
97632 -648 32 0
97632 648 -15 -32 0
97632 -649 15 0
97632 -649 33 0
97632 649 -15 -33 0
97632 -650 15 0
97632 -650 34 0
97632 650 -15 -34 0
97632 -651 15 0
97632 -651 35 0
97632 651 -15 -35 0
97632 -652 15 0
97632 -652 36 0
97632 652 -15 -36 0
97632 -653 15 0
97632 -653 37 0
97632 653 -15 -37 0
97632 -654 15 0
97632 -654 38 0
97632 654 -15 -38 0
97632 -655 15 0
97632 -655 39 0
97632 655 -15 -39 0
97632 -656 15 0
97632 -656 40 0
97632 656 -15 -40 0
97632 -657 15 0
97632 -657 41 0
97632 657 -15 -41 0
97632 -658 15 0
97632 -658 42 0
97632 658 -15 -42 0
97632 -659 15 0
97632 -659 43 0
97632 659 -15 -43 0
97632 -660 15 0
97632 -660 44 0
97632 660 -15 -44 0
97632 -661 15 0
97632 -661 45 0
97632 661 -15 -45 0
97632 -662 15 0
97632 -662 46 0
97632 662 -15 -46 0
97632 -663 15 0
97632 -663 47 0
97632 663 -15 -47 0
97632 -664 15 0
97632 -664 48 0
97632 664 -15 -48 0
97632 -665 15 0
97632 -665 49 0
97632 665 -15 -49 0
97632 -666 16 0
97632 -666 17 0
97632 666 -16 -17 0
97632 -667 16 0
97632 -667 18 0
97632 667 -16 -18 0
97632 -668 16 0
97632 -668 19 0
97632 668 -16 -19 0
97632 -669 16 0
97632 -669 20 0
97632 669 -16 -20 0
97632 -670 16 0
97632 -670 21 0
97632 670 -16 -21 0
97632 -671 16 0
97632 -671 22 0
97632 671 -16 -22 0
97632 -672 16 0
97632 -672 23 0
97632 672 -16 -23 0
97632 -673 16 0
97632 -673 24 0
97632 673 -16 -24 0
97632 -674 16 0
97632 -674 25 0
97632 674 -16 -25 0
97632 -675 16 0
97632 -675 26 0
97632 675 -16 -26 0
97632 -676 16 0
97632 -676 27 0
97632 676 -16 -27 0
97632 -677 16 0
97632 -677 28 0
97632 677 -16 -28 0
97632 -678 16 0
97632 -678 29 0
97632 678 -16 -29 0
97632 -679 16 0
97632 -679 30 0
97632 679 -16 -30 0
97632 -680 16 0
97632 -680 31 0
97632 680 -16 -31 0
97632 -681 16 0
97632 -681 32 0
97632 681 -16 -32 0
97632 -682 16 0
97632 -682 33 0
97632 682 -16 -33 0
97632 -683 16 0
97632 -683 34 0
97632 683 -16 -34 0
97632 -684 16 0
97632 -684 35 0
97632 684 -16 -35 0
97632 -685 16 0
97632 -685 36 0
97632 685 -16 -36 0
97632 -686 16 0
97632 -686 37 0
97632 686 -16 -37 0
97632 -687 16 0
97632 -687 38 0
97632 687 -16 -38 0
97632 -688 16 0
97632 -688 39 0
97632 688 -16 -39 0
97632 -689 16 0
97632 -689 40 0
97632 689 -16 -40 0
97632 -690 16 0
97632 -690 41 0
97632 690 -16 -41 0
97632 -691 16 0
97632 -691 42 0
97632 691 -16 -42 0
97632 -692 16 0
97632 -692 43 0
97632 692 -16 -43 0
97632 -693 16 0
97632 -693 44 0
97632 693 -16 -44 0
97632 -694 16 0
97632 -694 45 0
97632 694 -16 -45 0
97632 -695 16 0
97632 -695 46 0
97632 695 -16 -46 0
97632 -696 16 0
97632 -696 47 0
97632 696 -16 -47 0
97632 -697 16 0
97632 -697 48 0
97632 697 -16 -48 0
97632 -698 16 0
97632 -698 49 0
97632 698 -16 -49 0
97632 -699 17 0
97632 -699 18 0
97632 699 -17 -18 0
97632 -700 17 0
97632 -700 19 0
97632 700 -17 -19 0
97632 -701 17 0
97632 -701 20 0
97632 701 -17 -20 0
97632 -702 17 0
97632 -702 21 0
97632 702 -17 -21 0
97632 -703 17 0
97632 -703 22 0
97632 703 -17 -22 0
97632 -704 17 0
97632 -704 23 0
97632 704 -17 -23 0
97632 -705 17 0
97632 -705 24 0
97632 705 -17 -24 0
97632 -706 17 0
97632 -706 25 0
97632 706 -17 -25 0
97632 -707 17 0
97632 -707 26 0
97632 707 -17 -26 0
97632 -708 17 0
97632 -708 27 0
97632 708 -17 -27 0
97632 -709 17 0
97632 -709 28 0
97632 709 -17 -28 0
97632 -710 17 0
97632 -710 29 0
97632 710 -17 -29 0
97632 -711 17 0
97632 -711 30 0
97632 711 -17 -30 0
97632 -712 17 0
97632 -712 31 0
97632 712 -17 -31 0
97632 -713 17 0
97632 -713 32 0
97632 713 -17 -32 0
97632 -714 17 0
97632 -714 33 0
97632 714 -17 -33 0
97632 -715 17 0
97632 -715 34 0
97632 715 -17 -34 0
97632 -716 17 0
97632 -716 35 0
97632 716 -17 -35 0
97632 -717 17 0
97632 -717 36 0
97632 717 -17 -36 0
97632 -718 17 0
97632 -718 37 0
97632 718 -17 -37 0
97632 -719 17 0
97632 -719 38 0
97632 719 -17 -38 0
97632 -720 17 0
97632 -720 39 0
97632 720 -17 -39 0
97632 -721 17 0
97632 -721 40 0
97632 721 -17 -40 0
97632 -722 17 0
97632 -722 41 0
97632 722 -17 -41 0
97632 -723 17 0
97632 -723 42 0
97632 723 -17 -42 0
97632 -724 17 0
97632 -724 43 0
97632 724 -17 -43 0
97632 -725 17 0
97632 -725 44 0
97632 725 -17 -44 0
97632 -726 17 0
97632 -726 45 0
97632 726 -17 -45 0
97632 -727 17 0
97632 -727 46 0
97632 727 -17 -46 0
97632 -728 17 0
97632 -728 47 0
97632 728 -17 -47 0
97632 -729 17 0
97632 -729 48 0
97632 729 -17 -48 0
97632 -730 17 0
97632 -730 49 0
97632 730 -17 -49 0
97632 -731 18 0
97632 -731 19 0
97632 731 -18 -19 0
97632 -732 18 0
97632 -732 20 0
97632 732 -18 -20 0
97632 -733 18 0
97632 -733 21 0
97632 733 -18 -21 0
97632 -734 18 0
97632 -734 22 0
97632 734 -18 -22 0
97632 -735 18 0
97632 -735 23 0
97632 735 -18 -23 0
97632 -736 18 0
97632 -736 24 0
97632 736 -18 -24 0
97632 -737 18 0
97632 -737 25 0
97632 737 -18 -25 0
97632 -738 18 0
97632 -738 26 0
97632 738 -18 -26 0
97632 -739 18 0
97632 -739 27 0
97632 739 -18 -27 0
97632 -740 18 0
97632 -740 28 0
97632 740 -18 -28 0
97632 -741 18 0
97632 -741 29 0
97632 741 -18 -29 0
97632 -742 18 0
97632 -742 30 0
97632 742 -18 -30 0
97632 -743 18 0
97632 -743 31 0
97632 743 -18 -31 0
97632 -744 18 0
97632 -744 32 0
97632 744 -18 -32 0
97632 -745 18 0
97632 -745 33 0
97632 745 -18 -33 0
97632 -746 18 0
97632 -746 34 0
97632 746 -18 -34 0
97632 -747 18 0
97632 -747 35 0
97632 747 -18 -35 0
97632 -748 18 0
97632 -748 36 0
97632 748 -18 -36 0
97632 -749 18 0
97632 -749 37 0
97632 749 -18 -37 0
97632 -750 18 0
97632 -750 38 0
97632 750 -18 -38 0
97632 -751 18 0
97632 -751 39 0
97632 751 -18 -39 0
97632 -752 18 0
97632 -752 40 0
97632 752 -18 -40 0
97632 -753 18 0
97632 -753 41 0
97632 753 -18 -41 0
97632 -754 18 0
97632 -754 42 0
97632 754 -18 -42 0
97632 -755 18 0
97632 -755 43 0
97632 755 -18 -43 0
97632 -756 18 0
97632 -756 44 0
97632 756 -18 -44 0
97632 -757 18 0
97632 -757 45 0
97632 757 -18 -45 0
97632 -758 18 0
97632 -758 46 0
97632 758 -18 -46 0
97632 -759 18 0
97632 -759 47 0
97632 759 -18 -47 0
97632 -760 18 0
97632 -760 48 0
97632 760 -18 -48 0
97632 -761 18 0
97632 -761 49 0
97632 761 -18 -49 0
97632 -762 19 0
97632 -762 20 0
97632 762 -19 -20 0
97632 -763 19 0
97632 -763 21 0
97632 763 -19 -21 0
97632 -764 19 0
97632 -764 22 0
97632 764 -19 -22 0
97632 -765 19 0
97632 -765 23 0
97632 765 -19 -23 0
97632 -766 19 0
97632 -766 24 0
97632 766 -19 -24 0
97632 -767 19 0
97632 -767 25 0
97632 767 -19 -25 0
97632 -768 19 0
97632 -768 26 0
97632 768 -19 -26 0
97632 -769 19 0
97632 -769 27 0
97632 769 -19 -27 0
97632 -770 19 0
97632 -770 28 0
97632 770 -19 -28 0
97632 -771 19 0
97632 -771 29 0
97632 771 -19 -29 0
97632 -772 19 0
97632 -772 30 0
97632 772 -19 -30 0
97632 -773 19 0
97632 -773 31 0
97632 773 -19 -31 0
97632 -774 19 0
97632 -774 32 0
97632 774 -19 -32 0
97632 -775 19 0
97632 -775 33 0
97632 775 -19 -33 0
97632 -776 19 0
97632 -776 34 0
97632 776 -19 -34 0
97632 -777 19 0
97632 -777 35 0
97632 777 -19 -35 0
97632 -778 19 0
97632 -778 36 0
97632 778 -19 -36 0
97632 -779 19 0
97632 -779 37 0
97632 779 -19 -37 0
97632 -780 19 0
97632 -780 38 0
97632 780 -19 -38 0
97632 -781 19 0
97632 -781 39 0
97632 781 -19 -39 0
97632 -782 19 0
97632 -782 40 0
97632 782 -19 -40 0
97632 -783 19 0
97632 -783 41 0
97632 783 -19 -41 0
97632 -784 19 0
97632 -784 42 0
97632 784 -19 -42 0
97632 -785 19 0
97632 -785 43 0
97632 785 -19 -43 0
97632 -786 19 0
97632 -786 44 0
97632 786 -19 -44 0
97632 -787 19 0
97632 -787 45 0
97632 787 -19 -45 0
97632 -788 19 0
97632 -788 46 0
97632 788 -19 -46 0
97632 -789 19 0
97632 -789 47 0
97632 789 -19 -47 0
97632 -790 19 0
97632 -790 48 0
97632 790 -19 -48 0
97632 -791 19 0
97632 -791 49 0
97632 791 -19 -49 0
97632 -792 20 0
97632 -792 21 0
97632 792 -20 -21 0
97632 -793 20 0
97632 -793 22 0
97632 793 -20 -22 0
97632 -794 20 0
97632 -794 23 0
97632 794 -20 -23 0
97632 -795 20 0
97632 -795 24 0
97632 795 -20 -24 0
97632 -796 20 0
97632 -796 25 0
97632 796 -20 -25 0
97632 -797 20 0
97632 -797 26 0
97632 797 -20 -26 0
97632 -798 20 0
97632 -798 27 0
97632 798 -20 -27 0
97632 -799 20 0
97632 -799 28 0
97632 799 -20 -28 0
97632 -800 20 0
97632 -800 29 0
97632 800 -20 -29 0
97632 -801 20 0
97632 -801 30 0
97632 801 -20 -30 0
97632 -802 20 0
97632 -802 31 0
97632 802 -20 -31 0
97632 -803 20 0
97632 -803 32 0
97632 803 -20 -32 0
97632 -804 20 0
97632 -804 33 0
97632 804 -20 -33 0
97632 -805 20 0
97632 -805 34 0
97632 805 -20 -34 0
97632 -806 20 0
97632 -806 35 0
97632 806 -20 -35 0
97632 -807 20 0
97632 -807 36 0
97632 807 -20 -36 0
97632 -808 20 0
97632 -808 37 0
97632 808 -20 -37 0
97632 -809 20 0
97632 -809 38 0
97632 809 -20 -38 0
97632 -810 20 0
97632 -810 39 0
97632 810 -20 -39 0
97632 -811 20 0
97632 -811 40 0
97632 811 -20 -40 0
97632 -812 20 0
97632 -812 41 0
97632 812 -20 -41 0
97632 -813 20 0
97632 -813 42 0
97632 813 -20 -42 0
97632 -814 20 0
97632 -814 43 0
97632 814 -20 -43 0
97632 -815 20 0
97632 -815 44 0
97632 815 -20 -44 0
97632 -816 20 0
97632 -816 45 0
97632 816 -20 -45 0
97632 -817 20 0
97632 -817 46 0
97632 817 -20 -46 0
97632 -818 20 0
97632 -818 47 0
97632 818 -20 -47 0
97632 -819 20 0
97632 -819 48 0
97632 819 -20 -48 0
97632 -820 20 0
97632 -820 49 0
97632 820 -20 -49 0
97632 -821 21 0
97632 -821 22 0
97632 821 -21 -22 0
97632 -822 21 0
97632 -822 23 0
97632 822 -21 -23 0
97632 -823 21 0
97632 -823 24 0
97632 823 -21 -24 0
97632 -824 21 0
97632 -824 25 0
97632 824 -21 -25 0
97632 -825 21 0
97632 -825 26 0
97632 825 -21 -26 0
97632 -826 21 0
97632 -826 27 0
97632 826 -21 -27 0
97632 -827 21 0
97632 -827 28 0
97632 827 -21 -28 0
97632 -828 21 0
97632 -828 29 0
97632 828 -21 -29 0
97632 -829 21 0
97632 -829 30 0
97632 829 -21 -30 0
97632 -830 21 0
97632 -830 31 0
97632 830 -21 -31 0
97632 -831 21 0
97632 -831 32 0
97632 831 -21 -32 0
97632 -832 21 0
97632 -832 33 0
97632 832 -21 -33 0
97632 -833 21 0
97632 -833 34 0
97632 833 -21 -34 0
97632 -834 21 0
97632 -834 35 0
97632 834 -21 -35 0
97632 -835 21 0
97632 -835 36 0
97632 835 -21 -36 0
97632 -836 21 0
97632 -836 37 0
97632 836 -21 -37 0
97632 -837 21 0
97632 -837 38 0
97632 837 -21 -38 0
97632 -838 21 0
97632 -838 39 0
97632 838 -21 -39 0
97632 -839 21 0
97632 -839 40 0
97632 839 -21 -40 0
97632 -840 21 0
97632 -840 41 0
97632 840 -21 -41 0
97632 -841 21 0
97632 -841 42 0
97632 841 -21 -42 0
97632 -842 21 0
97632 -842 43 0
97632 842 -21 -43 0
97632 -843 21 0
97632 -843 44 0
97632 843 -21 -44 0
97632 -844 21 0
97632 -844 45 0
97632 844 -21 -45 0
97632 -845 21 0
97632 -845 46 0
97632 845 -21 -46 0
97632 -846 21 0
97632 -846 47 0
97632 846 -21 -47 0
97632 -847 21 0
97632 -847 48 0
97632 847 -21 -48 0
97632 -848 21 0
97632 -848 49 0
97632 848 -21 -49 0
97632 -849 22 0
97632 -849 23 0
97632 849 -22 -23 0
97632 -850 22 0
97632 -850 24 0
97632 850 -22 -24 0
97632 -851 22 0
97632 -851 25 0
97632 851 -22 -25 0
97632 -852 22 0
97632 -852 26 0
97632 852 -22 -26 0
97632 -853 22 0
97632 -853 27 0
97632 853 -22 -27 0
97632 -854 22 0
97632 -854 28 0
97632 854 -22 -28 0
97632 -855 22 0
97632 -855 29 0
97632 855 -22 -29 0
97632 -856 22 0
97632 -856 30 0
97632 856 -22 -30 0
97632 -857 22 0
97632 -857 31 0
97632 857 -22 -31 0
97632 -858 22 0
97632 -858 32 0
97632 858 -22 -32 0
97632 -859 22 0
97632 -859 33 0
97632 859 -22 -33 0
97632 -860 22 0
97632 -860 34 0
97632 860 -22 -34 0
97632 -861 22 0
97632 -861 35 0
97632 861 -22 -35 0
97632 -862 22 0
97632 -862 36 0
97632 862 -22 -36 0
97632 -863 22 0
97632 -863 37 0
97632 863 -22 -37 0
97632 -864 22 0
97632 -864 38 0
97632 864 -22 -38 0
97632 -865 22 0
97632 -865 39 0
97632 865 -22 -39 0
97632 -866 22 0
97632 -866 40 0
97632 866 -22 -40 0
97632 -867 22 0
97632 -867 41 0
97632 867 -22 -41 0
97632 -868 22 0
97632 -868 42 0
97632 868 -22 -42 0
97632 -869 22 0
97632 -869 43 0
97632 869 -22 -43 0
97632 -870 22 0
97632 -870 44 0
97632 870 -22 -44 0
97632 -871 22 0
97632 -871 45 0
97632 871 -22 -45 0
97632 -872 22 0
97632 -872 46 0
97632 872 -22 -46 0
97632 -873 22 0
97632 -873 47 0
97632 873 -22 -47 0
97632 -874 22 0
97632 -874 48 0
97632 874 -22 -48 0
97632 -875 22 0
97632 -875 49 0
97632 875 -22 -49 0
97632 -876 23 0
97632 -876 24 0
97632 876 -23 -24 0
97632 -877 23 0
97632 -877 25 0
97632 877 -23 -25 0
97632 -878 23 0
97632 -878 26 0
97632 878 -23 -26 0
97632 -879 23 0
97632 -879 27 0
97632 879 -23 -27 0
97632 -880 23 0
97632 -880 28 0
97632 880 -23 -28 0
97632 -881 23 0
97632 -881 29 0
97632 881 -23 -29 0
97632 -882 23 0
97632 -882 30 0
97632 882 -23 -30 0
97632 -883 23 0
97632 -883 31 0
97632 883 -23 -31 0
97632 -884 23 0
97632 -884 32 0
97632 884 -23 -32 0
97632 -885 23 0
97632 -885 33 0
97632 885 -23 -33 0
97632 -886 23 0
97632 -886 34 0
97632 886 -23 -34 0
97632 -887 23 0
97632 -887 35 0
97632 887 -23 -35 0
97632 -888 23 0
97632 -888 36 0
97632 888 -23 -36 0
97632 -889 23 0
97632 -889 37 0
97632 889 -23 -37 0
97632 -890 23 0
97632 -890 38 0
97632 890 -23 -38 0
97632 -891 23 0
97632 -891 39 0
97632 891 -23 -39 0
97632 -892 23 0
97632 -892 40 0
97632 892 -23 -40 0
97632 -893 23 0
97632 -893 41 0
97632 893 -23 -41 0
97632 -894 23 0
97632 -894 42 0
97632 894 -23 -42 0
97632 -895 23 0
97632 -895 43 0
97632 895 -23 -43 0
97632 -896 23 0
97632 -896 44 0
97632 896 -23 -44 0
97632 -897 23 0
97632 -897 45 0
97632 897 -23 -45 0
97632 -898 23 0
97632 -898 46 0
97632 898 -23 -46 0
97632 -899 23 0
97632 -899 47 0
97632 899 -23 -47 0
97632 -900 23 0
97632 -900 48 0
97632 900 -23 -48 0
97632 -901 23 0
97632 -901 49 0
97632 901 -23 -49 0
97632 -902 24 0
97632 -902 25 0
97632 902 -24 -25 0
97632 -903 24 0
97632 -903 26 0
97632 903 -24 -26 0
97632 -904 24 0
97632 -904 27 0
97632 904 -24 -27 0
97632 -905 24 0
97632 -905 28 0
97632 905 -24 -28 0
97632 -906 24 0
97632 -906 29 0
97632 906 -24 -29 0
97632 -907 24 0
97632 -907 30 0
97632 907 -24 -30 0
97632 -908 24 0
97632 -908 31 0
97632 908 -24 -31 0
97632 -909 24 0
97632 -909 32 0
97632 909 -24 -32 0
97632 -910 24 0
97632 -910 33 0
97632 910 -24 -33 0
97632 -911 24 0
97632 -911 34 0
97632 911 -24 -34 0
97632 -912 24 0
97632 -912 35 0
97632 912 -24 -35 0
97632 -913 24 0
97632 -913 36 0
97632 913 -24 -36 0
97632 -914 24 0
97632 -914 37 0
97632 914 -24 -37 0
97632 -915 24 0
97632 -915 38 0
97632 915 -24 -38 0
97632 -916 24 0
97632 -916 39 0
97632 916 -24 -39 0
97632 -917 24 0
97632 -917 40 0
97632 917 -24 -40 0
97632 -918 24 0
97632 -918 41 0
97632 918 -24 -41 0
97632 -919 24 0
97632 -919 42 0
97632 919 -24 -42 0
97632 -920 24 0
97632 -920 43 0
97632 920 -24 -43 0
97632 -921 24 0
97632 -921 44 0
97632 921 -24 -44 0
97632 -922 24 0
97632 -922 45 0
97632 922 -24 -45 0
97632 -923 24 0
97632 -923 46 0
97632 923 -24 -46 0
97632 -924 24 0
97632 -924 47 0
97632 924 -24 -47 0
97632 -925 24 0
97632 -925 48 0
97632 925 -24 -48 0
97632 -926 24 0
97632 -926 49 0
97632 926 -24 -49 0
97632 -927 25 0
97632 -927 26 0
97632 927 -25 -26 0
97632 -928 25 0
97632 -928 27 0
97632 928 -25 -27 0
97632 -929 25 0
97632 -929 28 0
97632 929 -25 -28 0
97632 -930 25 0
97632 -930 29 0
97632 930 -25 -29 0
97632 -931 25 0
97632 -931 30 0
97632 931 -25 -30 0
97632 -932 25 0
97632 -932 31 0
97632 932 -25 -31 0
97632 -933 25 0
97632 -933 32 0
97632 933 -25 -32 0
97632 -934 25 0
97632 -934 33 0
97632 934 -25 -33 0
97632 -935 25 0
97632 -935 34 0
97632 935 -25 -34 0
97632 -936 25 0
97632 -936 35 0
97632 936 -25 -35 0
97632 -937 25 0
97632 -937 36 0
97632 937 -25 -36 0
97632 -938 25 0
97632 -938 37 0
97632 938 -25 -37 0
97632 -939 25 0
97632 -939 38 0
97632 939 -25 -38 0
97632 -940 25 0
97632 -940 39 0
97632 940 -25 -39 0
97632 -941 25 0
97632 -941 40 0
97632 941 -25 -40 0
97632 -942 25 0
97632 -942 41 0
97632 942 -25 -41 0
97632 -943 25 0
97632 -943 42 0
97632 943 -25 -42 0
97632 -944 25 0
97632 -944 43 0
97632 944 -25 -43 0
97632 -945 25 0
97632 -945 44 0
97632 945 -25 -44 0
97632 -946 25 0
97632 -946 45 0
97632 946 -25 -45 0
97632 -947 25 0
97632 -947 46 0
97632 947 -25 -46 0
97632 -948 25 0
97632 -948 47 0
97632 948 -25 -47 0
97632 -949 25 0
97632 -949 48 0
97632 949 -25 -48 0
97632 -950 25 0
97632 -950 49 0
97632 950 -25 -49 0
97632 -951 26 0
97632 -951 27 0
97632 951 -26 -27 0
97632 -952 26 0
97632 -952 28 0
97632 952 -26 -28 0
97632 -953 26 0
97632 -953 29 0
97632 953 -26 -29 0
97632 -954 26 0
97632 -954 30 0
97632 954 -26 -30 0
97632 -955 26 0
97632 -955 31 0
97632 955 -26 -31 0
97632 -956 26 0
97632 -956 32 0
97632 956 -26 -32 0
97632 -957 26 0
97632 -957 33 0
97632 957 -26 -33 0
97632 -958 26 0
97632 -958 34 0
97632 958 -26 -34 0
97632 -959 26 0
97632 -959 35 0
97632 959 -26 -35 0
97632 -960 26 0
97632 -960 36 0
97632 960 -26 -36 0
97632 -961 26 0
97632 -961 37 0
97632 961 -26 -37 0
97632 -962 26 0
97632 -962 38 0
97632 962 -26 -38 0
97632 -963 26 0
97632 -963 39 0
97632 963 -26 -39 0
97632 -964 26 0
97632 -964 40 0
97632 964 -26 -40 0
97632 -965 26 0
97632 -965 41 0
97632 965 -26 -41 0
97632 -966 26 0
97632 -966 42 0
97632 966 -26 -42 0
97632 -967 26 0
97632 -967 43 0
97632 967 -26 -43 0
97632 -968 26 0
97632 -968 44 0
97632 968 -26 -44 0
97632 -969 26 0
97632 -969 45 0
97632 969 -26 -45 0
97632 -970 26 0
97632 -970 46 0
97632 970 -26 -46 0
97632 -971 26 0
97632 -971 47 0
97632 971 -26 -47 0
97632 -972 26 0
97632 -972 48 0
97632 972 -26 -48 0
97632 -973 26 0
97632 -973 49 0
97632 973 -26 -49 0
97632 -974 27 0
97632 -974 28 0
97632 974 -27 -28 0
97632 -975 27 0
97632 -975 29 0
97632 975 -27 -29 0
97632 -976 27 0
97632 -976 30 0
97632 976 -27 -30 0
97632 -977 27 0
97632 -977 31 0
97632 977 -27 -31 0
97632 -978 27 0
97632 -978 32 0
97632 978 -27 -32 0
97632 -979 27 0
97632 -979 33 0
97632 979 -27 -33 0
97632 -980 27 0
97632 -980 34 0
97632 980 -27 -34 0
97632 -981 27 0
97632 -981 35 0
97632 981 -27 -35 0
97632 -982 27 0
97632 -982 36 0
97632 982 -27 -36 0
97632 -983 27 0
97632 -983 37 0
97632 983 -27 -37 0
97632 -984 27 0
97632 -984 38 0
97632 984 -27 -38 0
97632 -985 27 0
97632 -985 39 0
97632 985 -27 -39 0
97632 -986 27 0
97632 -986 40 0
97632 986 -27 -40 0
97632 -987 27 0
97632 -987 41 0
97632 987 -27 -41 0
97632 -988 27 0
97632 -988 42 0
97632 988 -27 -42 0
97632 -989 27 0
97632 -989 43 0
97632 989 -27 -43 0
97632 -990 27 0
97632 -990 44 0
97632 990 -27 -44 0
97632 -991 27 0
97632 -991 45 0
97632 991 -27 -45 0
97632 -992 27 0
97632 -992 46 0
97632 992 -27 -46 0
97632 -993 27 0
97632 -993 47 0
97632 993 -27 -47 0
97632 -994 27 0
97632 -994 48 0
97632 994 -27 -48 0
97632 -995 27 0
97632 -995 49 0
97632 995 -27 -49 0
97632 -996 28 0
97632 -996 29 0
97632 996 -28 -29 0
97632 -997 28 0
97632 -997 30 0
97632 997 -28 -30 0
97632 -998 28 0
97632 -998 31 0
97632 998 -28 -31 0
97632 -999 28 0
97632 -999 32 0
97632 999 -28 -32 0
97632 -1000 28 0
97632 -1000 33 0
97632 1000 -28 -33 0
97632 -1001 28 0
97632 -1001 34 0
97632 1001 -28 -34 0
97632 -1002 28 0
97632 -1002 35 0
97632 1002 -28 -35 0
97632 -1003 28 0
97632 -1003 36 0
97632 1003 -28 -36 0
97632 -1004 28 0
97632 -1004 37 0
97632 1004 -28 -37 0
97632 -1005 28 0
97632 -1005 38 0
97632 1005 -28 -38 0
97632 -1006 28 0
97632 -1006 39 0
97632 1006 -28 -39 0
97632 -1007 28 0
97632 -1007 40 0
97632 1007 -28 -40 0
97632 -1008 28 0
97632 -1008 41 0
97632 1008 -28 -41 0
97632 -1009 28 0
97632 -1009 42 0
97632 1009 -28 -42 0
97632 -1010 28 0
97632 -1010 43 0
97632 1010 -28 -43 0
97632 -1011 28 0
97632 -1011 44 0
97632 1011 -28 -44 0
97632 -1012 28 0
97632 -1012 45 0
97632 1012 -28 -45 0
97632 -1013 28 0
97632 -1013 46 0
97632 1013 -28 -46 0
97632 -1014 28 0
97632 -1014 47 0
97632 1014 -28 -47 0
97632 -1015 28 0
97632 -1015 48 0
97632 1015 -28 -48 0
97632 -1016 28 0
97632 -1016 49 0
97632 1016 -28 -49 0
97632 -1017 29 0
97632 -1017 30 0
97632 1017 -29 -30 0
97632 -1018 29 0
97632 -1018 31 0
97632 1018 -29 -31 0
97632 -1019 29 0
97632 -1019 32 0
97632 1019 -29 -32 0
97632 -1020 29 0
97632 -1020 33 0
97632 1020 -29 -33 0
97632 -1021 29 0
97632 -1021 34 0
97632 1021 -29 -34 0
97632 -1022 29 0
97632 -1022 35 0
97632 1022 -29 -35 0
97632 -1023 29 0
97632 -1023 36 0
97632 1023 -29 -36 0
97632 -1024 29 0
97632 -1024 37 0
97632 1024 -29 -37 0
97632 -1025 29 0
97632 -1025 38 0
97632 1025 -29 -38 0
97632 -1026 29 0
97632 -1026 39 0
97632 1026 -29 -39 0
97632 -1027 29 0
97632 -1027 40 0
97632 1027 -29 -40 0
97632 -1028 29 0
97632 -1028 41 0
97632 1028 -29 -41 0
97632 -1029 29 0
97632 -1029 42 0
97632 1029 -29 -42 0
97632 -1030 29 0
97632 -1030 43 0
97632 1030 -29 -43 0
97632 -1031 29 0
97632 -1031 44 0
97632 1031 -29 -44 0
97632 -1032 29 0
97632 -1032 45 0
97632 1032 -29 -45 0
97632 -1033 29 0
97632 -1033 46 0
97632 1033 -29 -46 0
97632 -1034 29 0
97632 -1034 47 0
97632 1034 -29 -47 0
97632 -1035 29 0
97632 -1035 48 0
97632 1035 -29 -48 0
97632 -1036 29 0
97632 -1036 49 0
97632 1036 -29 -49 0
97632 -1037 30 0
97632 -1037 31 0
97632 1037 -30 -31 0
97632 -1038 30 0
97632 -1038 32 0
97632 1038 -30 -32 0
97632 -1039 30 0
97632 -1039 33 0
97632 1039 -30 -33 0
97632 -1040 30 0
97632 -1040 34 0
97632 1040 -30 -34 0
97632 -1041 30 0
97632 -1041 35 0
97632 1041 -30 -35 0
97632 -1042 30 0
97632 -1042 36 0
97632 1042 -30 -36 0
97632 -1043 30 0
97632 -1043 37 0
97632 1043 -30 -37 0
97632 -1044 30 0
97632 -1044 38 0
97632 1044 -30 -38 0
97632 -1045 30 0
97632 -1045 39 0
97632 1045 -30 -39 0
97632 -1046 30 0
97632 -1046 40 0
97632 1046 -30 -40 0
97632 -1047 30 0
97632 -1047 41 0
97632 1047 -30 -41 0
97632 -1048 30 0
97632 -1048 42 0
97632 1048 -30 -42 0
97632 -1049 30 0
97632 -1049 43 0
97632 1049 -30 -43 0
97632 -1050 30 0
97632 -1050 44 0
97632 1050 -30 -44 0
97632 -1051 30 0
97632 -1051 45 0
97632 1051 -30 -45 0
97632 -1052 30 0
97632 -1052 46 0
97632 1052 -30 -46 0
97632 -1053 30 0
97632 -1053 47 0
97632 1053 -30 -47 0
97632 -1054 30 0
97632 -1054 48 0
97632 1054 -30 -48 0
97632 -1055 30 0
97632 -1055 49 0
97632 1055 -30 -49 0
97632 -1056 31 0
97632 -1056 32 0
97632 1056 -31 -32 0
97632 -1057 31 0
97632 -1057 33 0
97632 1057 -31 -33 0
97632 -1058 31 0
97632 -1058 34 0
97632 1058 -31 -34 0
97632 -1059 31 0
97632 -1059 35 0
97632 1059 -31 -35 0
97632 -1060 31 0
97632 -1060 36 0
97632 1060 -31 -36 0
97632 -1061 31 0
97632 -1061 37 0
97632 1061 -31 -37 0
97632 -1062 31 0
97632 -1062 38 0
97632 1062 -31 -38 0
97632 -1063 31 0
97632 -1063 39 0
97632 1063 -31 -39 0
97632 -1064 31 0
97632 -1064 40 0
97632 1064 -31 -40 0
97632 -1065 31 0
97632 -1065 41 0
97632 1065 -31 -41 0
97632 -1066 31 0
97632 -1066 42 0
97632 1066 -31 -42 0
97632 -1067 31 0
97632 -1067 43 0
97632 1067 -31 -43 0
97632 -1068 31 0
97632 -1068 44 0
97632 1068 -31 -44 0
97632 -1069 31 0
97632 -1069 45 0
97632 1069 -31 -45 0
97632 -1070 31 0
97632 -1070 46 0
97632 1070 -31 -46 0
97632 -1071 31 0
97632 -1071 47 0
97632 1071 -31 -47 0
97632 -1072 31 0
97632 -1072 48 0
97632 1072 -31 -48 0
97632 -1073 31 0
97632 -1073 49 0
97632 1073 -31 -49 0
97632 -1074 32 0
97632 -1074 33 0
97632 1074 -32 -33 0
97632 -1075 32 0
97632 -1075 34 0
97632 1075 -32 -34 0
97632 -1076 32 0
97632 -1076 35 0
97632 1076 -32 -35 0
97632 -1077 32 0
97632 -1077 36 0
97632 1077 -32 -36 0
97632 -1078 32 0
97632 -1078 37 0
97632 1078 -32 -37 0
97632 -1079 32 0
97632 -1079 38 0
97632 1079 -32 -38 0
97632 -1080 32 0
97632 -1080 39 0
97632 1080 -32 -39 0
97632 -1081 32 0
97632 -1081 40 0
97632 1081 -32 -40 0
97632 -1082 32 0
97632 -1082 41 0
97632 1082 -32 -41 0
97632 -1083 32 0
97632 -1083 42 0
97632 1083 -32 -42 0
97632 -1084 32 0
97632 -1084 43 0
97632 1084 -32 -43 0
97632 -1085 32 0
97632 -1085 44 0
97632 1085 -32 -44 0
97632 -1086 32 0
97632 -1086 45 0
97632 1086 -32 -45 0
97632 -1087 32 0
97632 -1087 46 0
97632 1087 -32 -46 0
97632 -1088 32 0
97632 -1088 47 0
97632 1088 -32 -47 0
97632 -1089 32 0
97632 -1089 48 0
97632 1089 -32 -48 0
97632 -1090 32 0
97632 -1090 49 0
97632 1090 -32 -49 0
97632 -1091 33 0
97632 -1091 34 0
97632 1091 -33 -34 0
97632 -1092 33 0
97632 -1092 35 0
97632 1092 -33 -35 0
97632 -1093 33 0
97632 -1093 36 0
97632 1093 -33 -36 0
97632 -1094 33 0
97632 -1094 37 0
97632 1094 -33 -37 0
97632 -1095 33 0
97632 -1095 38 0
97632 1095 -33 -38 0
97632 -1096 33 0
97632 -1096 39 0
97632 1096 -33 -39 0
97632 -1097 33 0
97632 -1097 40 0
97632 1097 -33 -40 0
97632 -1098 33 0
97632 -1098 41 0
97632 1098 -33 -41 0
97632 -1099 33 0
97632 -1099 42 0
97632 1099 -33 -42 0
97632 -1100 33 0
97632 -1100 43 0
97632 1100 -33 -43 0
97632 -1101 33 0
97632 -1101 44 0
97632 1101 -33 -44 0
97632 -1102 33 0
97632 -1102 45 0
97632 1102 -33 -45 0
97632 -1103 33 0
97632 -1103 46 0
97632 1103 -33 -46 0
97632 -1104 33 0
97632 -1104 47 0
97632 1104 -33 -47 0
97632 -1105 33 0
97632 -1105 48 0
97632 1105 -33 -48 0
97632 -1106 33 0
97632 -1106 49 0
97632 1106 -33 -49 0
97632 -1107 34 0
97632 -1107 35 0
97632 1107 -34 -35 0
97632 -1108 34 0
97632 -1108 36 0
97632 1108 -34 -36 0
97632 -1109 34 0
97632 -1109 37 0
97632 1109 -34 -37 0
97632 -1110 34 0
97632 -1110 38 0
97632 1110 -34 -38 0
97632 -1111 34 0
97632 -1111 39 0
97632 1111 -34 -39 0
97632 -1112 34 0
97632 -1112 40 0
97632 1112 -34 -40 0
97632 -1113 34 0
97632 -1113 41 0
97632 1113 -34 -41 0
97632 -1114 34 0
97632 -1114 42 0
97632 1114 -34 -42 0
97632 -1115 34 0
97632 -1115 43 0
97632 1115 -34 -43 0
97632 -1116 34 0
97632 -1116 44 0
97632 1116 -34 -44 0
97632 -1117 34 0
97632 -1117 45 0
97632 1117 -34 -45 0
97632 -1118 34 0
97632 -1118 46 0
97632 1118 -34 -46 0
97632 -1119 34 0
97632 -1119 47 0
97632 1119 -34 -47 0
97632 -1120 34 0
97632 -1120 48 0
97632 1120 -34 -48 0
97632 -1121 34 0
97632 -1121 49 0
97632 1121 -34 -49 0
97632 -1122 35 0
97632 -1122 36 0
97632 1122 -35 -36 0
97632 -1123 35 0
97632 -1123 37 0
97632 1123 -35 -37 0
97632 -1124 35 0
97632 -1124 38 0
97632 1124 -35 -38 0
97632 -1125 35 0
97632 -1125 39 0
97632 1125 -35 -39 0
97632 -1126 35 0
97632 -1126 40 0
97632 1126 -35 -40 0
97632 -1127 35 0
97632 -1127 41 0
97632 1127 -35 -41 0
97632 -1128 35 0
97632 -1128 42 0
97632 1128 -35 -42 0
97632 -1129 35 0
97632 -1129 43 0
97632 1129 -35 -43 0
97632 -1130 35 0
97632 -1130 44 0
97632 1130 -35 -44 0
97632 -1131 35 0
97632 -1131 45 0
97632 1131 -35 -45 0
97632 -1132 35 0
97632 -1132 46 0
97632 1132 -35 -46 0
97632 -1133 35 0
97632 -1133 47 0
97632 1133 -35 -47 0
97632 -1134 35 0
97632 -1134 48 0
97632 1134 -35 -48 0
97632 -1135 35 0
97632 -1135 49 0
97632 1135 -35 -49 0
97632 -1136 36 0
97632 -1136 37 0
97632 1136 -36 -37 0
97632 -1137 36 0
97632 -1137 38 0
97632 1137 -36 -38 0
97632 -1138 36 0
97632 -1138 39 0
97632 1138 -36 -39 0
97632 -1139 36 0
97632 -1139 40 0
97632 1139 -36 -40 0
97632 -1140 36 0
97632 -1140 41 0
97632 1140 -36 -41 0
97632 -1141 36 0
97632 -1141 42 0
97632 1141 -36 -42 0
97632 -1142 36 0
97632 -1142 43 0
97632 1142 -36 -43 0
97632 -1143 36 0
97632 -1143 44 0
97632 1143 -36 -44 0
97632 -1144 36 0
97632 -1144 45 0
97632 1144 -36 -45 0
97632 -1145 36 0
97632 -1145 46 0
97632 1145 -36 -46 0
97632 -1146 36 0
97632 -1146 47 0
97632 1146 -36 -47 0
97632 -1147 36 0
97632 -1147 48 0
97632 1147 -36 -48 0
97632 -1148 36 0
97632 -1148 49 0
97632 1148 -36 -49 0
97632 -1149 37 0
97632 -1149 38 0
97632 1149 -37 -38 0
97632 -1150 37 0
97632 -1150 39 0
97632 1150 -37 -39 0
97632 -1151 37 0
97632 -1151 40 0
97632 1151 -37 -40 0
97632 -1152 37 0
97632 -1152 41 0
97632 1152 -37 -41 0
97632 -1153 37 0
97632 -1153 42 0
97632 1153 -37 -42 0
97632 -1154 37 0
97632 -1154 43 0
97632 1154 -37 -43 0
97632 -1155 37 0
97632 -1155 44 0
97632 1155 -37 -44 0
97632 -1156 37 0
97632 -1156 45 0
97632 1156 -37 -45 0
97632 -1157 37 0
97632 -1157 46 0
97632 1157 -37 -46 0
97632 -1158 37 0
97632 -1158 47 0
97632 1158 -37 -47 0
97632 -1159 37 0
97632 -1159 48 0
97632 1159 -37 -48 0
97632 -1160 37 0
97632 -1160 49 0
97632 1160 -37 -49 0
97632 -1161 38 0
97632 -1161 39 0
97632 1161 -38 -39 0
97632 -1162 38 0
97632 -1162 40 0
97632 1162 -38 -40 0
97632 -1163 38 0
97632 -1163 41 0
97632 1163 -38 -41 0
97632 -1164 38 0
97632 -1164 42 0
97632 1164 -38 -42 0
97632 -1165 38 0
97632 -1165 43 0
97632 1165 -38 -43 0
97632 -1166 38 0
97632 -1166 44 0
97632 1166 -38 -44 0
97632 -1167 38 0
97632 -1167 45 0
97632 1167 -38 -45 0
97632 -1168 38 0
97632 -1168 46 0
97632 1168 -38 -46 0
97632 -1169 38 0
97632 -1169 47 0
97632 1169 -38 -47 0
97632 -1170 38 0
97632 -1170 48 0
97632 1170 -38 -48 0
97632 -1171 38 0
97632 -1171 49 0
97632 1171 -38 -49 0
97632 -1172 39 0
97632 -1172 40 0
97632 1172 -39 -40 0
97632 -1173 39 0
97632 -1173 41 0
97632 1173 -39 -41 0
97632 -1174 39 0
97632 -1174 42 0
97632 1174 -39 -42 0
97632 -1175 39 0
97632 -1175 43 0
97632 1175 -39 -43 0
97632 -1176 39 0
97632 -1176 44 0
97632 1176 -39 -44 0
97632 -1177 39 0
97632 -1177 45 0
97632 1177 -39 -45 0
97632 -1178 39 0
97632 -1178 46 0
97632 1178 -39 -46 0
97632 -1179 39 0
97632 -1179 47 0
97632 1179 -39 -47 0
97632 -1180 39 0
97632 -1180 48 0
97632 1180 -39 -48 0
97632 -1181 39 0
97632 -1181 49 0
97632 1181 -39 -49 0
97632 -1182 40 0
97632 -1182 41 0
97632 1182 -40 -41 0
97632 -1183 40 0
97632 -1183 42 0
97632 1183 -40 -42 0
97632 -1184 40 0
97632 -1184 43 0
97632 1184 -40 -43 0
97632 -1185 40 0
97632 -1185 44 0
97632 1185 -40 -44 0
97632 -1186 40 0
97632 -1186 45 0
97632 1186 -40 -45 0
97632 -1187 40 0
97632 -1187 46 0
97632 1187 -40 -46 0
97632 -1188 40 0
97632 -1188 47 0
97632 1188 -40 -47 0
97632 -1189 40 0
97632 -1189 48 0
97632 1189 -40 -48 0
97632 -1190 40 0
97632 -1190 49 0
97632 1190 -40 -49 0
97632 -1191 41 0
97632 -1191 42 0
97632 1191 -41 -42 0
97632 -1192 41 0
97632 -1192 43 0
97632 1192 -41 -43 0
97632 -1193 41 0
97632 -1193 44 0
97632 1193 -41 -44 0
97632 -1194 41 0
97632 -1194 45 0
97632 1194 -41 -45 0
97632 -1195 41 0
97632 -1195 46 0
97632 1195 -41 -46 0
97632 -1196 41 0
97632 -1196 47 0
97632 1196 -41 -47 0
97632 -1197 41 0
97632 -1197 48 0
97632 1197 -41 -48 0
97632 -1198 41 0
97632 -1198 49 0
97632 1198 -41 -49 0
97632 -1199 42 0
97632 -1199 43 0
97632 1199 -42 -43 0
97632 -1200 42 0
97632 -1200 44 0
97632 1200 -42 -44 0
97632 -1201 42 0
97632 -1201 45 0
97632 1201 -42 -45 0
97632 -1202 42 0
97632 -1202 46 0
97632 1202 -42 -46 0
97632 -1203 42 0
97632 -1203 47 0
97632 1203 -42 -47 0
97632 -1204 42 0
97632 -1204 48 0
97632 1204 -42 -48 0
97632 -1205 42 0
97632 -1205 49 0
97632 1205 -42 -49 0
97632 -1206 43 0
97632 -1206 44 0
97632 1206 -43 -44 0
97632 -1207 43 0
97632 -1207 45 0
97632 1207 -43 -45 0
97632 -1208 43 0
97632 -1208 46 0
97632 1208 -43 -46 0
97632 -1209 43 0
97632 -1209 47 0
97632 1209 -43 -47 0
97632 -1210 43 0
97632 -1210 48 0
97632 1210 -43 -48 0
97632 -1211 43 0
97632 -1211 49 0
97632 1211 -43 -49 0
97632 -1212 44 0
97632 -1212 45 0
97632 1212 -44 -45 0
97632 -1213 44 0
97632 -1213 46 0
97632 1213 -44 -46 0
97632 -1214 44 0
97632 -1214 47 0
97632 1214 -44 -47 0
97632 -1215 44 0
97632 -1215 48 0
97632 1215 -44 -48 0
97632 -1216 44 0
97632 -1216 49 0
97632 1216 -44 -49 0
97632 -1217 45 0
97632 -1217 46 0
97632 1217 -45 -46 0
97632 -1218 45 0
97632 -1218 47 0
97632 1218 -45 -47 0
97632 -1219 45 0
97632 -1219 48 0
97632 1219 -45 -48 0
97632 -1220 45 0
97632 -1220 49 0
97632 1220 -45 -49 0
97632 -1221 46 0
97632 -1221 47 0
97632 1221 -46 -47 0
97632 -1222 46 0
97632 -1222 48 0
97632 1222 -46 -48 0
97632 -1223 46 0
97632 -1223 49 0
97632 1223 -46 -49 0
97632 -1224 47 0
97632 -1224 48 0
97632 1224 -47 -48 0
97632 -1225 47 0
97632 -1225 49 0
97632 1225 -47 -49 0
97632 -1226 48 0
97632 -1226 49 0
97632 1226 -48 -49 0
14042 1 0
97622 -1 0
129486 51 0
97622 -51 0
88538 52 0
97622 -52 0
81270 53 0
97622 -53 0
95168 54 0
97622 -54 0
88442 55 0
97622 -55 0
96016 56 0
97622 -56 0
86654 57 0
97622 -57 0
106160 58 0
97622 -58 0
110056 59 0
97622 -59 0
95598 60 0
97622 -60 0
99268 61 0
97622 -61 0
81762 62 0
97622 -62 0
111274 63 0
97622 -63 0
92888 64 0
97622 -64 0
105218 65 0
97622 -65 0
97944 66 0
97622 -66 0
101870 67 0
97622 -67 0
88354 68 0
97622 -68 0
88886 69 0
97622 -69 0
106346 70 0
97622 -70 0
103346 71 0
97622 -71 0
108718 72 0
97622 -72 0
104608 73 0
97622 -73 0
103612 74 0
97622 -74 0
101048 75 0
97622 -75 0
92756 76 0
97622 -76 0
91954 77 0
97622 -77 0
100422 78 0
97622 -78 0
89680 79 0
97622 -79 0
98700 80 0
97622 -80 0
109670 81 0
97622 -81 0
98396 82 0
97622 -82 0
98356 83 0
97622 -83 0
90226 84 0
97622 -84 0
93594 85 0
97622 -85 0
98226 86 0
97622 -86 0
95124 87 0
97622 -87 0
95048 88 0
97622 -88 0
98324 89 0
97622 -89 0
100212 90 0
97622 -90 0
97116 91 0
97622 -91 0
102630 92 0
97622 -92 0
102520 93 0
97622 -93 0
96262 94 0
97622 -94 0
94076 95 0
97622 -95 0
94112 96 0
97622 -96 0
100790 97 0
97622 -97 0
97486 98 0
97622 -98 0
141069 2 0
97622 -2 0
96418 99 0
97622 -99 0
122296 100 0
97622 -100 0
109598 101 0
97622 -101 0
99206 102 0
97622 -102 0
111512 103 0
97622 -103 0
106318 104 0
97622 -104 0
82306 105 0
97622 -105 0
97814 106 0
97622 -106 0
90624 107 0
97622 -107 0
95854 108 0
97622 -108 0
107450 109 0
97622 -109 0
92034 110 0
97622 -110 0
96536 111 0
97622 -111 0
85258 112 0
97622 -112 0
104654 113 0
97622 -113 0
106850 114 0
97622 -114 0
84762 115 0
97622 -115 0
101314 116 0
97622 -116 0
104258 117 0
97622 -117 0
75720 118 0
97622 -118 0
84232 119 0
97622 -119 0
93966 120 0
97622 -120 0
100956 121 0
97622 -121 0
91054 122 0
97622 -122 0
90098 123 0
97622 -123 0
90014 124 0
97622 -124 0
103582 125 0
97622 -125 0
95692 126 0
97622 -126 0
102090 127 0
97622 -127 0
102386 128 0
97622 -128 0
104122 129 0
97622 -129 0
109190 130 0
97622 -130 0
112154 131 0
97622 -131 0
98164 132 0
97622 -132 0
102748 133 0
97622 -133 0
103196 134 0
97622 -134 0
95922 135 0
97622 -135 0
102968 136 0
97622 -136 0
92818 137 0
97622 -137 0
98108 138 0
97622 -138 0
96532 139 0
97622 -139 0
92958 140 0
97622 -140 0
97570 141 0
97622 -141 0
99784 142 0
97622 -142 0
98640 143 0
97622 -143 0
99510 144 0
97622 -144 0
98846 145 0
97622 -145 0
61026 3 0
97622 -3 0
89050 146 0
97622 -146 0
115646 147 0
97622 -147 0
84358 148 0
97622 -148 0
98240 149 0
97622 -149 0
80952 150 0
97622 -150 0
94036 151 0
97622 -151 0
93878 152 0
97622 -152 0
89692 153 0
97622 -153 0
75340 154 0
97622 -154 0
98292 155 0
97622 -155 0
104040 156 0
97622 -156 0
107580 157 0
97622 -157 0
105350 158 0
97622 -158 0
95372 159 0
97622 -159 0
109596 160 0
97622 -160 0
90104 161 0
97622 -161 0
94340 162 0
97622 -162 0
88812 163 0
97622 -163 0
94546 164 0
97622 -164 0
109202 165 0
97622 -165 0
94712 166 0
97622 -166 0
97530 167 0
97622 -167 0
96924 168 0
97622 -168 0
87552 169 0
97622 -169 0
92242 170 0
97622 -170 0
108724 171 0
97622 -171 0
88766 172 0
97622 -172 0
92368 173 0
97622 -173 0
91700 174 0
97622 -174 0
102462 175 0
97622 -175 0
99614 176 0
97622 -176 0
95664 177 0
97622 -177 0
95204 178 0
97622 -178 0
97042 179 0
97622 -179 0
98080 180 0
97622 -180 0
91978 181 0
97622 -181 0
98902 182 0
97622 -182 0
99778 183 0
97622 -183 0
96852 184 0
97622 -184 0
96344 185 0
97622 -185 0
101628 186 0
97622 -186 0
98946 187 0
97622 -187 0
98132 188 0
97622 -188 0
97138 189 0
97622 -189 0
100174 190 0
97622 -190 0
95378 191 0
97622 -191 0
32476 4 0
97622 -4 0
110006 192 0
97622 -192 0
101216 193 0
97622 -193 0
95208 194 0
97622 -194 0
69180 195 0
97622 -195 0
116064 196 0
97622 -196 0
105534 197 0
97622 -197 0
103814 198 0
97622 -198 0
85498 199 0
97622 -199 0
114320 200 0
97622 -200 0
96170 201 0
97622 -201 0
102372 202 0
97622 -202 0
83792 203 0
97622 -203 0
82932 204 0
97622 -204 0
106462 205 0
97622 -205 0
93514 206 0
97622 -206 0
87124 207 0
97622 -207 0
92514 208 0
97622 -208 0
108216 209 0
97622 -209 0
115526 210 0
97622 -210 0
109180 211 0
97622 -211 0
94744 212 0
97622 -212 0
109600 213 0
97622 -213 0
99716 214 0
97622 -214 0
93886 215 0
97622 -215 0
98694 216 0
97622 -216 0
102282 217 0
97622 -217 0
103332 218 0
97622 -218 0
99448 219 0
97622 -219 0
101300 220 0
97622 -220 0
101724 221 0
97622 -221 0
95672 222 0
97622 -222 0
105200 223 0
97622 -223 0
109932 224 0
97622 -224 0
93072 225 0
97622 -225 0
103414 226 0
97622 -226 0
108024 227 0
97622 -227 0
94030 228 0
97622 -228 0
99174 229 0
97622 -229 0
94964 230 0
97622 -230 0
97734 231 0
97622 -231 0
90716 232 0
97622 -232 0
93502 233 0
97622 -233 0
97150 234 0
97622 -234 0
99862 235 0
97622 -235 0
99662 236 0
97622 -236 0
48615 5 0
97622 -5 0
84430 237 0
97622 -237 0
93672 238 0
97622 -238 0
104906 239 0
97622 -239 0
93008 240 0
97622 -240 0
79772 241 0
97622 -241 0
92772 242 0
97622 -242 0
113900 243 0
97622 -243 0
100588 244 0
97622 -244 0
104352 245 0
97622 -245 0
92082 246 0
97622 -246 0
105750 247 0
97622 -247 0
85038 248 0
97622 -248 0
92296 249 0
97622 -249 0
93880 250 0
97622 -250 0
101726 251 0
97622 -251 0
106220 252 0
97622 -252 0
94620 253 0
97622 -253 0
100818 254 0
97622 -254 0
99144 255 0
97622 -255 0
96970 256 0
97622 -256 0
100996 257 0
97622 -257 0
104510 258 0
97622 -258 0
108012 259 0
97622 -259 0
106012 260 0
97622 -260 0
117938 261 0
97622 -261 0
92204 262 0
97622 -262 0
93800 263 0
97622 -263 0
96276 264 0
97622 -264 0
96026 265 0
97622 -265 0
97244 266 0
97622 -266 0
93052 267 0
97622 -267 0
95450 268 0
97622 -268 0
99646 269 0
97622 -269 0
91742 270 0
97622 -270 0
96400 271 0
97622 -271 0
93706 272 0
97622 -272 0
102016 273 0
97622 -273 0
98858 274 0
97622 -274 0
98324 275 0
97622 -275 0
91808 276 0
97622 -276 0
95630 277 0
97622 -277 0
96084 278 0
97622 -278 0
94998 279 0
97622 -279 0
100750 280 0
97622 -280 0
62023 6 0
97622 -6 0
107910 281 0
97622 -281 0
88502 282 0
97622 -282 0
99820 283 0
97622 -283 0
96412 284 0
97622 -284 0
95316 285 0
97622 -285 0
98112 286 0
97622 -286 0
111188 287 0
97622 -287 0
115848 288 0
97622 -288 0
99016 289 0
97622 -289 0
101414 290 0
97622 -290 0
99316 291 0
97622 -291 0
112356 292 0
97622 -292 0
84002 293 0
97622 -293 0
105208 294 0
97622 -294 0
88418 295 0
97622 -295 0
96236 296 0
97622 -296 0
88608 297 0
97622 -297 0
97130 298 0
97622 -298 0
97704 299 0
97622 -299 0
97514 300 0
97622 -300 0
86222 301 0
97622 -301 0
111564 302 0
97622 -302 0
102980 303 0
97622 -303 0
108024 304 0
97622 -304 0
99042 305 0
97622 -305 0
103216 306 0
97622 -306 0
118350 307 0
97622 -307 0
102134 308 0
97622 -308 0
103938 309 0
97622 -309 0
94708 310 0
97622 -310 0
101910 311 0
97622 -311 0
93860 312 0
97622 -312 0
97302 313 0
97622 -313 0
101704 314 0
97622 -314 0
92502 315 0
97622 -315 0
102008 316 0
97622 -316 0
88378 317 0
97622 -317 0
95170 318 0
97622 -318 0
91762 319 0
97622 -319 0
96530 320 0
97622 -320 0
100762 321 0
97622 -321 0
95230 322 0
97622 -322 0
99186 323 0
97622 -323 0
50700 7 0
97622 -7 0
97200 324 0
97622 -324 0
110466 325 0
97622 -325 0
91754 326 0
97622 -326 0
113236 327 0
97622 -327 0
105948 328 0
97622 -328 0
112316 329 0
97622 -329 0
94614 330 0
97622 -330 0
112204 331 0
97622 -331 0
91220 332 0
97622 -332 0
90678 333 0
97622 -333 0
91276 334 0
97622 -334 0
103810 335 0
97622 -335 0
92472 336 0
97622 -336 0
95830 337 0
97622 -337 0
101844 338 0
97622 -338 0
100152 339 0
97622 -339 0
104540 340 0
97622 -340 0
96398 341 0
97622 -341 0
96466 342 0
97622 -342 0
110532 343 0
97622 -343 0
100408 344 0
97622 -344 0
100748 345 0
97622 -345 0
96418 346 0
97622 -346 0
86450 347 0
97622 -347 0
98102 348 0
97622 -348 0
97112 349 0
97622 -349 0
93638 350 0
97622 -350 0
99372 351 0
97622 -351 0
97982 352 0
97622 -352 0
100234 353 0
97622 -353 0
97746 354 0
97622 -354 0
97864 355 0
97622 -355 0
95392 356 0
97622 -356 0
97104 357 0
97622 -357 0
95730 358 0
97622 -358 0
98624 359 0
97622 -359 0
97940 360 0
97622 -360 0
97188 361 0
97622 -361 0
92538 362 0
97622 -362 0
95414 363 0
97622 -363 0
94526 364 0
97622 -364 0
98914 365 0
97622 -365 0
40885 8 0
97622 -8 0
99500 366 0
97622 -366 0
107444 367 0
97622 -367 0
123368 368 0
97622 -368 0
62800 369 0
97622 -369 0
115076 370 0
97622 -370 0
96220 371 0
97622 -371 0
90174 372 0
97622 -372 0
106444 373 0
97622 -373 0
103278 374 0
97622 -374 0
108910 375 0
97622 -375 0
89902 376 0
97622 -376 0
90954 377 0
97622 -377 0
107596 378 0
97622 -378 0
101518 379 0
97622 -379 0
88128 380 0
97622 -380 0
105102 381 0
97622 -381 0
89122 382 0
97622 -382 0
104894 383 0
97622 -383 0
96416 384 0
97622 -384 0
99064 385 0
97622 -385 0
94080 386 0
97622 -386 0
101998 387 0
97622 -387 0
110968 388 0
97622 -388 0
102726 389 0
97622 -389 0
93342 390 0
97622 -390 0
93526 391 0
97622 -391 0
97368 392 0
97622 -392 0
97530 393 0
97622 -393 0
100468 394 0
97622 -394 0
83294 395 0
97622 -395 0
105190 396 0
97622 -396 0
106076 397 0
97622 -397 0
102216 398 0
97622 -398 0
100908 399 0
97622 -399 0
97660 400 0
97622 -400 0
100952 401 0
97622 -401 0
94504 402 0
97622 -402 0
92330 403 0
97622 -403 0
93264 404 0
97622 -404 0
100566 405 0
97622 -405 0
99254 406 0
97622 -406 0
84325 9 0
97622 -9 0
85630 407 0
97622 -407 0
89500 408 0
97622 -408 0
93198 409 0
97622 -409 0
82862 410 0
97622 -410 0
92466 411 0
97622 -411 0
101324 412 0
97622 -412 0
104938 413 0
97622 -413 0
95964 414 0
97622 -414 0
93496 415 0
97622 -415 0
94974 416 0
97622 -416 0
107032 417 0
97622 -417 0
105922 418 0
97622 -418 0
76064 419 0
97622 -419 0
95616 420 0
97622 -420 0
84870 421 0
97622 -421 0
93654 422 0
97622 -422 0
98674 423 0
97622 -423 0
82786 424 0
97622 -424 0
86064 425 0
97622 -425 0
103890 426 0
97622 -426 0
103200 427 0
97622 -427 0
94186 428 0
97622 -428 0
94412 429 0
97622 -429 0
97538 430 0
97622 -430 0
110392 431 0
97622 -431 0
105568 432 0
97622 -432 0
89482 433 0
97622 -433 0
93564 434 0
97622 -434 0
105328 435 0
97622 -435 0
94556 436 0
97622 -436 0
96722 437 0
97622 -437 0
95750 438 0
97622 -438 0
96458 439 0
97622 -439 0
101944 440 0
97622 -440 0
94866 441 0
97622 -441 0
97380 442 0
97622 -442 0
101464 443 0
97622 -443 0
99302 444 0
97622 -444 0
98390 445 0
97622 -445 0
98166 446 0
97622 -446 0
59540 10 0
97622 -10 0
87764 447 0
97622 -447 0
104160 448 0
97622 -448 0
96336 449 0
97622 -449 0
102692 450 0
97622 -450 0
114106 451 0
97622 -451 0
100478 452 0
97622 -452 0
103890 453 0
97622 -453 0
97356 454 0
97622 -454 0
94848 455 0
97622 -455 0
104856 456 0
97622 -456 0
77836 457 0
97622 -457 0
97406 458 0
97622 -458 0
98636 459 0
97622 -459 0
102680 460 0
97622 -460 0
95612 461 0
97622 -461 0
105120 462 0
97622 -462 0
101752 463 0
97622 -463 0
106028 464 0
97622 -464 0
84104 465 0
97622 -465 0
105928 466 0
97622 -466 0
92450 467 0
97622 -467 0
77060 468 0
97622 -468 0
86146 469 0
97622 -469 0
103828 470 0
97622 -470 0
93966 471 0
97622 -471 0
96734 472 0
97622 -472 0
93772 473 0
97622 -473 0
104948 474 0
97622 -474 0
102730 475 0
97622 -475 0
91812 476 0
97622 -476 0
100140 477 0
97622 -477 0
92612 478 0
97622 -478 0
95008 479 0
97622 -479 0
93150 480 0
97622 -480 0
101942 481 0
97622 -481 0
98480 482 0
97622 -482 0
101524 483 0
97622 -483 0
96766 484 0
97622 -484 0
95514 485 0
97622 -485 0
55462 11 0
97622 -11 0
116478 486 0
97622 -486 0
90370 487 0
97622 -487 0
114086 488 0
97622 -488 0
108914 489 0
97622 -489 0
99036 490 0
97622 -490 0
91338 491 0
97622 -491 0
102976 492 0
97622 -492 0
94584 493 0
97622 -493 0
95846 494 0
97622 -494 0
86050 495 0
97622 -495 0
93254 496 0
97622 -496 0
110266 497 0
97622 -497 0
91988 498 0
97622 -498 0
112590 499 0
97622 -499 0
84450 500 0
97622 -500 0
97082 501 0
97622 -501 0
104334 502 0
97622 -502 0
107048 503 0
97622 -503 0
96142 504 0
97622 -504 0
100716 505 0
97622 -505 0
92822 506 0
97622 -506 0
89636 507 0
97622 -507 0
102124 508 0
97622 -508 0
100968 509 0
97622 -509 0
87342 510 0
97622 -510 0
91740 511 0
97622 -511 0
94266 512 0
97622 -512 0
95276 513 0
97622 -513 0
92632 514 0
97622 -514 0
109646 515 0
97622 -515 0
86284 516 0
97622 -516 0
109740 517 0
97622 -517 0
100018 518 0
97622 -518 0
106444 519 0
97622 -519 0
101850 520 0
97622 -520 0
96660 521 0
97622 -521 0
97206 522 0
97622 -522 0
94494 523 0
97622 -523 0
59442 12 0
97622 -12 0
98272 524 0
97622 -524 0
102852 525 0
97622 -525 0
89196 526 0
97622 -526 0
100350 527 0
97622 -527 0
102784 528 0
97622 -528 0
121898 529 0
97622 -529 0
102152 530 0
97622 -530 0
95888 531 0
97622 -531 0
102716 532 0
97622 -532 0
87294 533 0
97622 -533 0
105530 534 0
97622 -534 0
91586 535 0
97622 -535 0
96658 536 0
97622 -536 0
104030 537 0
97622 -537 0
89274 538 0
97622 -538 0
85640 539 0
97622 -539 0
102438 540 0
97622 -540 0
99436 541 0
97622 -541 0
111118 542 0
97622 -542 0
99438 543 0
97622 -543 0
88592 544 0
97622 -544 0
90598 545 0
97622 -545 0
97014 546 0
97622 -546 0
92744 547 0
97622 -547 0
90872 548 0
97622 -548 0
78826 549 0
97622 -549 0
106544 550 0
97622 -550 0
95880 551 0
97622 -551 0
104160 552 0
97622 -552 0
103004 553 0
97622 -553 0
98508 554 0
97622 -554 0
105198 555 0
97622 -555 0
97340 556 0
97622 -556 0
101182 557 0
97622 -557 0
96280 558 0
97622 -558 0
99622 559 0
97622 -559 0
95582 560 0
97622 -560 0
50420 13 0
97622 -13 0
93990 561 0
97622 -561 0
97078 562 0
97622 -562 0
119462 563 0
97622 -563 0
107482 564 0
97622 -564 0
82208 565 0
97622 -565 0
89788 566 0
97622 -566 0
96948 567 0
97622 -567 0
101010 568 0
97622 -568 0
95366 569 0
97622 -569 0
100166 570 0
97622 -570 0
90134 571 0
97622 -571 0
106170 572 0
97622 -572 0
96334 573 0
97622 -573 0
100856 574 0
97622 -574 0
89340 575 0
97622 -575 0
95312 576 0
97622 -576 0
87192 577 0
97622 -577 0
91002 578 0
97622 -578 0
101762 579 0
97622 -579 0
79184 580 0
97622 -580 0
100164 581 0
97622 -581 0
85790 582 0
97622 -582 0
97922 583 0
97622 -583 0
91900 584 0
97622 -584 0
103330 585 0
97622 -585 0
97992 586 0
97622 -586 0
94184 587 0
97622 -587 0
103968 588 0
97622 -588 0
90748 589 0
97622 -589 0
107994 590 0
97622 -590 0
98830 591 0
97622 -591 0
104680 592 0
97622 -592 0
98878 593 0
97622 -593 0
95656 594 0
97622 -594 0
102190 595 0
97622 -595 0
95106 596 0
97622 -596 0
78149 14 0
97622 -14 0
98710 597 0
97622 -597 0
100784 598 0
97622 -598 0
102782 599 0
97622 -599 0
92560 600 0
97622 -600 0
105780 601 0
97622 -601 0
97500 602 0
97622 -602 0
91308 603 0
97622 -603 0
97014 604 0
97622 -604 0
87838 605 0
97622 -605 0
108020 606 0
97622 -606 0
96012 607 0
97622 -607 0
101414 608 0
97622 -608 0
103828 609 0
97622 -609 0
95784 610 0
97622 -610 0
87610 611 0
97622 -611 0
94310 612 0
97622 -612 0
99960 613 0
97622 -613 0
93902 614 0
97622 -614 0
96096 615 0
97622 -615 0
90512 616 0
97622 -616 0
86746 617 0
97622 -617 0
107624 618 0
97622 -618 0
97660 619 0
97622 -619 0
102250 620 0
97622 -620 0
103366 621 0
97622 -621 0
99580 622 0
97622 -622 0
90484 623 0
97622 -623 0
108414 624 0
97622 -624 0
90600 625 0
97622 -625 0
95898 626 0
97622 -626 0
89588 627 0
97622 -627 0
95594 628 0
97622 -628 0
98382 629 0
97622 -629 0
99414 630 0
97622 -630 0
100478 631 0
97622 -631 0
80832 15 0
97622 -15 0
98374 632 0
97622 -632 0
91386 633 0
97622 -633 0
91036 634 0
97622 -634 0
104762 635 0
97622 -635 0
102120 636 0
97622 -636 0
117492 637 0
97622 -637 0
102004 638 0
97622 -638 0
98716 639 0
97622 -639 0
90158 640 0
97622 -640 0
92702 641 0
97622 -641 0
100084 642 0
97622 -642 0
89210 643 0
97622 -643 0
90110 644 0
97622 -644 0
92114 645 0
97622 -645 0
101520 646 0
97622 -646 0
112894 647 0
97622 -647 0
106804 648 0
97622 -648 0
102574 649 0
97622 -649 0
87960 650 0
97622 -650 0
99360 651 0
97622 -651 0
98002 652 0
97622 -652 0
97084 653 0
97622 -653 0
87724 654 0
97622 -654 0
95122 655 0
97622 -655 0
98844 656 0
97622 -656 0
94538 657 0
97622 -657 0
104664 658 0
97622 -658 0
95326 659 0
97622 -659 0
101582 660 0
97622 -660 0
94094 661 0
97622 -661 0
100076 662 0
97622 -662 0
97208 663 0
97622 -663 0
96758 664 0
97622 -664 0
98030 665 0
97622 -665 0
86240 16 0
97622 -16 0
99676 666 0
97622 -666 0
105560 667 0
97622 -667 0
109246 668 0
97622 -668 0
102950 669 0
97622 -669 0
110682 670 0
97622 -670 0
85506 671 0
97622 -671 0
96914 672 0
97622 -672 0
94780 673 0
97622 -673 0
88118 674 0
97622 -674 0
106924 675 0
97622 -675 0
84958 676 0
97622 -676 0
93416 677 0
97622 -677 0
100876 678 0
97622 -678 0
103320 679 0
97622 -679 0
102466 680 0
97622 -680 0
95618 681 0
97622 -681 0
101296 682 0
97622 -682 0
96458 683 0
97622 -683 0
112458 684 0
97622 -684 0
102070 685 0
97622 -685 0
103584 686 0
97622 -686 0
97302 687 0
97622 -687 0
100170 688 0
97622 -688 0
101702 689 0
97622 -689 0
91784 690 0
97622 -690 0
98276 691 0
97622 -691 0
95054 692 0
97622 -692 0
92952 693 0
97622 -693 0
98566 694 0
97622 -694 0
98494 695 0
97622 -695 0
98384 696 0
97622 -696 0
94670 697 0
97622 -697 0
99186 698 0
97622 -698 0
64658 17 0
97622 -17 0
84698 699 0
97622 -699 0
108708 700 0
97622 -700 0
106822 701 0
97622 -701 0
88718 702 0
97622 -702 0
104390 703 0
97622 -703 0
110834 704 0
97622 -704 0
96986 705 0
97622 -705 0
79704 706 0
97622 -706 0
89304 707 0
97622 -707 0
102186 708 0
97622 -708 0
92102 709 0
97622 -709 0
98854 710 0
97622 -710 0
96068 711 0
97622 -711 0
97922 712 0
97622 -712 0
95840 713 0
97622 -713 0
111176 714 0
97622 -714 0
93260 715 0
97622 -715 0
99388 716 0
97622 -716 0
98502 717 0
97622 -717 0
99174 718 0
97622 -718 0
93142 719 0
97622 -719 0
95772 720 0
97622 -720 0
99020 721 0
97622 -721 0
94194 722 0
97622 -722 0
97680 723 0
97622 -723 0
99252 724 0
97622 -724 0
101648 725 0
97622 -725 0
93258 726 0
97622 -726 0
101324 727 0
97622 -727 0
99856 728 0
97622 -728 0
95782 729 0
97622 -729 0
96942 730 0
97622 -730 0
67316 18 0
97622 -18 0
96312 731 0
97622 -731 0
103136 732 0
97622 -732 0
100636 733 0
97622 -733 0
102594 734 0
97622 -734 0
87864 735 0
97622 -735 0
88830 736 0
97622 -736 0
81452 737 0
97622 -737 0
101658 738 0
97622 -738 0
103914 739 0
97622 -739 0
98842 740 0
97622 -740 0
90978 741 0
97622 -741 0
88574 742 0
97622 -742 0
91766 743 0
97622 -743 0
90304 744 0
97622 -744 0
94838 745 0
97622 -745 0
95422 746 0
97622 -746 0
91384 747 0
97622 -747 0
109392 748 0
97622 -748 0
105312 749 0
97622 -749 0
108728 750 0
97622 -750 0
93416 751 0
97622 -751 0
100310 752 0
97622 -752 0
95744 753 0
97622 -753 0
90010 754 0
97622 -754 0
101550 755 0
97622 -755 0
96132 756 0
97622 -756 0
101454 757 0
97622 -757 0
95278 758 0
97622 -758 0
96462 759 0
97622 -759 0
98502 760 0
97622 -760 0
96942 761 0
97622 -761 0
86684 19 0
97622 -19 0
100368 762 0
97622 -762 0
98256 763 0
97622 -763 0
99790 764 0
97622 -764 0
90420 765 0
97622 -765 0
96678 766 0
97622 -766 0
95134 767 0
97622 -767 0
103636 768 0
97622 -768 0
92892 769 0
97622 -769 0
84150 770 0
97622 -770 0
103558 771 0
97622 -771 0
93092 772 0
97622 -772 0
92424 773 0
97622 -773 0
96454 774 0
97622 -774 0
99510 775 0
97622 -775 0
116258 776 0
97622 -776 0
107430 777 0
97622 -777 0
96230 778 0
97622 -778 0
107830 779 0
97622 -779 0
103410 780 0
97622 -780 0
95008 781 0
97622 -781 0
101744 782 0
97622 -782 0
95426 783 0
97622 -783 0
91706 784 0
97622 -784 0
102584 785 0
97622 -785 0
98798 786 0
97622 -786 0
95922 787 0
97622 -787 0
96578 788 0
97622 -788 0
97008 789 0
97622 -789 0
101742 790 0
97622 -790 0
97282 791 0
97622 -791 0
67411 20 0
97622 -20 0
93542 792 0
97622 -792 0
88914 793 0
97622 -793 0
98652 794 0
97622 -794 0
106632 795 0
97622 -795 0
107460 796 0
97622 -796 0
99298 797 0
97622 -797 0
101334 798 0
97622 -798 0
107316 799 0
97622 -799 0
109128 800 0
97622 -800 0
101774 801 0
97622 -801 0
97546 802 0
97622 -802 0
102154 803 0
97622 -803 0
85606 804 0
97622 -804 0
92902 805 0
97622 -805 0
88034 806 0
97622 -806 0
87724 807 0
97622 -807 0
86866 808 0
97622 -808 0
95012 809 0
97622 -809 0
96366 810 0
97622 -810 0
94876 811 0
97622 -811 0
102738 812 0
97622 -812 0
102942 813 0
97622 -813 0
100484 814 0
97622 -814 0
101368 815 0
97622 -815 0
94898 816 0
97622 -816 0
95914 817 0
97622 -817 0
94220 818 0
97622 -818 0
97022 819 0
97622 -819 0
99322 820 0
97622 -820 0
60755 21 0
97622 -21 0
109944 821 0
97622 -821 0
98042 822 0
97622 -822 0
120260 823 0
97622 -823 0
103720 824 0
97622 -824 0
93946 825 0
97622 -825 0
111972 826 0
97622 -826 0
109662 827 0
97622 -827 0
90026 828 0
97622 -828 0
91064 829 0
97622 -829 0
99368 830 0
97622 -830 0
87192 831 0
97622 -831 0
95206 832 0
97622 -832 0
99084 833 0
97622 -833 0
90438 834 0
97622 -834 0
97578 835 0
97622 -835 0
95910 836 0
97622 -836 0
93892 837 0
97622 -837 0
105324 838 0
97622 -838 0
93008 839 0
97622 -839 0
102884 840 0
97622 -840 0
95094 841 0
97622 -841 0
91376 842 0
97622 -842 0
97510 843 0
97622 -843 0
99138 844 0
97622 -844 0
98022 845 0
97622 -845 0
101652 846 0
97622 -846 0
97158 847 0
97622 -847 0
94630 848 0
97622 -848 0
92653 22 0
97622 -22 0
84866 849 0
97622 -849 0
90520 850 0
97622 -850 0
97768 851 0
97622 -851 0
104402 852 0
97622 -852 0
90004 853 0
97622 -853 0
95782 854 0
97622 -854 0
121716 855 0
97622 -855 0
97086 856 0
97622 -856 0
93846 857 0
97622 -857 0
101346 858 0
97622 -858 0
92082 859 0
97622 -859 0
102890 860 0
97622 -860 0
99922 861 0
97622 -861 0
95432 862 0
97622 -862 0
95306 863 0
97622 -863 0
104432 864 0
97622 -864 0
99020 865 0
97622 -865 0
102706 866 0
97622 -866 0
95066 867 0
97622 -867 0
99662 868 0
97622 -868 0
102822 869 0
97622 -869 0
96598 870 0
97622 -870 0
96056 871 0
97622 -871 0
99598 872 0
97622 -872 0
96288 873 0
97622 -873 0
99294 874 0
97622 -874 0
99458 875 0
97622 -875 0
83350 23 0
97622 -23 0
107916 876 0
97622 -876 0
85520 877 0
97622 -877 0
91592 878 0
97622 -878 0
102412 879 0
97622 -879 0
106484 880 0
97622 -880 0
95494 881 0
97622 -881 0
92046 882 0
97622 -882 0
112150 883 0
97622 -883 0
99604 884 0
97622 -884 0
99820 885 0
97622 -885 0
99712 886 0
97622 -886 0
105722 887 0
97622 -887 0
101336 888 0
97622 -888 0
97742 889 0
97622 -889 0
96938 890 0
97622 -890 0
109140 891 0
97622 -891 0
106996 892 0
97622 -892 0
96340 893 0
97622 -893 0
101160 894 0
97622 -894 0
96256 895 0
97622 -895 0
92730 896 0
97622 -896 0
93872 897 0
97622 -897 0
101416 898 0
97622 -898 0
100010 899 0
97622 -899 0
97694 900 0
97622 -900 0
100138 901 0
97622 -901 0
80182 24 0
97622 -24 0
86606 902 0
97622 -902 0
106184 903 0
97622 -903 0
86788 904 0
97622 -904 0
89474 905 0
97622 -905 0
101958 906 0
97622 -906 0
99476 907 0
97622 -907 0
92264 908 0
97622 -908 0
96800 909 0
97622 -909 0
100420 910 0
97622 -910 0
92194 911 0
97622 -911 0
99308 912 0
97622 -912 0
97314 913 0
97622 -913 0
96764 914 0
97622 -914 0
92088 915 0
97622 -915 0
91610 916 0
97622 -916 0
96212 917 0
97622 -917 0
98858 918 0
97622 -918 0
94930 919 0
97622 -919 0
104134 920 0
97622 -920 0
102876 921 0
97622 -921 0
100262 922 0
97622 -922 0
100854 923 0
97622 -923 0
96052 924 0
97622 -924 0
97894 925 0
97622 -925 0
95718 926 0
97622 -926 0
83161 25 0
97622 -25 0
104994 927 0
97622 -927 0
91218 928 0
97622 -928 0
88728 929 0
97622 -929 0
88796 930 0
97622 -930 0
99410 931 0
97622 -931 0
104042 932 0
97622 -932 0
87534 933 0
97622 -933 0
101250 934 0
97622 -934 0
92962 935 0
97622 -935 0
104380 936 0
97622 -936 0
103510 937 0
97622 -937 0
101514 938 0
97622 -938 0
96474 939 0
97622 -939 0
100030 940 0
97622 -940 0
100178 941 0
97622 -941 0
92040 942 0
97622 -942 0
97480 943 0
97622 -943 0
98124 944 0
97622 -944 0
98782 945 0
97622 -945 0
94292 946 0
97622 -946 0
102058 947 0
97622 -947 0
100474 948 0
97622 -948 0
94870 949 0
97622 -949 0
97486 950 0
97622 -950 0
88832 26 0
97622 -26 0
105320 951 0
97622 -951 0
97124 952 0
97622 -952 0
102200 953 0
97622 -953 0
88914 954 0
97622 -954 0
96548 955 0
97622 -955 0
103874 956 0
97622 -956 0
100854 957 0
97622 -957 0
98768 958 0
97622 -958 0
104668 959 0
97622 -959 0
93972 960 0
97622 -960 0
93602 961 0
97622 -961 0
101432 962 0
97622 -962 0
98360 963 0
97622 -963 0
100244 964 0
97622 -964 0
97742 965 0
97622 -965 0
96278 966 0
97622 -966 0
104080 967 0
97622 -967 0
97100 968 0
97622 -968 0
96172 969 0
97622 -969 0
100874 970 0
97622 -970 0
97838 971 0
97622 -971 0
96158 972 0
97622 -972 0
99050 973 0
97622 -973 0
93041 27 0
97622 -27 0
84234 974 0
97622 -974 0
104480 975 0
97622 -975 0
110534 976 0
97622 -976 0
98994 977 0
97622 -977 0
97574 978 0
97622 -978 0
103266 979 0
97622 -979 0
102904 980 0
97622 -980 0
104870 981 0
97622 -981 0
89896 982 0
97622 -982 0
94938 983 0
97622 -983 0
98630 984 0
97622 -984 0
91174 985 0
97622 -985 0
93294 986 0
97622 -986 0
93912 987 0
97622 -987 0
101388 988 0
97622 -988 0
93434 989 0
97622 -989 0
97578 990 0
97622 -990 0
96804 991 0
97622 -991 0
100226 992 0
97622 -992 0
99490 993 0
97622 -993 0
96406 994 0
97622 -994 0
97214 995 0
97622 -995 0
91891 28 0
97622 -28 0
98288 996 0
97622 -996 0
95024 997 0
97622 -997 0
97498 998 0
97622 -998 0
97402 999 0
97622 -999 0
93380 1000 0
97622 -1000 0
107498 1001 0
97622 -1001 0
106736 1002 0
97622 -1002 0
96840 1003 0
97622 -1003 0
100180 1004 0
97622 -1004 0
98168 1005 0
97622 -1005 0
98814 1006 0
97622 -1006 0
97348 1007 0
97622 -1007 0
93436 1008 0
97622 -1008 0
95456 1009 0
97622 -1009 0
104032 1010 0
97622 -1010 0
101456 1011 0
97622 -1011 0
95196 1012 0
97622 -1012 0
103664 1013 0
97622 -1013 0
99686 1014 0
97622 -1014 0
100406 1015 0
97622 -1015 0
95854 1016 0
97622 -1016 0
73536 29 0
97622 -29 0
93180 1017 0
97622 -1017 0
108466 1018 0
97622 -1018 0
92686 1019 0
97622 -1019 0
94508 1020 0
97622 -1020 0
91712 1021 0
97622 -1021 0
92736 1022 0
97622 -1022 0
106202 1023 0
97622 -1023 0
100034 1024 0
97622 -1024 0
93740 1025 0
97622 -1025 0
105640 1026 0
97622 -1026 0
93912 1027 0
97622 -1027 0
98056 1028 0
97622 -1028 0
95984 1029 0
97622 -1029 0
90738 1030 0
97622 -1030 0
95022 1031 0
97622 -1031 0
100604 1032 0
97622 -1032 0
97264 1033 0
97622 -1033 0
101174 1034 0
97622 -1034 0
96998 1035 0
97622 -1035 0
95310 1036 0
97622 -1036 0
79832 30 0
97622 -30 0
96832 1037 0
97622 -1037 0
96404 1038 0
97622 -1038 0
100302 1039 0
97622 -1039 0
92722 1040 0
97622 -1040 0
92572 1041 0
97622 -1041 0
105322 1042 0
97622 -1042 0
100936 1043 0
97622 -1043 0
100958 1044 0
97622 -1044 0
97864 1045 0
97622 -1045 0
101920 1046 0
97622 -1046 0
98992 1047 0
97622 -1047 0
92280 1048 0
97622 -1048 0
101538 1049 0
97622 -1049 0
101402 1050 0
97622 -1050 0
101312 1051 0
97622 -1051 0
98698 1052 0
97622 -1052 0
96932 1053 0
97622 -1053 0
100838 1054 0
97622 -1054 0
94630 1055 0
97622 -1055 0
82581 31 0
97622 -31 0
96464 1056 0
97622 -1056 0
100546 1057 0
97622 -1057 0
106674 1058 0
97622 -1058 0
95002 1059 0
97622 -1059 0
100336 1060 0
97622 -1060 0
101230 1061 0
97622 -1061 0
118788 1062 0
97622 -1062 0
88422 1063 0
97622 -1063 0
97846 1064 0
97622 -1064 0
91606 1065 0
97622 -1065 0
94182 1066 0
97622 -1066 0
99220 1067 0
97622 -1067 0
93464 1068 0
97622 -1068 0
99376 1069 0
97622 -1069 0
91310 1070 0
97622 -1070 0
95136 1071 0
97622 -1071 0
99918 1072 0
97622 -1072 0
99050 1073 0
97622 -1073 0
80665 32 0
97622 -32 0
91186 1074 0
97622 -1074 0
95126 1075 0
97622 -1075 0
93264 1076 0
97622 -1076 0
100078 1077 0
97622 -1077 0
96514 1078 0
97622 -1078 0
101430 1079 0
97622 -1079 0
95124 1080 0
97622 -1080 0
93582 1081 0
97622 -1081 0
98348 1082 0
97622 -1082 0
94176 1083 0
97622 -1083 0
95704 1084 0
97622 -1084 0
99274 1085 0
97622 -1085 0
99906 1086 0
97622 -1086 0
100380 1087 0
97622 -1087 0
100402 1088 0
97622 -1088 0
96334 1089 0
97622 -1089 0
94698 1090 0
97622 -1090 0
59995 33 0
97622 -33 0
93574 1091 0
97622 -1091 0
85168 1092 0
97622 -1092 0
100348 1093 0
97622 -1093 0
91132 1094 0
97622 -1094 0
93606 1095 0
97622 -1095 0
107040 1096 0
97622 -1096 0
93228 1097 0
97622 -1097 0
109430 1098 0
97622 -1098 0
89462 1099 0
97622 -1099 0
108270 1100 0
97622 -1100 0
100290 1101 0
97622 -1101 0
107254 1102 0
97622 -1102 0
98414 1103 0
97622 -1103 0
94676 1104 0
97622 -1104 0
101222 1105 0
97622 -1105 0
94222 1106 0
97622 -1106 0
70698 34 0
97622 -34 0
84928 1107 0
97622 -1107 0
101292 1108 0
97622 -1108 0
91018 1109 0
97622 -1109 0
85262 1110 0
97622 -1110 0
97842 1111 0
97622 -1111 0
94100 1112 0
97622 -1112 0
100982 1113 0
97622 -1113 0
102994 1114 0
97622 -1114 0
95120 1115 0
97622 -1115 0
104380 1116 0
97622 -1116 0
97738 1117 0
97622 -1117 0
98366 1118 0
97622 -1118 0
96204 1119 0
97622 -1119 0
95166 1120 0
97622 -1120 0
96194 1121 0
97622 -1121 0
65317 35 0
97622 -35 0
105616 1122 0
97622 -1122 0
93656 1123 0
97622 -1123 0
96324 1124 0
97622 -1124 0
98214 1125 0
97622 -1125 0
93968 1126 0
97622 -1126 0
102180 1127 0
97622 -1127 0
99006 1128 0
97622 -1128 0
94786 1129 0
97622 -1129 0
101592 1130 0
97622 -1130 0
100618 1131 0
97622 -1131 0
94804 1132 0
97622 -1132 0
96162 1133 0
97622 -1133 0
101166 1134 0
97622 -1134 0
94834 1135 0
97622 -1135 0
81445 36 0
97622 -36 0
84336 1136 0
97622 -1136 0
90258 1137 0
97622 -1137 0
93118 1138 0
97622 -1138 0
90282 1139 0
97622 -1139 0
102784 1140 0
97622 -1140 0
101126 1141 0
97622 -1141 0
99950 1142 0
97622 -1142 0
101238 1143 0
97622 -1143 0
95946 1144 0
97622 -1144 0
101522 1145 0
97622 -1145 0
97910 1146 0
97622 -1146 0
94478 1147 0
97622 -1147 0
97690 1148 0
97622 -1148 0
77791 37 0
97622 -37 0
89938 1149 0
97622 -1149 0
97534 1150 0
97622 -1150 0
89766 1151 0
97622 -1151 0
103998 1152 0
97622 -1152 0
102550 1153 0
97622 -1153 0
99324 1154 0
97622 -1154 0
102168 1155 0
97622 -1155 0
97916 1156 0
97622 -1156 0
102558 1157 0
97622 -1157 0
98000 1158 0
97622 -1158 0
95894 1159 0
97622 -1159 0
96398 1160 0
97622 -1160 0
65789 38 0
97622 -38 0
106220 1161 0
97622 -1161 0
93980 1162 0
97622 -1162 0
108684 1163 0
97622 -1163 0
100708 1164 0
97622 -1164 0
98482 1165 0
97622 -1165 0
107224 1166 0
97622 -1166 0
97182 1167 0
97622 -1167 0
102486 1168 0
97622 -1168 0
97750 1169 0
97622 -1169 0
96862 1170 0
97622 -1170 0
94562 1171 0
97622 -1171 0
94612 39 0
97622 -39 0
94146 1172 0
97622 -1172 0
94328 1173 0
97622 -1173 0
98134 1174 0
97622 -1174 0
95142 1175 0
97622 -1175 0
97938 1176 0
97622 -1176 0
98310 1177 0
97622 -1177 0
95604 1178 0
97622 -1178 0
96452 1179 0
97622 -1179 0
95582 1180 0
97622 -1180 0
97962 1181 0
97622 -1181 0
82460 40 0
97622 -40 0
101854 1182 0
97622 -1182 0
97914 1183 0
97622 -1183 0
95742 1184 0
97622 -1184 0
100132 1185 0
97622 -1185 0
101240 1186 0
97622 -1186 0
99102 1187 0
97622 -1187 0
98452 1188 0
97622 -1188 0
95710 1189 0
97622 -1189 0
95106 1190 0
97622 -1190 0
108678 41 0
97622 -41 0
102894 1191 0
97622 -1191 0
92364 1192 0
97622 -1192 0
94004 1193 0
97622 -1193 0
90294 1194 0
97622 -1194 0
96202 1195 0
97622 -1195 0
99330 1196 0
97622 -1196 0
96414 1197 0
97622 -1197 0
100818 1198 0
97622 -1198 0
85663 42 0
97622 -42 0
104498 1199 0
97622 -1199 0
96214 1200 0
97622 -1200 0
106120 1201 0
97622 -1201 0
97050 1202 0
97622 -1202 0
96614 1203 0
97622 -1203 0
99206 1204 0
97622 -1204 0
95174 1205 0
97622 -1205 0
97399 43 0
97622 -43 0
94878 1206 0
97622 -1206 0
94398 1207 0
97622 -1207 0
95202 1208 0
97622 -1208 0
100290 1209 0
97622 -1209 0
95886 1210 0
97622 -1210 0
98234 1211 0
97622 -1211 0
102118 44 0
97622 -44 0
98796 1212 0
97622 -1212 0
94866 1213 0
97622 -1213 0
98218 1214 0
97622 -1214 0
97246 1215 0
97622 -1215 0
99594 1216 0
97622 -1216 0
99765 45 0
97622 -45 0
98492 1217 0
97622 -1217 0
99206 1218 0
97622 -1218 0
96014 1219 0
97622 -1219 0
100818 1220 0
97622 -1220 0
93673 46 0
97622 -46 0
95350 1221 0
97622 -1221 0
98422 1222 0
97622 -1222 0
98982 1223 0
97622 -1223 0
93493 47 0
97622 -47 0
98598 1224 0
97622 -1224 0
98030 1225 0
97622 -1225 0
95302 48 0
97622 -48 0
98438 1226 0
97622 -1226 0
91978 49 0
97622 -49 0
