Model: [1, 2, 3, 4, 5, 6, 7, 8, 9, 10, 11, 12, 13, 14, 15], Cost: 0
Model: [-1, 2, 3, 4, 5, -6, -7, -8, -9, 10, 11, 12, 13, 14, 15], Cost: -78777
Model: [1, -2, 3, 4, 5, -6, 7, 8, 9, -10, -11, -12, 13, 14, 15], Cost: -38929
Model: [-1, -2, 3, 4, 5, -6, -7, -8, -9, -10, -11, -12, 13, 14, 15], Cost: -117278
Model: [1, 2, 3, -4, 5, 6, 7, -8, 9, 10, -11, 12, -13, 14, -15], Cost: -28822
Model: [-1, 2, 3, -4, 5, -6, -7, -8, -9, 10, -11, 12, -13, 14, -15], Cost: -93748
Model: [1, 2, -3, 4, 5, 6, -7, 8, 9, -10, 11, 12, -13, -14, 15], Cost: -10244
Model: [-1, 2, -3, 4, 5, -6, -7, -8, -9, -10, 11, 12, -13, -14, 15], Cost: -74016
Model: [1, -2, 3, -4, 5, -6, 7, -8, 9, -10, -11, -12, -13, 14, -15], Cost: -62380
Model: [-1, -2, 3, -4, 5, -6, -7, -8, -9, -10, -11, -12, -13, 14, -15], Cost: -126878
Model: [1, -2, -3, 4, 5, -6, -7, 8, 9, -10, -11, -12, -13, -14, 15], Cost: -43910
Model: [-1, -2, -3, 4, 5, -6, -7, -8, -9, -10, -11, -12, -13, -14, 15], Cost: -107254
Model: [1, 2, -3, -4, 5, 6, -7, -8, 9, -10, -11, 12, -13, -14, -15], Cost: -44022
Model: [-1, 2, -3, -4, 5, -6, -7, -8, -9, -10, -11, 12, -13, -14, -15], Cost: -93943
Model: [1, -2, -3, -4, 5, -6, -7, -8, 9, -10, -11, -12, -13, -14, -15], Cost: -72317
Model: [-1, -2, -3, -4, 5, -6, -7, -8, -9, -10, -11, -12, -13, -14, -15], Cost: -121810
Time taken: 0.0012607000000004476
